# 578 (shape [1, 8, 10, 10]),
-68340,
-39860,
-36375,
510,
-30045,
-30345,
-29745,
-2550,
-49215,
-15810,
-34680,
-51510,
-51255,
-66810,
-16320,
-91035,
-49215,
-46410,
-47430,
-35700,
-23460,
-49725,
-17340,
-51255,
-46920,
-28815,
-35700,
3570,
-36210,
-21930,
-21930,
-29835,
-23715,
-77010,
-36489,
-73440,
-32130,
-71655,
-31365,
-33405,
-24735,
-43860,
2040,
-29655,
-18870,
-62730,
-53295,
-25755,
-32385,
-46920,
-44880,
-28560,
-22440,
-4335,
-58395,
-85680,
-14790,
-34425,
-72675,
-53550,
-44370,
-61200,
-33405,
-18615,
-51765,
-30855,
3570,
-35700,
-22185,
-54570,
-4080,
-47430,
-75735,
-54570,
-67830,
-72165,
-34425,
-27030,
-29070,
-32385,
-37230,
-16830,
-59670,
-21750,
-42840,
-33405,
5865,
-35700,
-44115,
-39525,
-58905,
-35700,
-64260,
-53059,
-34680,
-35190,
-30855,
-29580,
-54570,
-36210,
-41820,
-43897,
-67110,
-71145,
-51165,
-49215,
-50790,
-81345,
-52020,
-40545,
-25245,
-16065,
-62730,
-8670,
-40545,
-33150,
-38505,
-58650,
-25500,
-32895,
-44880,
-26265,
-24735,
18105,
-53325,
6120,
-22950,
-7140,
-765,
6885,
-36720,
-11730,
-24735,
-17340,
-39279,
-43350,
-27540,
-20145,
-19380,
-7140,
-47940,
-58140,
-17850,
-10830,
-48960,
-49725,
-13260,
-7140,
-27540,
15555,
-23460,
-18135,
-16830,
3825,
-12495,
-3570,
1020,
-68850,
-7905,
-16065,
-34935,
17085,
-7140,
-7395,
-12495,
8415,
-16320,
-21165,
17340,
23970,
-37485,
-25500,
-11220,
-18360,
-18360,
-15810,
-15045,
-24480,
13260,
19125,
-14535,
21420,
-6375,
-34290,
-27030,
-7140,
-7395,
-22950,
-31620,
-11475,
-51510,
-32385,
-39525,
-34235,
-13260,
-3315,
-23460,
-17340,
-8925,
-17340,
-510,
3050,
-35235,
-51765,
-46185,
-43860,
-41610,
-45390,
-10200,
13770,
12495,
-1530,
-20910,
-7395,
-8670,
10710,
32130,
26265,
63240,
-11220,
-25245,
63240,
39780,
16065,
7335,
3315,
80070,
55335,
80070,
24990,
-34425,
37485,
47685,
37485,
30846,
44370,
55845,
48705,
70125,
61710,
-29835,
19380,
71400,
44685,
25245,
46920,
55590,
60690,
-2295,
78030,
11220,
-32445,
31875,
61965,
-11475,
66810,
78795,
-2040,
45135,
78795,
23460,
16065,
61710,
67575,
21420,
57120,
5865,
-12750,
76500,
50490,
-42585,
23715,
54060,
53295,
91800,
29835,
3825,
29070,
40800,
75225,
-9435,
42330,
51255,
39075,
38760,
61710,
-17340,
80070,
60435,
47685,
-57375,
14280,
20145,
-49,
45135,
61965,
29580,
46155,
29070,
13260,
105825,
89657,
63180,
74205,
54390,
55590,
58590,
65535,
57375,
66555,
69870,
32640,
16830,
7395,
19635,
5100,
42840,
18870,
62730,
7140,
60945,
37230,
28305,
8160,
9345,
40290,
37995,
39525,
57630,
5355,
83130,
5100,
4590,
46410,
31977,
5865,
19125,
49725,
24225,
23970,
54570,
16320,
23460,
12300,
22440,
49980,
36720,
18615,
10710,
18615,
50235,
39690,
14790,
41310,
10710,
24735,
21165,
23460,
26775,
34935,
103785,
30345,
23970,
56355,
28560,
14280,
9180,
9435,
54570,
37230,
43095,
37230,
37230,
49725,
28815,
18360,
255,
-2805,
5865,
34935,
75990,
35955,
39780,
38310,
15555,
23970,
33660,
37995,
36210,
37485,
60945,
78795,
31110,
37796,
33150,
33660,
35445,
26265,
22185,
8415,
-34425,
-29056,
-705,
34680,
9600,
6375,
5925,
14025,
-1530,
-30345,
-19635,
-2040,
11730,
40035,
29580,
14280,
5355,
36720,
35955,
16065,
25245,
-4845,
-765,
-19380,
29370,
8925,
-33150,
-34425,
-15300,
-7395,
-20655,
-19635,
22695,
-13515,
5595,
-9690,
-29835,
-16575,
6630,
-22950,
2805,
50235,
12495,
-31155,
16320,
-4080,
-5100,
18615,
1530,
-25755,
-30855,
-3780,
-19380,
-28050,
-13515,
-25500,
-27795,
23460,
-47940,
-24480,
-31875,
-21165,
-22950,
-37230,
1275,
510,
-15045,
-1020,
-32385,
-39015,
-1020,
-41055,
-19890,
-59925,
-22950,
-16575,
-7395,
-5865,
-23970,
-43605,
-20145,
-30345,
-5610,
-11265,
-4590,
-22950,
3825,
-33150,
23715,
-37740,
-12750,
-35700,
-25245,
-1820,
-16575,
-26265,
3060,
-3315,
-7395,
-18105,
74460,
69552,
67080,
38505,
78225,
84150,
73200,
28050,
85680,
39780,
-18615,
-11730,
7650,
-15300,
-15300,
-13260,
9945,
-12240,
15810,
-1275,
15555,
-26010,
9435,
-45645,
16020,
-7650,
-25500,
-36975,
24735,
-34170,
20400,
-43350,
15045,
-32895,
-9817,
-33660,
-13770,
-16575,
-15555,
-55080,
-8415,
-2805,
-1530,
-31470,
2805,
-18615,
-6120,
-35190,
-11985,
-56100,
-33150,
-300,
-22440,
-8925,
-32895,
-4845,
-27795,
-5610,
22440,
-39525,
10200,
-39525,
-55080,
-6120,
-48960,
-39780,
-30345,
-39525,
-18615,
-40545,
510,
-18360,
-46920,
-32130,
-45645,
-35190,
-53550,
-28050,
-38250,
-33150,
-12495,
-34170,
-54060,
2955,
-23715,
-55080,
-16830,
-25500,
-21420,
-20400,
7140,
-1020,
-17595,
5927,
-41055,
-56865,
-27540,
-41565,
-82620,
-25500,
28815,
-8884,
-54180,
-46920,
-52305,
-51255,
-50355,
-41055,
-20145,
-59670,
16830,
4080,
-5610,
-5865,
-6120,
-16830,
11475,
-22695,
-1530,
-50235,
-2550,
-17085,
-20655,
-19635,
-22470,
-21420,
-5355,
-25755,
-16065,
-11475,
-23460,
-24990,
-15810,
-34425,
-14009,
-22440,
-11730,
9435,
-7650,
-18615,
-36465,
-14025,
34680,
-11670,
-14790,
-24990,
18870,
5865,
-15810,
-26265,
2550,
-1560,
9690,
-4590,
-5865,
-9945,
9690,
-24990,
18105,
-14790,
14025,
-1785,
-18615,
-8160,
-13260,
-30345,
-43350,
-54060,
12240,
5610,
-32895,
-5865,
-7140,
7395,
-20145,
-13515,
-26775,
-32895,
-27285,
-2040,
-8160,
-29835,
-2040,
-13200,
-5355,
-18615,
-6885,
-5355,
-4845,
11730,
6375,
6630,
1785,
-2756,
-45900,
1530,
-48195,
-20910,
-14535,
-13515,
-24225,
10049,
-30435,
-33660,
-59730,
-62730,
-59505,
-10455,
-43095,
-10200,
-23205,
6630,
35955,
15300,
-21930,
15045,
41565,
-3060,
11475,
-4845,
-65790,
-24735,
2040,
11730,
-15690,
18615,
22695,
37485,
20910,
2805,
-6375,
-7395,
-14025,
7140,
-5759,
-20910,
33405,
6885,
-19125,
-18105,
-41055,
-18360,
49725,
4845,
-64515,
-43095,
12495,
30855,
-19125,
-27285,
-22950,
19755,
15300,
39270,
17085,
-4080,
4845,
-18870,
39525,
-2805,
2550,
11220,
-18105,
4080,
-25755,
-16575,
12240,
10710,
3825,
18360,
-23970,
-24480,
11475,
6885,
-16830,
22185,
15045,
17085,
-2550,
4080,
22695,
-1785,
-18105,
42330,
13260,
-18105,
56610,
22695,
-20655,
9435,
-1275,
-2805,
20910,
25422,
-22440,
-11220,
-44370,
-40035,
6375,
2805,
