# 827 (shape [1, 16, 5, 5]),
65405,
49215,
19795,
-42857,
-8465,
84950,
73495,
107100,
44370,
14535,
39660,
22440,
37485,
16065,
54367,
56745,
25745,
16346,
31620,
-23797,
3139,
19015,
41143,
28973,
74020,
-63115,
-58905,
-81261,
-101554,
-38058,
-72200,
-165396,
-150195,
-152490,
-125460,
-128723,
-184875,
-108885,
-129540,
-47268,
-74165,
-85320,
-79794,
-120105,
-120802,
-67878,
-86644,
-111702,
-33251,
-93289,
8945,
-14025,
22720,
-24837,
25799,
-64450,
-44469,
18105,
4845,
19125,
-37585,
-765,
2040,
-29325,
8828,
-6175,
-15280,
9822,
46920,
30900,
-16100,
-20162,
-32208,
-10523,
-24712,
-54890,
-52530,
-41959,
-130969,
-63032,
-141950,
-114304,
-125970,
-72930,
-87210,
-114330,
-102765,
-112455,
-133875,
-136741,
-55280,
-112172,
-111748,
765,
-98110,
-88520,
-83562,
-72415,
-64403,
-30887,
-26325,
-90270,
-42191,
-73340,
-60373,
-59640,
-35262,
-7140,
-12240,
15810,
-34096,
8160,
15810,
-32895,
-18172,
-16005,
-31668,
-37239,
-43350,
8054,
-1969,
-17026,
-20180,
-21747,
-9851,
-81020,
-41565,
-40318,
-38196,
-39993,
2135,
60326,
-14790,
15045,
18360,
43165,
27795,
55335,
41310,
-341,
22410,
66901,
-6977,
12240,
-2565,
-2994,
28819,
24827,
42985,
35419,
20340,
52275,
10513,
60619,
75120,
-83840,
-51269,
-70125,
-49725,
36210,
-16367,
-30345,
-17340,
81090,
83004,
-23120,
23585,
23398,
-12750,
25253,
343,
-5482,
33749,
51602,
55908,
-51085,
-17595,
-4929,
-311,
-41665,
-37760,
-55065,
-22695,
-43605,
-35700,
-60631,
-43350,
-59925,
-71655,
-38914,
-106100,
409,
-54873,
-93840,
-38449,
-93576,
-20829,
-52820,
-50764,
-48119,
98550,
56355,
67808,
56935,
82383,
11715,
46817,
52785,
28815,
52275,
33936,
92310,
46155,
28050,
24623,
40490,
87811,
41816,
17850,
55908,
49575,
24059,
31426,
42075,
50294,
17655,
-32130,
-57637,
-33934,
-16618,
28625,
30394,
24225,
28305,
86190,
64387,
81345,
36210,
19125,
58038,
15065,
82451,
37745,
16065,
49121,
4019,
80605,
69030,
33843,
84335,
29835,
13260,
11904,
33084,
-20921,
20585,
68797,
20655,
-24225,
-21165,
-43322,
-61710,
30345,
46920,
28565,
-58145,
-53357,
-8152,
20400,
-30127,
-72169,
-32882,
-15392,
-27516,
-49487,
31760,
107355,
56229,
35860,
76790,
45140,
26224,
7395,
15300,
28050,
72111,
97155,
17595,
72420,
76076,
85275,
58271,
52368,
58395,
33328,
56526,
57322,
-22510,
7448,
29412,
12500,
-72165,
38163,
-11986,
4442,
-15980,
-12663,
37230,
55590,
30855,
99572,
46155,
98175,
16830,
-39998,
110365,
51525,
14369,
21420,
-54074,
66265,
68228,
104778,
61445,
84738,
121540,
119595,
88871,
131986,
87825,
60005,
102401,
86700,
144075,
113985,
34886,
32130,
101745,
65535,
26019,
47710,
82139,
95528,
68595,
106052,
66546,
91228,
121072,
150278,
94778,
-61790,
-19380,
-62034,
-132672,
-107962,
11600,
8153,
-24990,
-19890,
-50490,
89517,
765,
-20400,
-69105,
-88167,
9095,
-51881,
-51861,
-28305,
-59126,
-2681,
3591,
-34055,
-15689,
-32264,
-1075,
88740,
59027,
81133,
42465,
37895,
29311,
31110,
35700,
-33150,
-13743,
26775,
-3060,
81090,
47974,
31540,
3560,
20703,
61710,
5532,
-56404,
-25807,
-73040,
-78559,
-46537,
