# 664 (shape [1, 8, 10, 10]),
-3816,
-43430,
-81002,
-27585,
-58237,
-46150,
-38330,
12238,
-75225,
108120,
-105124,
-161629,
-151319,
-177046,
-159313,
-228131,
-160962,
-150963,
-152499,
-74792,
-16575,
-54930,
-41097,
-57120,
-135948,
-63460,
-62927,
36348,
4195,
-51895,
-11776,
-20927,
-9846,
-68147,
-29711,
-51290,
-48662,
-6661,
21807,
69305,
-95517,
-96390,
3141,
15691,
51975,
-78752,
-41166,
37157,
-7787,
-9690,
-38620,
-67575,
20658,
97533,
31681,
-120049,
68214,
-31947,
-195527,
-17738,
-6832,
-141616,
-57572,
1333,
-108062,
-40997,
30444,
2930,
-111873,
-41565,
67679,
-88317,
-67017,
-31897,
-19218,
-62456,
-19963,
-123930,
-132227,
-9534,
-124182,
-80860,
-117,
39761,
-29027,
-34349,
-20570,
-85617,
-16144,
15540,
-52298,
-18957,
-63570,
-36739,
-38169,
9514,
-21052,
-30855,
86955,
21326,
-56208,
-70927,
-176649,
-106955,
-97519,
-123070,
-152439,
-97809,
-145605,
-152745,
-92098,
-104400,
-133816,
-86868,
-110294,
-88622,
-110716,
-115053,
-66267,
-55164,
-110925,
-68375,
-155197,
-70125,
-166455,
-77281,
-94093,
-48735,
-153913,
-42053,
-87710,
-30304,
-60982,
-26782,
-28190,
-57339,
-89023,
-17893,
-90694,
-389,
-187481,
-117810,
-74669,
-3962,
6608,
-121527,
-62088,
6136,
-70573,
-42330,
-40770,
-111465,
-197258,
51227,
-34209,
-11336,
-30500,
-70386,
-66808,
23357,
-74365,
-74544,
-143818,
-68593,
-14023,
-3058,
-48926,
-45506,
-93215,
44115,
-139891,
-125451,
-35649,
-55741,
-80219,
-72036,
-37785,
-139995,
-84343,
7470,
-84701,
-3130,
7248,
-86162,
-48688,
-57186,
6355,
-95955,
-93369,
-57524,
-116093,
-117148,
-52845,
-90080,
-36928,
29715,
43983,
-43350,
19380,
-11986,
-156899,
-72685,
-220810,
-111072,
-165919,
-137150,
-190209,
-135085,
-151215,
46920,
-93322,
-75291,
-69486,
-114114,
-62220,
-83385,
-88755,
-34653,
-68939,
-32823,
-182835,
-13686,
-82957,
-37995,
-72503,
-94256,
29321,
8906,
60018,
-2159,
-175218,
-25068,
-25850,
6588,
-29264,
-50127,
-11749,
64813,
-71772,
174155,
-119237,
-72930,
-10209,
-37868,
85453,
32604,
-17411,
13462,
-32464,
143055,
-37031,
-144135,
-84227,
22589,
8094,
-46908,
2366,
-58761,
-126994,
72840,
-25115,
-50948,
33401,
106331,
-85939,
-33919,
-24817,
-47660,
-76903,
100470,
-5209,
23305,
-9252,
45620,
56752,
-47704,
-48377,
-76245,
-107944,
76313,
-89312,
-87715,
40768,
44934,
-3873,
-32489,
-54155,
41943,
13268,
71623,
-128840,
-163,
36090,
38201,
42171,
89608,
-61053,
21165,
92055,
63757,
73097,
131732,
82790,
30092,
71131,
64640,
56093,
57350,
58905,
45390,
-27889,
2991,
-94643,
-6007,
-25856,
-87645,
-59363,
-63567,
-26775,
-37768,
-11985,
14382,
-61629,
-37230,
-57407,
35492,
-1811,
-139526,
-7393,
-63594,
-42137,
-69943,
-106424,
-34422,
2613,
-50501,
-28496,
-12505,
-104933,
-36786,
-41132,
-51510,
-38321,
-28766,
-23091,
-49695,
-6686,
12572,
-40811,
-63750,
-51412,
-98010,
-19513,
-13611,
11657,
-18818,
-34543,
-24497,
-76271,
22871,
43669,
-30756,
-93356,
64234,
7879,
-132881,
-32740,
-134351,
10558,
79050,
-25588,
-2623,
23086,
58796,
54456,
-69812,
-71343,
-70380,
-117311,
44449,
-56657,
47662,
35207,
49435,
33068,
9902,
-29650,
-87348,
-9479,
-4534,
10184,
18404,
12135,
-25699,
20134,
-43601,
-28208,
-43095,
23205,
-68562,
-39096,
-15796,
3130,
86654,
27422,
19770,
8370,
-24980,
-22440,
25755,
-103791,
93740,
144465,
107206,
120154,
93306,
215367,
227964,
220794,
126440,
85425,
118395,
58629,
64515,
102856,
141000,
55214,
-10374,
87090,
161900,
-214,
103720,
101338,
107231,
91692,
62130,
51629,
-31020,
120150,
103955,
3870,
134895,
107136,
94777,
127865,
9435,
115758,
21728,
100529,
123420,
81903,
46965,
82531,
2107,
49124,
11509,
56927,
82152,
19259,
88477,
-28655,
-44968,
145229,
45779,
25889,
103919,
137256,
90842,
78915,
72675,
87203,
97739,
124729,
15852,
76627,
135764,
99146,
113985,
60239,
57245,
-64740,
-15444,
78704,
18232,
126391,
711,
-9300,
-47267,
148910,
35566,
8683,
118556,
67710,
130270,
136382,
35178,
32679,
100980,
37740,
437,
202225,
247542,
265547,
213217,
254362,
223710,
252406,
188777,
249645,
136425,
75971,
154500,
192828,
191296,
194617,
138028,
117482,
115284,
138133,
133255,
41055,
136189,
171696,
104805,
152461,
119849,
44921,
79886,
172917,
31627,
119575,
58795,
47943,
30721,
83819,
50719,
44276,
114711,
53514,
-74801,
123171,
132600,
35426,
11032,
92586,
53915,
66653,
54962,
31181,
-29325,
112310,
144285,
87599,
76295,
23417,
181133,
74578,
-24925,
129326,
-9043,
45426,
116667,
82151,
78836,
14831,
115811,
44333,
64593,
170559,
18105,
41371,
114515,
21285,
76216,
4437,
71399,
-5604,
90780,
113801,
38871,
63666,
182458,
113338,
96239,
-6889,
24686,
64690,
51250,
-4466,
61524,
175776,
172870,
158250,
127562,
67765,
67607,
111739,
146625,
6885,
64692,
56562,
27836,
-22976,
-51733,
8618,
-11465,
-49526,
13609,
-29325,
-32130,
41830,
39475,
-31067,
-9446,
11101,
-3534,
7510,
36076,
-12867,
-20,
28560,
26432,
-51780,
-29835,
-87433,
-67671,
-65552,
-113026,
-91290,
-36657,
-11919,
-36145,
-101471,
-144387,
-110174,
-96547,
-99362,
-50680,
-135978,
-77016,
-84705,
-68850,
12179,
-52198,
-101264,
-126290,
-63823,
-19198,
-83267,
-37740,
16096,
19860,
-18500,
-41545,
-37232,
39859,
-67903,
-38662,
-96152,
-3011,
60212,
-48896,
-17867,
-92072,
-40052,
-167297,
-40371,
-45109,
-28096,
-41565,
-31462,
-9000,
-39026,
-29640,
9831,
-23304,
-10201,
32385,
-18752,
-25826,
-68070,
-28020,
-22952,
-91206,
-56035,
-92545,
-46950,
-119094,
-62041,
-1323,
-43054,
44475,
29010,
-57836,
-97474,
-64072,
-84405,
-36975,
-4590,
-7518,
-235234,
-179671,
-205503,
-201631,
-306358,
-319825,
-255451,
-266613,
-292485,
-209355,
-62854,
-53204,
-1133,
-24503,
-47235,
-28586,
36589,
5970,
-67274,
-78584,
-17595,
-64107,
-97447,
-128010,
955,
4690,
-67088,
-30326,
-57328,
-73807,
-93963,
-69179,
-64160,
28047,
71279,
-115937,
-55298,
-15252,
-66078,
-23792,
-146456,
-66045,
-68809,
-112252,
-13582,
10152,
-38822,
11962,
-773,
8670,
-88424,
-29460,
-59668,
-2624,
-29749,
-96562,
-27392,
-50282,
37972,
-365,
-93185,
-98358,
-72188,
54547,
-33428,
-84683,
-112009,
-63396,
-67539,
29070,
-4021,
-77310,
-52692,
-33227,
-61419,
101952,
9555,
-34680,
-186923,
-51371,
-55481,
-140955,
-110323,
4462,
-67851,
-87888,
-43965,
21921,
-105064,
-790,
14454,
12802,
-2295,
54237,
19470,
73109,
-8237,
-76245,
-11475,
-3306,
