# 608 (shape [1, 8, 10, 10]),
-46410,
-40880,
-70800,
-3975,
-22140,
-10710,
-39450,
48195,
-20910,
56100,
-43798,
-83582,
-129795,
-136142,
-129733,
-172577,
-153822,
-126184,
-127952,
-63767,
-36975,
-104309,
-10455,
-58395,
-101385,
-107539,
-91232,
41008,
-42077,
-81420,
2550,
-88247,
-15415,
-108182,
-65246,
-97097,
-77222,
-62601,
-43034,
-24819,
-80217,
-115260,
-74277,
-63315,
-18812,
-115982,
-73607,
-37743,
-73577,
-95115,
-102655,
-64005,
-24977,
-8037,
-77204,
-114947,
6759,
-56807,
-180737,
-80903,
-14895,
-128969,
-115712,
-65732,
-99647,
-95312,
-6212,
-38902,
-74644,
-89250,
40800,
-119552,
-105842,
-84347,
-59102,
-135915,
-66570,
-105060,
-92702,
-42226,
-61962,
-55205,
-79247,
-7667,
-77477,
-78345,
-11985,
-82635,
-27227,
-60195,
-87780,
-72930,
-105900,
-91819,
-106536,
-58650,
-53303,
-68340,
-10200,
-21165,
-35190,
-53842,
-134940,
-74145,
-70800,
-77265,
-124124,
-115260,
-58395,
-70890,
-61334,
-32383,
-113220,
-50717,
-93209,
3572,
-6931,
-45347,
-25498,
13046,
-70635,
-40478,
-26265,
-255,
-89550,
4229,
-44368,
-10438,
-64258,
44925,
-40545,
-57079,
26727,
-2812,
-45397,
-30853,
-68623,
-34293,
-3099,
35584,
-81911,
-68595,
-57476,
-12615,
-15298,
-112092,
-65383,
35146,
-42778,
12240,
-31909,
-54600,
-107463,
39497,
-9219,
-18613,
17185,
-47938,
31877,
29785,
-27690,
7101,
-45643,
-36718,
8417,
15302,
-2743,
-39775,
-41416,
45390,
-90270,
-100453,
-10918,
-32638,
-11473,
-46920,
-3209,
-57630,
-9883,
19855,
-6161,
2490,
32642,
-63613,
-14518,
-30540,
9690,
-58770,
-12493,
-21569,
-90780,
-67575,
-44940,
-26585,
-18868,
-9690,
-3702,
-79560,
-43095,
-56865,
-100470,
-76000,
-178035,
-110700,
-146400,
-157335,
-150527,
-131325,
-126735,
-30600,
-63240,
-103024,
-82110,
-110928,
-83130,
-95629,
-105840,
-45217,
-62734,
-98508,
-69870,
979,
8670,
-29580,
-9075,
-85479,
2546,
-35269,
37511,
-55335,
-99960,
-64083,
15544,
14748,
-27298,
-62224,
-25009,
43087,
-43161,
106641,
-67217,
-101745,
-8342,
-31050,
28811,
-21456,
-8014,
5522,
-41899,
63240,
-24178,
-93900,
-57935,
-34786,
-33216,
6371,
-1714,
-33154,
-59419,
37329,
-8700,
-67896,
17336,
67061,
-45904,
-27799,
-26809,
-30683,
-42129,
44625,
-14025,
-26313,
-2809,
10196,
92561,
-42330,
-65057,
-59670,
-29659,
73181,
-69422,
-63333,
10961,
39581,
1737,
-25485,
-58395,
33945,
34421,
51988,
-84120,
5355,
-35055,
-37279,
-8233,
56355,
-30230,
3060,
65790,
26520,
82620,
96797,
74655,
60570,
71730,
48195,
32126,
33405,
55080,
31365,
36364,
-8696,
-61455,
-5969,
-16421,
-85961,
-68033,
-49824,
5074,
-15118,
18870,
-50712,
-35955,
-101745,
-40920,
1344,
-39041,
-118196,
13429,
-114060,
52530,
-97228,
-97332,
-105312,
-20579,
-91316,
-78221,
-29777,
-125278,
-100556,
-22772,
-126735,
-117452,
-119790,
-111716,
-139710,
-98261,
-69933,
-95891,
-110160,
-26172,
-97245,
-138115,
-95466,
-84223,
-81116,
-112573,
-112226,
-112991,
-54650,
67995,
-39853,
-131606,
10429,
-33941,
-129566,
-107756,
-113729,
1344,
-18360,
-1785,
-20737,
-50336,
-15581,
-65561,
-141525,
-146059,
-104805,
-72176,
-49062,
44833,
23185,
-54341,
-20366,
-52612,
-84885,
-58140,
-59670,
-74996,
-52984,
-5925,
-13770,
-88335,
-34369,
-34540,
-80580,
-39858,
-70635,
-77520,
-79560,
-96390,
-73936,
-76695,
2340,
-59760,
-63750,
-66374,
-62730,
-77010,
-104040,
-150401,
-46531,
-19380,
-1049,
2854,
-886,
4227,
84219,
19259,
9115,
-61710,
-32317,
-49980,
-43860,
-29520,
-38799,
-74581,
-89221,
-63136,
36480,
-100980,
-32450,
-40022,
5741,
-46036,
-68461,
-82501,
-56152,
-52366,
-17662,
-96600,
9690,
-51345,
-39315,
-6241,
-53040,
-22576,
-68212,
-45586,
-25245,
-75748,
-53250,
-81008,
-72608,
-69706,
-68716,
-96073,
-45256,
-82996,
-9182,
-120600,
-113821,
-6241,
-77131,
-53926,
-14146,
-37051,
-46739,
-61494,
-4590,
-71145,
-74039,
-9541,
-113341,
-80191,
-42330,
-60569,
-16320,
-43291,
-46786,
-133590,
-87893,
-33271,
-88141,
-41654,
-78360,
-77520,
-90000,
-4201,
-74084,
-86475,
-68340,
-46020,
-73985,
-14809,
-57375,
-58354,
-41310,
-46410,
-103530,
102765,
104487,
121905,
59250,
135090,
127755,
121209,
60435,
160650,
17850,
16882,
57416,
97920,
52273,
76807,
31151,
37412,
18036,
66851,
655,
18870,
51182,
52785,
-6120,
38550,
23333,
-3274,
-33394,
56966,
-33705,
22950,
-45245,
-25614,
-5744,
11389,
-15004,
-9529,
52871,
-34213,
-59061,
41316,
31620,
-12939,
-7755,
-18574,
-15190,
34046,
-23358,
-46594,
-49725,
37511,
12450,
342,
8465,
-29878,
68381,
11083,
-41524,
31916,
18861,
26100,
-26563,
-13219,
-17299,
-45859,
-10924,
-41689,
-23635,
18998,
-37230,
-4080,
10961,
3056,
-35404,
-42799,
27795,
-52716,
38760,
-7069,
-7970,
-2889,
54066,
-5059,
16766,
-52534,
7470,
16065,
-40695,
-26224,
14604,
50550,
56100,
39930,
34232,
-12320,
-24225,
-19901,
59160,
-51000,
16575,
51000,
3101,
-29700,
-50580,
-28335,
-36720,
-57543,
27030,
9180,
-41310,
-6749,
-13022,
20145,
-26064,
-30719,
-15827,
-11615,
-22137,
-29852,
-75415,
-7140,
-24482,
-20145,
-28050,
-78885,
-45009,
-20162,
-82217,
-33527,
-51930,
-14790,
-49150,
-101868,
-96447,
-89761,
-42602,
-58562,
23283,
-100982,
-65277,
-34980,
-72165,
30300,
-43035,
-54587,
-38825,
-33662,
5342,
-43997,
-33915,
44945,
-36240,
-1897,
-32875,
21673,
1513,
-53623,
-28322,
-47702,
-7290,
62280,
-22442,
24208,
-47192,
-44132,
-80342,
-51617,
-28139,
-25629,
-66555,
-19125,
-22885,
7978,
9418,
35683,
11220,
-23763,
21420,
-53942,
-30917,
-24720,
-52102,
20893,
-45347,
-36400,
-41145,
-54570,
-57165,
-69887,
21117,
-37335,
25755,
24165,
19429,
-96518,
3825,
-64080,
-20145,
19890,
-15045,
-96390,
-28456,
-65115,
-4890,
-83445,
-110925,
-59020,
-82620,
-122655,
-19125,
26970,
44857,
73440,
69705,
39975,
25987,
79684,
26168,
3547,
25681,
-10455,
32713,
-7140,
11985,
38685,
40630,
-3848,
27967,
39052,
33015,
18105,
42001,
32787,
93072,
100808,
-21188,
60727,
90292,
34766,
60816,
-27371,
13515,
51109,
10200,
21907,
-7443,
49237,
66977,
17587,
25755,
-62568,
44235,
45498,
58321,
-9604,
24712,
44008,
4057,
110902,
19938,
-28020,
6716,
16297,
99937,
13237,
-533,
19057,
65710,
19975,
121125,
9180,
-33936,
25342,
6352,
-39038,
121125,
55820,
36720,
-36728,
37554,
45754,
-36324,
-8438,
62962,
7884,
38460,
77010,
77895,
-8183,
61430,
25050,
3570,
69360,
62652,
6163,
86190,
-560,
1020,
91290,
55590,
