# 802 (shape [1, 16, 5, 5]),
77099,
56452,
54108,
5801,
-35615,
-50361,
-63881,
-11410,
-59106,
-54155,
-54203,
70125,
34496,
13600,
-33725,
-59465,
32130,
-3908,
21675,
-47175,
-148,
-34393,
-17850,
-11016,
37388,
65651,
-10528,
24696,
29182,
14790,
58569,
778,
49297,
43955,
41979,
8233,
-90525,
23341,
64855,
66614,
59167,
-5695,
37841,
101745,
64260,
-23707,
88101,
66555,
109638,
54920,
223552,
214069,
217905,
192315,
150705,
77259,
80397,
58650,
105626,
97665,
14131,
-2040,
-72094,
-41820,
-17466,
25532,
-11475,
-27623,
-255,
3060,
63186,
29924,
17850,
26658,
14076,
-32852,
61305,
91698,
54703,
14535,
1514,
13430,
7057,
-7752,
33166,
39259,
77265,
35934,
61455,
-34677,
4834,
79900,
75117,
-40545,
-27795,
-6664,
-70923,
7140,
82587,
-17089,
89189,
-14112,
5241,
21237,
11730,
58316,
39974,
-27510,
-21973,
-14838,
20524,
18360,
27322,
7395,
22306,
20221,
10030,
56499,
83385,
38250,
-37699,
-46234,
3825,
-73671,
-62512,
-57285,
-76807,
-47658,
-61809,
-40715,
-33346,
-32194,
-64337,
-36147,
-16542,
-38909,
70125,
33532,
32725,
9309,
-109855,
17425,
-14556,
-20655,
-5355,
-30939,
44225,
81090,
58281,
-46794,
217282,
179032,
269115,
266170,
194650,
118912,
121508,
154907,
193438,
182082,
171460,
113220,
159592,
114580,
186534,
161498,
186065,
201076,
46665,
175440,
148773,
86478,
59925,
100101,
125748,
-115152,
-82739,
-54555,
-75688,
10965,
1323,
-1998,
23620,
3644,
8746,
104753,
36720,
-21555,
127245,
64181,
79072,
11050,
-17986,
-18360,
39015,
30879,
11317,
765,
-45909,
-34782,
-104431,
-101292,
-54249,
-35690,
-65705,
-4057,
22079,
97360,
61768,
123818,
56494,
47175,
-9563,
59755,
89727,
-3146,
4080,
-25786,
-17850,
-14535,
-25714,
3534,
-24480,
17925,
-1420,
89968,
23313,
14583,
11431,
30090,
118974,
127697,
108931,
148721,
-13354,
116577,
92055,
150505,
132685,
31271,
136202,
-11220,
65463,
161160,
23715,
115637,
96918,
87210,
140676,
6425,
34960,
41470,
-45207,
-25094,
-55335,
114361,
63438,
-65234,
-44026,
64803,
117842,
22440,
51112,
28475,
61359,
149803,
50745,
48332,
54825,
108885,
58041,
-31344,
-11730,
13512,
75201,
29371,
93286,
27639,
-51581,
10710,
-35253,
-61531,
-54712,
-24911,
-102637,
41260,
-2805,
-33327,
-5950,
22281,
19686,
-30600,
26301,
-42840,
-33405,
34267,
-47272,
18870,
-22311,
49450,
-36580,
60335,
36000,
47656,
23800,
-11347,
33366,
41322,
11807,
62712,
-24745,
5100,
50021,
6715,
-49758,
-29849,
6545,
21251,
21420,
-35700,
-28284,
-46315,
-43350,
8547,
-60948,
62797,
47903,
67863,
-17632,
56100,
-145058,
-106639,
-187316,
-190613,
-159729,
-169067,
-119085,
-133798,
-91545,
-79255,
-105305,
-85170,
-13293,
-86700,
-155805,
-98470,
-143242,
-37740,
-141741,
-85603,
-35414,
11660,
1014,
63860,
19125,
-26123,
82709,
7347,
29116,
-1515,
113509,
109905,
103215,
87720,
167396,
65783,
127075,
67367,
70890,
46155,
69960,
116201,
34170,
127161,
107619,
61419,
63453,
-56028,
-62849,
-18530,
37821,
27757,
-52466,
-79548,
-27015,
41498,
-42330,
-108409,
-90440,
20874,
51201,
-87295,
-86448,
-36210,
-40800,
-25732,
-166100,
-67065,
-124500,
-40669,
