# 719 (shape [1, 16, 10, 10]),
32197,
44825,
50435,
9427,
18585,
-44170,
62955,
63151,
17085,
4404,
-18477,
12495,
39640,
-2550,
11517,
1530,
51615,
28815,
43455,
3145,
-20725,
13822,
66034,
-13413,
52150,
54072,
39270,
12388,
22811,
-10117,
16419,
22251,
45390,
-10710,
55080,
43350,
28305,
23442,
57120,
-17409,
-22695,
13534,
47175,
43912,
76911,
32659,
46155,
1873,
47899,
24346,
18183,
14967,
10710,
-21855,
46986,
2295,
20400,
24283,
41810,
630,
2433,
6406,
59415,
-39015,
42928,
661,
80960,
84915,
9363,
-10222,
8063,
1957,
-17085,
46410,
-37230,
-1915,
28815,
12489,
3148,
-10642,
18380,
48658,
15986,
62065,
20655,
44677,
86445,
46939,
756,
-39433,
4681,
-42146,
-50496,
-38483,
-28061,
-10809,
-3295,
-32416,
-45337,
-67830,
119507,
66765,
87930,
115466,
72569,
73395,
48854,
79539,
100470,
89567,
-24349,
-2295,
28651,
39015,
39977,
84915,
47721,
42840,
77556,
70732,
96663,
5371,
18757,
76707,
36056,
106764,
75735,
86145,
47848,
53862,
22898,
63080,
-4335,
27540,
45390,
58395,
69615,
14814,
109650,
40353,
-6120,
75679,
14025,
90238,
-19321,
-7451,
-7140,
51925,
129086,
-45001,
-21589,
83755,
8160,
90318,
74379,
50490,
60180,
62850,
55695,
-76350,
5996,
75896,
-21930,
88740,
29690,
53632,
54825,
53805,
109614,
-27127,
8426,
29003,
37485,
75480,
72930,
1621,
5100,
29640,
95275,
87874,
-530,
48493,
39878,
85710,
28560,
49948,
35955,
75354,
45256,
49186,
-31580,
8850,
38765,
60958,
-64975,
-42707,
66465,
12874,
40479,
-45390,
-142011,
-76745,
-81590,
-89181,
-100690,
-127490,
-82330,
-54225,
-84150,
-73700,
-37072,
10965,
-27870,
-38760,
-75609,
-30600,
-79155,
-68850,
-57225,
-110591,
-129465,
-69841,
-38338,
-96534,
-101870,
-76926,
-76245,
17287,
22952,
-47676,
-43876,
56,
10200,
-55335,
-21930,
-83640,
-86955,
-7212,
41310,
3899,
-100215,
-22360,
-20145,
5998,
78131,
-35875,
6630,
-26170,
235,
23279,
-81918,
-49230,
-18615,
4021,
12073,
-35190,
-43860,
-57713,
-37570,
66109,
-10552,
-94765,
-21165,
-24990,
-61691,
-68011,
29800,
-3060,
-40428,
23451,
-9078,
-30740,
-58395,
-6375,
-86190,
-12727,
25245,
22930,
-89920,
-33110,
21060,
6812,
-39827,
6400,
-7140,
-35822,
6630,
28234,
5427,
-62230,
-21343,
263,
-114437,
-2713,
6533,
55772,
37468,
-741,
-33668,
-37230,
69946,
106570,
102490,
115637,
109019,
122125,
110294,
98566,
89760,
61186,
164971,
146370,
215482,
186150,
172861,
148665,
201074,
130305,
136049,
122258,
213532,
178997,
92584,
120985,
68896,
93202,
63240,
59778,
31018,
112372,
164428,
196020,
138720,
142035,
113730,
74970,
148920,
56174,
56610,
118182,
197880,
122759,
100215,
120172,
5764,
125054,
103275,
64599,
40488,
86202,
185198,
183477,
95370,
75077,
38924,
24225,
133365,
120850,
110185,
10873,
142021,
147847,
142545,
110925,
69042,
153056,
150060,
60180,
127371,
16883,
171502,
103029,
183345,
39270,
99195,
112127,
161160,
126337,
115599,
95543,
122250,
121577,
159832,
62975,
110925,
28372,
32895,
-20746,
87980,
142037,
102316,
132547,
174527,
106184,
98740,
114655,
85357,
10455,
77397,
72420,
43758,
141020,
74720,
110305,
139341,
84920,
117156,
97852,
90525,
115515,
-6113,
129795,
49609,
45900,
142285,
90015,
148290,
128010,
100095,
135079,
90604,
163304,
217823,
142669,
217954,
96417,
88485,
155586,
180930,
192739,
82516,
122255,
233070,
229500,
199665,
150450,
107865,
100286,
159630,
171101,
68595,
135687,
180030,
166128,
135556,
124977,
179265,
203630,
140083,
180093,
55366,
86114,
130050,
142142,
156434,
113730,
131580,
138251,
59850,
157611,
109147,
119174,
164730,
132345,
150819,
113679,
134630,
115005,
89779,
150323,
122265,
94354,
92055,
133620,
169830,
189469,
144840,
158695,
105965,
141373,
-6625,
86909,
75054,
129865,
166260,
182958,
72165,
111716,
108748,
189372,
30023,
73010,
89555,
116271,
115694,
130298,
36952,
45812,
55012,
76500,
-727,
7795,
24880,
33305,
9659,
-4955,
-8956,
7959,
58395,
44537,
23823,
11985,
32541,
-1020,
35193,
25245,
9905,
16065,
57080,
32218,
33482,
-16475,
40536,
30176,
26941,
-5869,
26010,
-29099,
31674,
71754,
14424,
77816,
84660,
34170,
72930,
90780,
46920,
27494,
86190,
77794,
45135,
83978,
122655,
57201,
89156,
78623,
86700,
69421,
144759,
72099,
19089,
80562,
53805,
4094,
70466,
69360,
28305,
35626,
129075,
72851,
26883,
85680,
97410,
55845,
70462,
74383,
42440,
43350,
93261,
27465,
19764,
7287,
85170,
83130,
71400,
73647,
40545,
62808,
78346,
50387,
52895,
45331,
36519,
18905,
76500,
-174,
43860,
114289,
119834,
64848,
13364,
-14318,
1902,
64604,
115750,
55748,
47831,
130675,
89897,
89505,
183502,
207360,
134940,
165305,
149297,
147945,
164852,
159862,
165495,
149363,
169767,
142035,
135982,
165495,
145685,
146625,
147174,
179520,
176244,
144968,
203215,
179187,
212974,
208141,
207338,
175862,
183600,
165918,
177047,
223629,
216156,
161237,
209865,
192270,
257040,
248625,
171360,
204084,
199665,
230471,
211905,
222758,
239190,
220788,
220630,
207458,
239445,
212316,
254091,
196617,
196919,
231812,
226695,
220631,
230761,
265200,
212160,
211446,
223550,
230925,
195522,
249697,
187935,
218535,
249433,
208051,
243875,
194820,
264681,
216245,
195824,
229053,
166005,
222615,
212160,
127787,
260100,
202788,
188601,
148603,
167940,
154566,
151922,
147165,
210885,
172848,
243015,
154508,
244946,
207122,
177576,
237285,
142140,
212632,
179256,
116623,
205719,
186965,
230060,
200175,
-168401,
-155055,
-203250,
-168885,
-167529,
-235380,
-236379,
-222132,
-124440,
-143031,
-142979,
-109905,
-145267,
-146880,
-143030,
-126480,
-111585,
-138975,
-92205,
-71243,
-145487,
-165147,
-146066,
-166410,
-152136,
-97129,
-108375,
-113186,
-80571,
-36005,
-164912,
-87802,
-58650,
-63240,
-100215,
-86700,
-67065,
-105392,
-50235,
-40633,
-103785,
-31998,
-65280,
-18128,
-101665,
-138078,
-81855,
-59367,
-15887,
-66831,
-130325,
14931,
-94605,
-86639,
-60799,
-28815,
-96390,
-41004,
-35500,
-25235,
-97844,
-55773,
-37995,
-15045,
-70471,
-132521,
-96260,
-117300,
22547,
-21915,
-82788,
-56741,
-72165,
-70125,
-27795,
-86031,
-18870,
-29346,
-23922,
-81887,
-57120,
-14067,
-59971,
-149590,
-49470,
-150218,
-3315,
-25164,
9538,
3906,
-36308,
-38892,
-17812,
35456,
-42330,
-61250,
1420,
45383,
59281,
72675,
-81178,
-76315,
-41380,
-65359,
-73632,
-59740,
-42777,
-18536,
-31110,
-107834,
-127787,
-28815,
-46730,
-102510,
-40384,
-53550,
12157,
54060,
-8753,
3374,
-78240,
5748,
-3115,
38744,
38197,
-15815,
2040,
36283,
97735,
103316,
-84476,
40558,
-3315,
31110,
28560,
54315,
7140,
22487,
18105,
51212,
-123930,
-27205,
12495,
6140,
69695,
33740,
11475,
45372,
3769,
53146,
-92050,
-16289,
24480,
5657,
57466,
-11730,
-11730,
-14602,
-960,
72697,
-44912,
-7336,
-1275,
62730,
53294,
50865,
-23730,
-20400,
-28436,
56764,
-64076,
2362,
-98175,
66555,
45135,
70401,
-48705,
63676,
12732,
62123,
-61260,
-55116,
-78296,
76880,
30855,
33170,
-11220,
57323,
26813,
56907,
4872,
-46831,
-34781,
20939,
17685,
-32941,
-25915,
-22926,
-26367,
43860,
14707,
16620,
38550,
3109,
20075,
25035,
36395,
45587,
16575,
85313,
10362,
67575,
94627,
106590,
143252,
91290,
64939,
105825,
106759,
129875,
8300,
88198,
116559,
95277,
151790,
29633,
40290,
27267,
95912,
111909,
3021,
88504,
108630,
124950,
65280,
92310,
103530,
67430,
68850,
32494,
11985,
64758,
68850,
67485,
37350,
75468,
65280,
77644,
118884,
126633,
9023,
60879,
66045,
114493,
107660,
2295,
75735,
90880,
63830,
94573,
11637,
52061,
110160,
95880,
121532,
100851,
73600,
77520,
69446,
148688,
-24889,
5937,
47685,
129030,
75990,
121182,
64770,
83537,
122779,
117269,
-20590,
-31175,
37839,
119940,
68595,
48105,
-19635,
88162,
80321,
83938,
-40613,
-24855,
15625,
-13558,
-26093,
-62302,
-31156,
-12469,
-42094,
-18105,
53078,
17350,
32650,
-10276,
-13871,
-7640,
-31976,
-11820,
-12240,
-21015,
73880,
33915,
22396,
37995,
-8167,
57630,
54592,
31620,
65812,
30971,
42264,
-12569,
18496,
25478,
-10104,
30163,
43095,
12236,
48649,
62593,
10985,
40640,
14790,
32130,
59415,
76500,
127245,
49183,
92820,
80190,
22440,
100892,
93075,
64306,
49324,
62897,
3060,
30007,
121335,
95448,
21914,
46832,
67575,
59710,
114302,
-19125,
86700,
52257,
58875,
72478,
66740,
104645,
58650,
110415,
118205,
84556,
44765,
83130,
67894,
121304,
111008,
86385,
34170,
130050,
145350,
65105,
56610,
77176,
59842,
119277,
92330,
65238,
46000,
121935,
154275,
47986,
80835,
62676,
139220,
59771,
46037,
33047,
59492,
83236,
111846,
40482,
74280,
57430,
117242,
60180,
57935,
7830,
22110,
12095,
2310,
23640,
6900,
8654,
20910,
13429,
-11963,
18105,
925,
16830,
-20507,
-5355,
-32337,
-89505,
-20862,
4747,
13120,
-35200,
-51291,
-57446,
-90720,
-62832,
-52785,
-69992,
-93289,
-168400,
-5864,
-17661,
-66810,
-69870,
-33915,
-54315,
-35445,
-33520,
-48195,
-144653,
-6630,
-23983,
-41820,
-75338,
-55470,
-28573,
12495,
-20967,
-10112,
-182740,
-85579,
-12723,
-39525,
-50791,
-92791,
-22185,
-17595,
-28688,
-27215,
-139512,
-54038,
-74128,
-20400,
-54825,
-43654,
-65289,
-38450,
-58650,
-17321,
-127340,
-78042,
-37226,
49980,
-19890,
-42840,
-82302,
-39270,
-88451,
-78342,
-74871,
-48210,
-85231,
-11,
-96665,
-102765,
-65138,
-13515,
-103886,
-85723,
-177988,
-9958,
-33676,
7039,
-64248,
-46524,
-71635,
-54832,
-90852,
-98948,
-95115,
173152,
128015,
78290,
103881,
93464,
93845,
111314,
69296,
98430,
67787,
203639,
102255,
94181,
117810,
70415,
119340,
71755,
102510,
71500,
124341,
239837,
44935,
41046,
85188,
5781,
125683,
98940,
85829,
49105,
64949,
156797,
50442,
10965,
96900,
53550,
134640,
108120,
148885,
93330,
83251,
193290,
101976,
57120,
114449,
3905,
152976,
8160,
39473,
128493,
30741,
85863,
128250,
132090,
123381,
134614,
199920,
17085,
99062,
130775,
41283,
108269,
177335,
111690,
159120,
180364,
135491,
77070,
99960,
183953,
52660,
118413,
177189,
123165,
99705,
147900,
80800,
145860,
108844,
177683,
96645,
142230,
162371,
173027,
139895,
182325,
160859,
203745,
170721,
134158,
93568,
101459,
81658,
152448,
134963,
122414,
67586,
148111,
189415,
167553,
116280,
-41670,
-11450,
-28280,
-96083,
-49701,
-25985,
-37206,
-64971,
-32895,
-53650,
10317,
14025,
-12651,
-21165,
-23047,
-24225,
-48412,
-1530,
-6082,
-16901,
63405,
-44583,
-9307,
-11737,
12806,
17551,
-27795,
-83737,
-586,
1638,
8316,
-11702,
-40035,
11730,
-8160,
47175,
5100,
-22354,
79305,
-48037,
10710,
11275,
-40290,
17159,
-6242,
31420,
-20910,
-13676,
92590,
4157,
-33450,
2881,
-15045,
-56575,
-6842,
36465,
-40800,
39057,
45350,
-28520,
3432,
24865,
-3060,
3060,
17882,
26528,
-15480,
-24990,
32018,
-4007,
-62445,
-46745,
27030,
16575,
46155,
21538,
-8670,
-12758,
64354,
10018,
-18865,
33940,
15241,
24525,
17850,
36539,
-53805,
35607,
-1807,
12688,
-67844,
-77725,
-13165,
8606,
-24950,
-42836,
-63331,
41948,
-33997,
-45645,
-140431,
-192945,
-144240,
-161385,
-170239,
-168465,
-158254,
-163162,
-133620,
-139123,
-162072,
-231030,
-218248,
-204000,
-223044,
-243015,
-168676,
-179265,
-201571,
-135068,
-197957,
-238557,
-219975,
-215002,
-158206,
-186137,
-159885,
-132495,
-199893,
-82437,
-240576,
-223243,
-218025,
-157335,
-175440,
-159375,
-123420,
-151926,
-104550,
-79818,
-220575,
-228280,
-192780,
-180847,
-117951,
-189775,
-226950,
-194134,
-165550,
-101669,
-217891,
-202158,
-205785,
-129474,
-112004,
-155550,
-170595,
-196428,
-169430,
27948,
-197772,
-227152,
-214965,
-130305,
-125616,
-149707,
-213980,
-145350,
-173056,
-26264,
-199759,
-178885,
-174165,
-169065,
-147390,
-108698,
-184875,
-165237,
-155884,
-28957,
-125480,
-136803,
-166456,
-103460,
-98430,
-77062,
-136680,
-135537,
-193876,
-104440,
-140897,
-116861,
-124946,
-141701,
-103913,
-94128,
-111380,
-118344,
-83380,
-1530,
-72568,
-47505,
-25575,
-38197,
-32959,
-61020,
-65599,
-83972,
-68850,
-16563,
-73313,
-97665,
-72486,
-36975,
-46369,
-82875,
-57513,
-77520,
-86838,
-51197,
-57445,
-78053,
-63003,
-61603,
-17956,
-85134,
0,
-50002,
-27077,
-65453,
-55619,
-15043,
-90525,
-61455,
-34935,
5100,
-48705,
-46976,
-18105,
-12173,
-76500,
-25261,
-51255,
-65564,
-19847,
-117061,
-101235,
-41371,
-36856,
18902,
-26007,
6034,
-61200,
-25631,
1773,
-32130,
-68850,
-97507,
-45835,
11981,
-62348,
-61301,
4845,
-46665,
-37103,
-66864,
-70655,
-47175,
-50111,
29094,
-117656,
-81328,
-25755,
-41820,
-46920,
-72354,
-79560,
-55028,
-51061,
-31836,
-79385,
-61615,
-34721,
-34400,
-78795,
-33179,
-36465,
-4574,
-57335,
-43035,
-109115,
-41922,
-28252,
-57561,
-88645,
-40347,
-93728,
-44971,
-76088,
22695,
