# 1002 (shape [1, 3200, 2]),
-12927332,
-4431904,
14699704,
22181080,
15551948,
1278714,
2025509,
6959050,
6959100,
11714171,
3795129,
13810917,
6088769,
-2991324,
25035188,
17347024,
10784768,
37786792,
35732128,
12245772,
-1629103,
15965427,
-17553884,
-17181620,
-23917208,
-8649731,
17998432,
-46967964,
-20819816,
-2806961,
-18361528,
-4549821,
1580081,
3294082,
6079814,
1972657,
-17063076,
18427828,
22478884,
-17433764,
-19968464,
4878869,
-12350503,
-5314768,
-1916006,
-12993194,
-9625853,
279411,
29284228,
-747580,
35355840,
-8348649,
7874863,
-21947440,
15947093,
-4336493,
14219929,
16728652,
22569232,
13111826,
31434072,
45978176,
64956660,
35400968,
-12428575,
38221784,
34211992,
34430300,
19616720,
44983616,
45656564,
21000760,
25122652,
31135252,
50813384,
3830642,
16015433,
47572420,
43900924,
35687736,
17724028,
52328860,
44129804,
31044184,
37334960,
46180648,
33897436,
12990752,
42586100,
42304456,
27769460,
52562552,
51660800,
24761292,
43467300,
21466212,
27411220,
56299276,
23095532,
27631084,
48493804,
51195524,
57340788,
50936568,
-6240316,
31892392,
39140192,
36789424,
37781832,
14623939,
58303620,
22651108,
66647548,
28392500,
24924888,
56752368,
42306812,
38437224,
33789824,
29824876,
18200824,
45741104,
62817256,
14882099,
14059756,
20458628,
47360968,
25849288,
34877388,
49851880,
40018704,
18073676,
34582040,
56363048,
41810928,
52112240,
-8166567,
32927996,
24836836,
-4378108,
28794996,
40452116,
30958408,
33351028,
39574136,
34563808,
44993592,
26121956,
57765292,
33744536,
39668132,
22922784,
41997328,
46942840,
28742332,
37456588,
49244576,
50215500,
50265776,
16183734,
5494764,
16413503,
35562296,
47134516,
21309580,
13075361,
43130428,
38288000,
38538384,
71451472,
42040800,
16236960,
64774820,
28587324,
42741488,
23022828,
34758420,
26460796,
55175908,
20819880,
43710476,
43318540,
48806456,
17209080,
41790668,
36543648,
36424912,
58114768,
72650032,
51331140,
48510344,
29980924,
10855945,
25279432,
69854168,
25315520,
46687664,
44629668,
30094248,
23181540,
27116040,
41669320,
40353324,
43476684,
42067360,
13961604,
40961256,
24369584,
39774300,
41279072,
59561148,
48745096,
31422708,
25494236,
43554096,
45073160,
43390812,
57847872,
70892512,
27524860,
40256864,
21365024,
40424812,
16222611,
46048144,
31747616,
26680044,
28696780,
53871864,
29918468,
50300872,
44452184,
37706936,
46092736,
63325068,
61957044,
34335608,
53736328,
53215428,
16697627,
19171944,
44339828,
28314444,
46897776,
14612116,
48771068,
41716580,
41569876,
44199104,
10779799,
35975328,
28365796,
8085599,
28724364,
41359744,
20888952,
36700280,
50488304,
70864864,
18560280,
21581784,
42909808,
37492584,
15643863,
7999610,
67970128,
27361668,
1962452,
11590841,
54629044,
43055864,
52415656,
24499512,
9754743,
31768380,
39252480,
50107104,
50502256,
58061684,
28393560,
23832036,
43002832,
36739112,
48030688,
17482880,
29692616,
38340400,
23901864,
16163406,
46569704,
39086844,
62145868,
42194236,
8247306,
28670968,
18739540,
30694836,
63826296,
56007224,
6643434,
25257644,
40484080,
27762480,
8728050,
17551912,
28511888,
53112616,
31064200,
44133092,
22926632,
35652728,
38447248,
51322064,
3389233,
15126828,
33276444,
36611984,
28191344,
38485384,
-3106849,
16687538,
29183604,
44488280,
61153024,
29107168,
17633148,
9763204,
40510280,
32164236,
32469416,
7266683,
34491316,
54703640,
27461804,
55749016,
31530532,
17688380,
20911980,
46359588,
20266152,
54815808,
33088584,
43198992,
24431552,
21980512,
40312792,
6468261,
37490732,
20934576,
50447100,
45351120,
50175988,
31696192,
5218779,
35600380,
35931928,
15880502,
23613112,
31741572,
12916970,
30075344,
27305196,
21458916,
40505456,
44422328,
29772888,
-4526866,
40109944,
20584776,
41218256,
44484104,
39768368,
37056408,
41376356,
60400384,
51949064,
18206744,
53947420,
39106420,
27944900,
-4032363,
-13761356,
1903751,
-1926366,
-20645244,
-17594156,
-23285832,
-17063000,
-4905351,
7047364,
-17378612,
-32299356,
5398394,
-18016904,
-5910316,
-9402149,
-10571534,
13588903,
7161162,
10519786,
-12927334,
-4431906,
14699702,
22181076,
15551946,
1278712,
2025507,
6959048,
6959098,
11714169,
3795127,
13810915,
6088767,
-2991326,
25035188,
17347024,
10784766,
37786792,
35732128,
12245770,
-1629105,
15965425,
-17553884,
-17181624,
-23917208,
-8649733,
17998432,
-46967964,
-20819816,
-2806963,
-18361528,
-4549823,
1580079,
3294080,
6079812,
1972655,
-17063080,
18427828,
22478884,
-17433764,
-19968464,
4878867,
-12350505,
-5314770,
-1916008,
-12993196,
-9625855,
279409,
29284228,
-747582,
35355840,
-8348651,
7874861,
-21947440,
15947091,
-4336495,
14219927,
16728650,
22569228,
13111824,
31434068,
45978176,
64956660,
35400968,
-12428577,
38221784,
34211992,
34430300,
19616716,
44983616,
45656564,
21000760,
25122652,
31135252,
50813384,
3830640,
16015431,
47572420,
43900924,
35687736,
17724028,
52328860,
44129804,
31044180,
37334960,
46180648,
33897436,
12990750,
42586100,
42304456,
27769460,
52562552,
51660800,
24761292,
43467300,
21466208,
27411220,
56299276,
23095532,
27631084,
48493804,
51195524,
57340788,
50936568,
-6240318,
31892392,
39140192,
36789424,
37781832,
14623937,
58303620,
22651108,
66647548,
28392500,
24924888,
56752368,
42306812,
38437224,
33789824,
29824876,
18200820,
45741104,
62817256,
14882097,
14059754,
20458628,
47360968,
25849288,
34877388,
49851880,
40018704,
18073676,
34582040,
56363048,
41810928,
52112240,
-8166569,
32927992,
24836836,
-4378110,
28794996,
40452116,
30958408,
33351024,
39574136,
34563808,
44993592,
26121956,
57765292,
33744536,
39668132,
22922780,
41997328,
46942840,
28742332,
37456588,
49244576,
50215500,
50265776,
16183732,
5494762,
16413501,
35562296,
47134516,
21309580,
13075359,
43130428,
38288000,
38538384,
71451472,
42040800,
16236958,
64774820,
28587324,
42741488,
23022828,
34758420,
26460792,
55175908,
20819880,
43710476,
43318540,
48806456,
17209080,
41790668,
36543648,
36424912,
58114768,
72650032,
51331140,
48510344,
29980924,
10855943,
25279432,
69854168,
25315520,
46687664,
44629668,
30094248,
23181540,
27116040,
41669320,
40353324,
43476684,
42067360,
13961602,
40961256,
24369584,
39774300,
41279072,
59561148,
48745096,
31422708,
25494232,
43554096,
45073160,
43390812,
57847872,
70892512,
27524856,
40256864,
21365024,
40424812,
16222609,
46048144,
31747616,
26680044,
28696776,
53871864,
29918468,
50300872,
44452184,
37706936,
46092736,
63325068,
61957044,
34335608,
53736328,
53215428,
16697625,
19171944,
44339828,
28314444,
46897776,
14612114,
48771068,
41716580,
41569876,
44199104,
10779797,
35975328,
28365796,
8085597,
28724364,
41359744,
20888952,
36700280,
50488304,
70864864,
18560280,
21581784,
42909808,
37492584,
15643861,
7999608,
67970128,
27361668,
1962450,
11590839,
54629044,
43055864,
52415656,
24499512,
9754741,
31768376,
39252480,
50107104,
50502256,
58061684,
28393560,
23832032,
43002832,
36739112,
48030688,
17482876,
29692616,
38340400,
23901864,
16163404,
46569704,
39086844,
62145868,
42194236,
8247304,
28670968,
18739540,
30694836,
63826296,
56007224,
6643432,
25257644,
40484080,
27762480,
8728048,
17551912,
28511884,
53112616,
31064196,
44133092,
22926632,
35652728,
38447248,
51322064,
3389231,
15126826,
33276444,
36611984,
28191344,
38485384,
-3106851,
16687536,
29183604,
44488280,
61153024,
29107168,
17633148,
9763202,
40510280,
32164236,
32469412,
7266681,
34491316,
54703640,
27461804,
55749016,
31530532,
17688380,
20911980,
46359588,
20266152,
54815808,
33088584,
43198992,
24431552,
21980512,
40312792,
6468259,
37490732,
20934576,
50447100,
45351120,
50175988,
31696192,
5218777,
35600380,
35931928,
15880500,
23613108,
31741568,
12916968,
30075340,
27305192,
21458912,
40505456,
44422328,
29772888,
-4526868,
40109944,
20584776,
41218256,
44484104,
39768368,
37056408,
41376356,
60400384,
51949064,
18206740,
53947420,
39106420,
27944900,
-4032365,
-13761358,
1903749,
-1926368,
-20645248,
-17594160,
-23285836,
-17063000,
-4905353,
7047362,
-17378612,
-32299360,
5398392,
-18016904,
-5910318,
-9402151,
-10571536,
13588901,
7161160,
10519784,
5128163,
-13526119,
-22177748,
-21304912,
-32430492,
-36331388,
-30264088,
-20831552,
-9015167,
-17691148,
-24755440,
-8074883,
-3930697,
-4496363,
-16503243,
14647836,
-3229654,
-15418805,
-21435424,
-32713796,
-27221628,
-52292700,
-60678232,
-43368424,
-63209280,
-51829540,
-60347740,
-44730596,
-56613712,
-26926928,
-39165968,
-36253060,
-25313816,
-28287796,
-34004380,
-3694539,
-17975228,
-28042412,
-25858952,
-70800208,
-27766616,
-23162116,
-10188555,
4586323,
-2534098,
2015716,
11644160,
-10635526,
-34896736,
-6980713,
-23162244,
-19186008,
-25373560,
-12180379,
20181316,
10670194,
-18972144,
-6445275,
13935826,
-44700160,
-15623870,
-29057584,
-1364867,
4035057,
7617927,
-729763,
18580448,
-9800444,
-4265426,
-11588840,
8160519,
-13283936,
927075,
8371769,
6171760,
6891855,
16960040,
-4302636,
5954442,
-43446748,
7805266,
-452020,
-5819866,
-2985482,
13534633,
21391264,
17853660,
6804851,
-510667,
1996285,
-16190600,
851179,
11479543,
2470104,
14187823,
23236376,
8668077,
12656463,
12606771,
-40272748,
-23092196,
-22129536,
-12399909,
5489450,
14948208,
11703736,
18950948,
13692692,
6500297,
26078104,
-3867730,
-1528455,
-29113560,
-29604060,
-5341274,
7129392,
-8188076,
-2450546,
-9956666,
-51285416,
-22506280,
-36538992,
-16282873,
-6821730,
13015201,
26735604,
14315295,
482027,
-7439045,
-3193505,
16169466,
22105968,
261298,
-874365,
19521240,
6365116,
15740410,
14162780,
598186,
-53323020,
-26881404,
-37655616,
-12395516,
-19273732,
-28229004,
-10927019,
-12883404,
-11437397,
13468806,
6354622,
9465297,
-1246607,
4653908,
-8268643,
2705718,
-1274393,
18203432,
-3818970,
5686315,
-40610428,
-13816920,
-27422684,
20984940,
-9876716,
-7089902,
13214736,
353892,
2536495,
-9865483,
22844992,
22037108,
3092081,
13230137,
2372023,
-27911032,
-12119115,
-1152621,
-7786327,
-6673318,
-32901504,
4161444,
-27241424,
24192036,
12038041,
9505902,
19231,
-1156099,
1575676,
657541,
26109052,
25218884,
13119340,
10997988,
12900183,
14018491,
-5339280,
-570224,
8804288,
16517177,
-26639780,
4813636,
-8857193,
14988036,
28265312,
4801075,
6192664,
-6880287,
-5046267,
12407724,
33371572,
15112514,
-3497481,
16330318,
18945004,
28997224,
21007744,
4024384,
-280929,
-7853161,
-46416048,
-21392280,
-38491060,
-3954396,
14848934,
12039302,
-1317213,
14621527,
2655323,
-578522,
-16128747,
1225857,
21053732,
15135169,
-6800577,
6470097,
2757579,
-5474440,
-4152149,
-8731711,
-40914816,
-23692020,
-57623392,
-29300012,
-19129304,
-12502177,
-19948600,
3025986,
13168177,
-942672,
-20491960,
-3969377,
14465962,
43028512,
23546992,
13130763,
5942892,
19334944,
15179774,
18283516,
-32062588,
-17652788,
-3261299,
22230880,
3802051,
-2706744,
-8487184,
887445,
1924173,
39810968,
18107388,
23030664,
12811501,
13568867,
-6487139,
13563961,
2586354,
4159589,
8024106,
33797736,
-34407504,
-24752996,
-12360824,
-11852407,
-1266811,
-9980323,
-7367923,
8978450,
-5891072,
22822416,
10365687,
23112776,
22860852,
12033125,
-2250433,
8011595,
9813059,
5201606,
15748735,
-2600518,
-58741340,
-26430636,
-27677000,
-20126912,
4759422,
447211,
18109860,
28259924,
26668392,
14565423,
-4760565,
-12899696,
-6115467,
15260323,
-10850917,
-2875358,
9340101,
2423642,
8485229,
14466676,
-49505568,
-3792535,
-9965998,
-4461845,
-7411464,
2082060,
1851206,
16399205,
16038033,
12710466,
8172676,
4593206,
11745758,
31906608,
412838,
-12895578,
-30061612,
-17297604,
-9947324,
-15977812,
-54226332,
-14232432,
-26631856,
8582496,
23721588,
33332284,
25969376,
-7316265,
-2603359,
-5788995,
-10409869,
13884101,
3222883,
15943229,
2468093,
1277843,
9819186,
-704645,
-504264,
-8169171,
-37219580,
-15072893,
-3135650,
-20235280,
-22604512,
-4594558,
4252482,
-9599767,
-13856983,
-18929468,
-34815684,
-29415004,
-34340216,
-47697640,
-41567052,
-9478459,
-16082101,
4749700,
-16331841,
-31127156,
-68999936,
-16809840,
-13173085,
-9320272,
2223418,
-19086388,
-9879876,
-14027172,
461538,
6878789,
6973634,
2864291,
-16044030,
-4600255,
-9869827,
13792773,
5316220,
7902898,
13232396,
11455510,
-22061060,
5128161,
-13526121,
-22177752,
-21304912,
-32430492,
-36331388,
-30264088,
-20831556,
-9015169,
-17691152,
-24755440,
-8074885,
-3930699,
-4496365,
-16503245,
14647834,
-3229656,
-15418807,
-21435428,
-32713796,
-27221628,
-52292700,
-60678232,
-43368424,
-63209280,
-51829540,
-60347740,
-44730596,
-56613712,
-26926928,
-39165968,
-36253060,
-25313816,
-28287796,
-34004380,
-3694541,
-17975232,
-28042412,
-25858952,
-70800208,
-27766616,
-23162116,
-10188557,
4586321,
-2534100,
2015714,
11644158,
-10635528,
-34896736,
-6980715,
-23162248,
-19186008,
-25373560,
-12180381,
20181316,
10670192,
-18972144,
-6445277,
13935824,
-44700160,
-15623872,
-29057584,
-1364869,
4035055,
7617925,
-729765,
18580448,
-9800446,
-4265428,
-11588842,
8160517,
-13283938,
927073,
8371767,
6171758,
6891853,
16960040,
-4302638,
5954440,
-43446748,
7805264,
-452022,
-5819868,
-2985484,
13534631,
21391264,
17853660,
6804849,
-510669,
1996283,
-16190602,
851177,
11479541,
2470102,
14187821,
23236376,
8668075,
12656461,
12606769,
-40272748,
-23092196,
-22129536,
-12399911,
5489448,
14948206,
11703734,
18950948,
13692690,
6500295,
26078104,
-3867732,
-1528457,
-29113560,
-29604060,
-5341276,
7129390,
-8188078,
-2450548,
-9956668,
-51285416,
-22506280,
-36538992,
-16282875,
-6821732,
13015199,
26735604,
14315293,
482025,
-7439047,
-3193507,
16169464,
22105968,
261296,
-874367,
19521240,
6365114,
15740408,
14162778,
598184,
-53323020,
-26881404,
-37655616,
-12395518,
-19273736,
-28229008,
-10927021,
-12883406,
-11437399,
13468804,
6354620,
9465295,
-1246609,
4653906,
-8268645,
2705716,
-1274395,
18203432,
-3818972,
5686313,
-40610428,
-13816922,
-27422688,
20984940,
-9876718,
-7089904,
13214734,
353890,
2536493,
-9865485,
22844988,
22037108,
3092079,
13230135,
2372021,
-27911036,
-12119117,
-1152623,
-7786329,
-6673320,
-32901504,
4161442,
-27241428,
24192036,
12038039,
9505900,
19229,
-1156101,
1575674,
657539,
26109052,
25218884,
13119338,
10997986,
12900181,
14018489,
-5339282,
-570226,
8804286,
16517175,
-26639780,
4813634,
-8857195,
14988034,
28265308,
4801073,
6192662,
-6880289,
-5046269,
12407722,
33371572,
15112512,
-3497483,
16330316,
18945000,
28997220,
21007744,
4024382,
-280931,
-7853163,
-46416048,
-21392284,
-38491060,
-3954398,
14848932,
12039300,
-1317215,
14621525,
2655321,
-578524,
-16128749,
1225855,
21053728,
15135167,
-6800579,
6470095,
2757577,
-5474442,
-4152151,
-8731713,
-40914816,
-23692020,
-57623392,
-29300012,
-19129304,
-12502179,
-19948600,
3025984,
13168175,
-942674,
-20491960,
-3969379,
14465960,
43028512,
23546992,
13130761,
5942890,
19334944,
15179772,
18283516,
-32062592,
-17652788,
-3261301,
22230880,
3802049,
-2706746,
-8487186,
887443,
1924171,
39810968,
18107388,
23030660,
12811499,
13568865,
-6487141,
13563959,
2586352,
4159587,
8024104,
33797736,
-34407504,
-24752996,
-12360826,
-11852409,
-1266813,
-9980325,
-7367925,
8978448,
-5891074,
22822416,
10365685,
23112772,
22860852,
12033123,
-2250435,
8011593,
9813057,
5201604,
15748733,
-2600520,
-58741340,
-26430636,
-27677004,
-20126916,
4759420,
447209,
18109856,
28259924,
26668388,
14565421,
-4760567,
-12899698,
-6115469,
15260321,
-10850919,
-2875360,
9340099,
2423640,
8485227,
14466674,
-49505568,
-3792537,
-9966000,
-4461847,
-7411466,
2082058,
1851204,
16399203,
16038031,
12710464,
8172674,
4593204,
11745756,
31906608,
412836,
-12895580,
-30061612,
-17297604,
-9947326,
-15977814,
-54226332,
-14232434,
-26631856,
8582494,
23721588,
33332284,
25969372,
-7316267,
-2603361,
-5788997,
-10409871,
13884099,
3222881,
15943227,
2468091,
1277841,
9819184,
-704647,
-504266,
-8169173,
-37219580,
-15072895,
-3135652,
-20235284,
-22604516,
-4594560,
4252480,
-9599769,
-13856985,
-18929472,
-34815684,
-29415004,
-34340216,
-47697640,
-41567052,
-9478461,
-16082103,
4749698,
-16331843,
-31127156,
-68999936,
-16809840,
-13173087,
-9320274,
2223416,
-19086388,
-9879878,
-14027174,
461536,
6878787,
6973632,
2864289,
-16044032,
-4600257,
-9869829,
13792771,
5316218,
7902896,
13232394,
11455508,
-22061060,
13880836,
-36201376,
-36888808,
-51324232,
-47563872,
-34161368,
-45750664,
-21029740,
-33511792,
-26395276,
-54185928,
-7791133,
-17472488,
-23615284,
-20649316,
-5164280,
-23349824,
-28234100,
-1859089,
-36018128,
-23202948,
-37571040,
-24228192,
-15600182,
-34100800,
-39794416,
-23940612,
3244539,
-26274312,
-10674710,
-6994587,
-6468918,
-22014768,
-14122756,
1292152,
-7255581,
-34487268,
-22846268,
-21133960,
-34500720,
-56288464,
-39993112,
-17544184,
-20396132,
-48851420,
-41551812,
6787114,
-20888276,
-41322208,
7758226,
-9499482,
-38839976,
-21397444,
-34833808,
-20706788,
-20169676,
-27320284,
-28866184,
-40478112,
-47252040,
-29618252,
-22668652,
23316548,
-22213744,
-17576400,
-16124434,
-20476624,
-21924256,
-44724384,
-14013712,
-46340400,
-26279868,
-7917211,
22359428,
-12489517,
-31088976,
-38273344,
-16813240,
-29511620,
-32979316,
-56377768,
-33071316,
-10036480,
-6744495,
-8416925,
-19880348,
-3060781,
-27869992,
-11213687,
-21235480,
-47021664,
5034842,
-26986480,
9789785,
-5712351,
-8827624,
-26786040,
-38614056,
-38599288,
-15385318,
-62714936,
-40622032,
-40955468,
-13255716,
-14178272,
-30508832,
-23331800,
-25771540,
-29314976,
-19918696,
-11413109,
-8571421,
-26579516,
-33656264,
-10140724,
-10024979,
-18320904,
-37641784,
-38254544,
-38194848,
-64475592,
-66851088,
-26344280,
-23552948,
-22517056,
-38503360,
-13652562,
-3861530,
-13787839,
-15810334,
-431946,
-37664184,
-46848208,
-501479,
9967231,
-15570862,
-6506328,
-19296528,
-51436344,
-28617204,
-69182960,
-48240672,
-32011952,
-28647480,
-39681852,
-23295040,
-26961900,
-39382856,
-5087931,
15827624,
-17077368,
-42220240,
-29519240,
-37128728,
-26664280,
-13889159,
-8206153,
-10632749,
-37133736,
-17007388,
-75151032,
-56560452,
-10821757,
-38988060,
-23836428,
-29752256,
-39289288,
-22777520,
-13640906,
-2979111,
-26246948,
-4984985,
-29910692,
-36541848,
-33533916,
-19090712,
-22114184,
-48884572,
-34967624,
-17439988,
-24370112,
-12113504,
-236491,
-15384691,
-28103188,
-24656800,
-39743368,
-12315468,
-20743340,
13802651,
-23068892,
-37840624,
-38567080,
-14994452,
-16452241,
-12837916,
-25703392,
-15050374,
-36267204,
-19595104,
-44538016,
-43591656,
5435578,
-24062216,
-42851248,
-33727112,
-22335964,
-49245816,
9392310,
-1054655,
-14863450,
-14623784,
-39352920,
-35109744,
-15237493,
-23904672,
-24737696,
-14027653,
-37758732,
-30840060,
-55319340,
-55194248,
-7873597,
-14498418,
-52820888,
-43247272,
-13984623,
-28777092,
-46771712,
-40255472,
-34372264,
-12337792,
-8177695,
-11795335,
-45684536,
-41342344,
-26541060,
-36125500,
-47969776,
-39756176,
-69110328,
-41164696,
-572355,
-45360800,
-51901616,
-60677208,
-476260,
-3762735,
-37590544,
-39234664,
-14179403,
-5170399,
-24889524,
-34903744,
-38443752,
-29277320,
-12104451,
-23416208,
-30560840,
-22863236,
-50881608,
-13094595,
-23477632,
-28261944,
-61820064,
-40764556,
-10513503,
-15152952,
-19523564,
-7817300,
2489068,
-13816985,
-18888280,
-18036676,
-39020228,
-38153568,
-24555468,
-11402072,
-26135660,
-41181940,
-54520384,
-4192553,
1364851,
-38656256,
-45923272,
-59300524,
-27239408,
-25710532,
-23501596,
-4121874,
-33969672,
-24803484,
-19412048,
-31191192,
-31061292,
-40766504,
-8132653,
-8432534,
-42842396,
-47928240,
-43419392,
-17423776,
-15130365,
-28120756,
-29261800,
-30825876,
-36075456,
-5723394,
-36764320,
-25383768,
-15848870,
-10939327,
-12592150,
-20064520,
-39934348,
-25569344,
-31303844,
-10083361,
-62456616,
-36965692,
-56009928,
-27443644,
-2226715,
-16079735,
-12351971,
-20748968,
-40203880,
-31395064,
-29034428,
-19785036,
-19157224,
-6399957,
-13205132,
-26312344,
-8622775,
-11565006,
2063801,
-18786724,
-51977912,
-47864552,
-38651460,
-26943592,
-21580548,
-16598363,
-629372,
-21663216,
-45888784,
-41196808,
-39325224,
-8869106,
-21128856,
-22800524,
-24405840,
-21995616,
-11636060,
-16826676,
-2344813,
-33035472,
-67384208,
-33736764,
-47231676,
-13814286,
-25811936,
-33389044,
-36253384,
-45463352,
-60377580,
-55563224,
-43015892,
-29912592,
-34343944,
-28884596,
-39225176,
-32047724,
-25470388,
-25672904,
-2167773,
-36752696,
-53819872,
-44684792,
-50243332,
-27562468,
-57743844,
-51983880,
-37143268,
-43031944,
-33389272,
-48311732,
-44471036,
-46085400,
-35785972,
-35280168,
-26448972,
-44160856,
-31528916,
-33781600,
-45448060,
-37131080,
-60151704,
-45478316,
13880834,
-36201376,
-36888808,
-51324232,
-47563872,
-34161368,
-45750664,
-21029740,
-33511796,
-26395276,
-54185928,
-7791135,
-17472488,
-23615288,
-20649316,
-5164282,
-23349828,
-28234100,
-1859091,
-36018128,
-23202948,
-37571040,
-24228196,
-15600184,
-34100800,
-39794416,
-23940616,
3244537,
-26274312,
-10674712,
-6994589,
-6468920,
-22014772,
-14122758,
1292150,
-7255583,
-34487268,
-22846272,
-21133964,
-34500720,
-56288464,
-39993112,
-17544184,
-20396132,
-48851420,
-41551812,
6787112,
-20888280,
-41322208,
7758224,
-9499484,
-38839976,
-21397448,
-34833808,
-20706788,
-20169680,
-27320288,
-28866188,
-40478112,
-47252040,
-29618252,
-22668652,
23316548,
-22213748,
-17576400,
-16124436,
-20476628,
-21924256,
-44724384,
-14013714,
-46340400,
-26279872,
-7917213,
22359428,
-12489519,
-31088980,
-38273344,
-16813244,
-29511620,
-32979316,
-56377768,
-33071320,
-10036482,
-6744497,
-8416927,
-19880348,
-3060783,
-27869992,
-11213689,
-21235480,
-47021664,
5034840,
-26986484,
9789783,
-5712353,
-8827626,
-26786044,
-38614056,
-38599288,
-15385320,
-62714936,
-40622032,
-40955468,
-13255718,
-14178274,
-30508832,
-23331800,
-25771540,
-29314976,
-19918696,
-11413111,
-8571423,
-26579516,
-33656264,
-10140726,
-10024981,
-18320904,
-37641784,
-38254544,
-38194848,
-64475592,
-66851088,
-26344280,
-23552948,
-22517056,
-38503360,
-13652564,
-3861532,
-13787841,
-15810336,
-431948,
-37664184,
-46848208,
-501481,
9967229,
-15570864,
-6506330,
-19296528,
-51436344,
-28617204,
-69182960,
-48240672,
-32011952,
-28647480,
-39681852,
-23295040,
-26961904,
-39382856,
-5087933,
15827622,
-17077368,
-42220240,
-29519240,
-37128728,
-26664280,
-13889161,
-8206155,
-10632751,
-37133736,
-17007388,
-75151032,
-56560452,
-10821759,
-38988060,
-23836428,
-29752260,
-39289288,
-22777520,
-13640908,
-2979113,
-26246948,
-4984987,
-29910692,
-36541848,
-33533916,
-19090712,
-22114188,
-48884572,
-34967624,
-17439988,
-24370116,
-12113506,
-236493,
-15384693,
-28103188,
-24656804,
-39743368,
-12315470,
-20743340,
13802649,
-23068892,
-37840624,
-38567080,
-14994454,
-16452243,
-12837918,
-25703396,
-15050376,
-36267204,
-19595104,
-44538016,
-43591656,
5435576,
-24062216,
-42851248,
-33727112,
-22335968,
-49245816,
9392308,
-1054657,
-14863452,
-14623786,
-39352920,
-35109744,
-15237495,
-23904672,
-24737700,
-14027655,
-37758732,
-30840064,
-55319340,
-55194248,
-7873599,
-14498420,
-52820888,
-43247272,
-13984625,
-28777092,
-46771712,
-40255472,
-34372264,
-12337794,
-8177697,
-11795337,
-45684536,
-41342344,
-26541064,
-36125500,
-47969776,
-39756176,
-69110328,
-41164696,
-572357,
-45360800,
-51901616,
-60677208,
-476262,
-3762737,
-37590544,
-39234664,
-14179405,
-5170401,
-24889524,
-34903744,
-38443752,
-29277320,
-12104453,
-23416212,
-30560844,
-22863236,
-50881608,
-13094597,
-23477632,
-28261948,
-61820064,
-40764556,
-10513505,
-15152954,
-19523564,
-7817302,
2489066,
-13816987,
-18888284,
-18036676,
-39020228,
-38153568,
-24555468,
-11402074,
-26135664,
-41181940,
-54520384,
-4192555,
1364849,
-38656256,
-45923272,
-59300524,
-27239412,
-25710536,
-23501596,
-4121876,
-33969672,
-24803484,
-19412048,
-31191196,
-31061296,
-40766504,
-8132655,
-8432536,
-42842396,
-47928240,
-43419392,
-17423776,
-15130367,
-28120756,
-29261800,
-30825876,
-36075456,
-5723396,
-36764320,
-25383772,
-15848872,
-10939329,
-12592152,
-20064524,
-39934348,
-25569344,
-31303844,
-10083363,
-62456616,
-36965692,
-56009928,
-27443648,
-2226717,
-16079737,
-12351973,
-20748968,
-40203880,
-31395064,
-29034432,
-19785036,
-19157224,
-6399959,
-13205134,
-26312344,
-8622777,
-11565008,
2063799,
-18786728,
-51977912,
-47864552,
-38651460,
-26943596,
-21580548,
-16598365,
-629374,
-21663220,
-45888784,
-41196808,
-39325224,
-8869108,
-21128860,
-22800528,
-24405840,
-21995620,
-11636062,
-16826680,
-2344815,
-33035472,
-67384208,
-33736764,
-47231676,
-13814288,
-25811936,
-33389048,
-36253384,
-45463352,
-60377580,
-55563224,
-43015892,
-29912592,
-34343944,
-28884596,
-39225176,
-32047724,
-25470392,
-25672904,
-2167775,
-36752696,
-53819872,
-44684792,
-50243332,
-27562468,
-57743844,
-51983880,
-37143268,
-43031944,
-33389272,
-48311732,
-44471036,
-46085400,
-35785972,
-35280168,
-26448976,
-44160856,
-31528916,
-33781600,
-45448060,
-37131080,
-60151704,
-45478316,
-2746076,
10614984,
12376215,
1294224,
3478532,
2118812,
-330571,
4211649,
17387968,
-11665552,
18924336,
4575475,
4298340,
9610491,
13588665,
-1697583,
15817758,
6111082,
21753068,
-10047099,
-24397492,
-57159276,
-20420332,
-28002176,
-18654892,
-19841436,
-22109628,
-26296492,
-25886352,
-52044868,
-25928732,
-32750704,
-19882912,
-22329828,
-22114472,
-40236008,
-30201260,
-28500944,
-36666780,
-30188208,
-38026208,
-13419119,
-13935531,
-29013768,
-27108688,
-9952173,
-20633216,
12334624,
-8327311,
-46572688,
-34422848,
-5089534,
-39703036,
-23334016,
-25062936,
-37626136,
-32588120,
-31068144,
-72570456,
10306735,
-7081656,
-3363622,
-29346636,
-7574386,
-42614880,
-130553,
-1855011,
-32331024,
-10374875,
3898267,
-10965578,
4435447,
1379121,
-5378984,
-19002892,
-46157688,
-15766766,
-29366720,
-41071816,
34846748,
-42264488,
-11601444,
-10726757,
-45192424,
-24826380,
-10328500,
-19332536,
-29437292,
-2990519,
-13372170,
-20537600,
-20656492,
13317166,
-13444925,
-29116672,
-12251423,
-34562704,
-13601146,
-18513808,
11584639,
-35766392,
458851,
-24889016,
-40431748,
-28306444,
-39313820,
-25347772,
-12882657,
-19480060,
-46452376,
-13668614,
-28057308,
-33633920,
-20725512,
-43000392,
-52926328,
-28575616,
-36369608,
-46793200,
10049470,
-50458932,
-7976512,
-19057204,
7574411,
-21688748,
-38918972,
-14366460,
-17143308,
-37936772,
-25266304,
-35639000,
-19704772,
-28859996,
-17357532,
-13378385,
-12952868,
-33785948,
-36229408,
-13712848,
10093425,
-46993236,
-8514579,
-24734536,
-6328897,
-12555814,
-50503500,
-7037425,
-18492872,
-36931416,
-19169608,
-25786896,
-49095840,
-21508652,
-14397319,
20208236,
-32643288,
-20132252,
-18331472,
-33744244,
6505982,
-30520880,
10047724,
-35297460,
-9204878,
-13315459,
-28614292,
-26435216,
-27488872,
-2412488,
-5330160,
-38938824,
-19349188,
-30743048,
-12417533,
-40306776,
-43563708,
-33252872,
-28486608,
-26266532,
17550264,
-31157764,
14792620,
-13170643,
-14570369,
-11621659,
-40970456,
-17808492,
-8462279,
18799192,
-45009588,
-35860908,
-160254,
-55770828,
-30084132,
-18080124,
23770696,
-30586520,
-25710932,
-39151928,
-6491157,
-51065620,
12640614,
6243316,
-12344662,
-30950036,
-30363776,
-33509148,
-22891792,
-43075816,
-15002705,
-1756355,
-11026096,
-22326940,
-22484296,
-29870348,
-24490436,
-19259368,
-31679260,
-24345364,
2068242,
-54321328,
-16012702,
-29350544,
-47907400,
-37771032,
-27799120,
-52120868,
-37616384,
-3819869,
-18376196,
-18594480,
-276238,
-21238832,
-16209027,
-34047324,
-40303108,
-16824152,
-9246828,
-34241668,
18169152,
-57377572,
-10226216,
-30772948,
-14525805,
-39299164,
-3174058,
-18597416,
1565759,
-12731850,
109483,
-25265168,
-31375088,
-37948096,
-25048880,
-22341748,
-16763171,
-10857222,
-7312925,
-29484840,
17705980,
-42511064,
-12406871,
13088898,
-15936388,
-52493928,
-29139920,
6665370,
-20513588,
-60266120,
4601407,
-8138664,
-37588288,
-35972032,
-26330712,
-31070144,
4376804,
-24486980,
-19372032,
-63180036,
7871919,
-35407908,
1778472,
-37744552,
-38720608,
-49905640,
781548,
-11415499,
-19412068,
-52188312,
-26722904,
5900426,
760073,
-33721412,
-39659856,
-16862800,
-27708332,
-30718360,
-22389312,
-13796397,
9705283,
-39956168,
-26352,
-27238748,
-10370880,
-20650352,
-18081580,
-19448920,
-26965988,
-27730452,
-13768081,
-27664568,
-11027852,
-46836128,
-4887287,
-27975004,
-57301180,
8500134,
-24335032,
-34437716,
-4427659,
-26641632,
9561925,
-5681982,
-16469734,
-30874956,
-43220344,
-22702740,
-3409797,
-19719604,
6637271,
-29775700,
-29187576,
-26850148,
-22037784,
-11127026,
-26845476,
-43501980,
-30232560,
-50706824,
2009407,
-27607244,
-14286382,
-31278132,
-14394311,
-16811472,
-27645060,
-15827980,
-24575724,
-8087276,
-38738040,
-37217208,
-26690672,
5329589,
-16062039,
-12488667,
-11359423,
-24521140,
-41642128,
-57559560,
9527734,
-40170848,
-37537328,
-23013260,
-41955640,
-43188744,
-34246812,
-29905632,
-31848404,
-30581076,
-40371584,
-34814640,
-12773611,
-17615528,
-44969024,
-29214612,
-5730297,
-18079792,
-47881300,
-46183292,
6802054,
-35481080,
-19850072,
-29216496,
-21703628,
4767654,
-19097896,
1759567,
-6199819,
3311314,
-11782200,
-14301117,
-8457567,
2067847,
11464876,
-12968067,
-2776715,
3858522,
-1022,
-25050460,
21788212,
-2746078,
10614982,
12376213,
1294222,
3478530,
2118810,
-330573,
4211647,
17387968,
-11665554,
18924332,
4575473,
4298338,
9610489,
13588663,
-1697585,
15817756,
6111080,
21753068,
-10047101,
-24397492,
-57159276,
-20420332,
-28002180,
-18654892,
-19841436,
-22109628,
-26296492,
-25886352,
-52044868,
-25928732,
-32750704,
-19882912,
-22329828,
-22114472,
-40236008,
-30201264,
-28500944,
-36666780,
-30188208,
-38026208,
-13419121,
-13935533,
-29013768,
-27108692,
-9952175,
-20633216,
12334622,
-8327313,
-46572688,
-34422848,
-5089536,
-39703036,
-23334016,
-25062936,
-37626136,
-32588120,
-31068144,
-72570456,
10306733,
-7081658,
-3363624,
-29346636,
-7574388,
-42614880,
-130555,
-1855013,
-32331024,
-10374877,
3898265,
-10965580,
4435445,
1379119,
-5378986,
-19002892,
-46157688,
-15766768,
-29366720,
-41071816,
34846748,
-42264488,
-11601446,
-10726759,
-45192424,
-24826384,
-10328502,
-19332536,
-29437296,
-2990521,
-13372172,
-20537600,
-20656492,
13317164,
-13444927,
-29116672,
-12251425,
-34562704,
-13601148,
-18513808,
11584637,
-35766392,
458849,
-24889016,
-40431748,
-28306444,
-39313820,
-25347772,
-12882659,
-19480064,
-46452376,
-13668616,
-28057308,
-33633920,
-20725516,
-43000392,
-52926328,
-28575620,
-36369608,
-46793200,
10049468,
-50458932,
-7976514,
-19057208,
7574409,
-21688748,
-38918972,
-14366462,
-17143308,
-37936772,
-25266304,
-35639000,
-19704772,
-28859996,
-17357532,
-13378387,
-12952870,
-33785948,
-36229408,
-13712850,
10093423,
-46993236,
-8514581,
-24734536,
-6328899,
-12555816,
-50503500,
-7037427,
-18492872,
-36931416,
-19169608,
-25786896,
-49095840,
-21508652,
-14397321,
20208236,
-32643288,
-20132252,
-18331472,
-33744244,
6505980,
-30520880,
10047722,
-35297460,
-9204880,
-13315461,
-28614292,
-26435216,
-27488876,
-2412490,
-5330162,
-38938824,
-19349192,
-30743048,
-12417535,
-40306776,
-43563708,
-33252872,
-28486612,
-26266532,
17550260,
-31157764,
14792618,
-13170645,
-14570371,
-11621661,
-40970456,
-17808492,
-8462281,
18799192,
-45009588,
-35860908,
-160256,
-55770828,
-30084132,
-18080124,
23770696,
-30586520,
-25710932,
-39151928,
-6491159,
-51065620,
12640612,
6243314,
-12344664,
-30950036,
-30363776,
-33509148,
-22891792,
-43075816,
-15002707,
-1756357,
-11026098,
-22326940,
-22484300,
-29870348,
-24490436,
-19259368,
-31679264,
-24345368,
2068240,
-54321328,
-16012704,
-29350544,
-47907400,
-37771032,
-27799120,
-52120868,
-37616384,
-3819871,
-18376196,
-18594480,
-276240,
-21238832,
-16209029,
-34047324,
-40303108,
-16824152,
-9246830,
-34241668,
18169148,
-57377572,
-10226218,
-30772948,
-14525807,
-39299164,
-3174060,
-18597416,
1565757,
-12731852,
109481,
-25265172,
-31375088,
-37948096,
-25048880,
-22341748,
-16763173,
-10857224,
-7312927,
-29484840,
17705980,
-42511064,
-12406873,
13088896,
-15936390,
-52493928,
-29139924,
6665368,
-20513592,
-60266120,
4601405,
-8138666,
-37588288,
-35972032,
-26330716,
-31070144,
4376802,
-24486984,
-19372032,
-63180036,
7871917,
-35407908,
1778470,
-37744552,
-38720608,
-49905640,
781546,
-11415501,
-19412068,
-52188312,
-26722904,
5900424,
760071,
-33721412,
-39659856,
-16862800,
-27708332,
-30718360,
-22389312,
-13796399,
9705281,
-39956168,
-26354,
-27238748,
-10370882,
-20650352,
-18081584,
-19448920,
-26965992,
-27730452,
-13768083,
-27664568,
-11027854,
-46836128,
-4887289,
-27975004,
-57301180,
8500132,
-24335032,
-34437716,
-4427661,
-26641632,
9561923,
-5681984,
-16469736,
-30874956,
-43220344,
-22702740,
-3409799,
-19719604,
6637269,
-29775704,
-29187576,
-26850148,
-22037784,
-11127028,
-26845476,
-43501980,
-30232560,
-50706824,
2009405,
-27607244,
-14286384,
-31278132,
-14394313,
-16811472,
-27645064,
-15827982,
-24575724,
-8087278,
-38738040,
-37217208,
-26690672,
5329587,
-16062041,
-12488669,
-11359425,
-24521140,
-41642128,
-57559560,
9527732,
-40170848,
-37537328,
-23013260,
-41955640,
-43188744,
-34246812,
-29905632,
-31848408,
-30581080,
-40371584,
-34814640,
-12773613,
-17615532,
-44969024,
-29214616,
-5730299,
-18079792,
-47881300,
-46183292,
6802052,
-35481080,
-19850072,
-29216500,
-21703628,
4767652,
-19097896,
1759565,
-6199821,
3311312,
-11782202,
-14301119,
-8457569,
2067845,
11464874,
-12968069,
-2776717,
3858520,
-1024,
-25050460,
21788208,
14212703,
3721577,
-17949488,
-23868888,
-6919578,
-8481516,
-14486959,
-16195825,
-5247180,
-12955351,
9725127,
93494,
-19972332,
-10928755,
-5469399,
4323465,
13589475,
2379529,
29221272,
13673056,
37175312,
1746923,
18192600,
11996249,
503615,
-33580128,
-50031480,
1238010,
-30751640,
-97717,
-22874744,
6154559,
-6517453,
-5082328,
-13683392,
22241096,
6042210,
37487436,
29818472,
16230203,
23721160,
30125660,
23506752,
-1378027,
-6662225,
4537678,
-24458940,
-10410465,
-5575625,
-17715200,
-20226936,
26707772,
10950477,
10160309,
25288108,
5058356,
19115568,
26930252,
-660814,
1274736,
23868096,
-12861171,
8617538,
-12828827,
16439806,
-19357664,
5811098,
10424554,
3417005,
-17706656,
-17775472,
-14061568,
-4607683,
2774836,
6343325,
-11038664,
25032356,
11383557,
-1656504,
-8073917,
49902368,
17581132,
15640924,
15459605,
-17495204,
-660302,
-5197824,
211874,
11573481,
3105711,
13288844,
7693728,
26459856,
45230108,
-9153939,
14339931,
7474848,
16374373,
11231519,
-7171743,
8792443,
5988465,
1394440,
-8800482,
-373618,
-4357535,
10480830,
4101405,
33736252,
19993512,
-882238,
33709116,
36415304,
22876696,
4306290,
8376790,
3886265,
17918076,
4188736,
4145515,
15252904,
7450553,
-34708152,
6337175,
-18847152,
-15273943,
3054785,
3702070,
24336420,
-17594120,
18759984,
2201990,
11684431,
-13266865,
-38199436,
-2578338,
-12668376,
8458872,
13565166,
-2894906,
20587336,
15222811,
-9169042,
-7523805,
-2949295,
-19188776,
-7897216,
-4082838,
10953143,
-18963304,
15182071,
16804220,
11512301,
14855770,
20809844,
11708537,
-24831132,
17062732,
12534324,
2089799,
27511644,
43374872,
5397880,
-15645881,
15361695,
-14319566,
-17129076,
-4568459,
13127181,
-5145126,
-2986165,
-3358261,
-13967301,
10770287,
-7343566,
13884063,
-9895421,
16542635,
14202735,
-3599812,
22883380,
14803015,
3938835,
-11235447,
15893229,
-3853329,
5978463,
-1761494,
-6074623,
-5224425,
-10541940,
26946832,
35201780,
1684937,
-19045128,
5548389,
-6317818,
-12835057,
25883644,
12018762,
28815184,
26419340,
11285745,
-909984,
6555754,
3261023,
-13091344,
-8879343,
3524156,
-13602278,
-5214105,
15672139,
3431046,
22117588,
20188928,
-1728029,
5984156,
-640571,
37311944,
27230564,
31297444,
37462496,
34684104,
25835100,
1392791,
10614093,
-24344216,
-26467180,
-6151400,
6138387,
7116081,
23651828,
757452,
-7758873,
1064790,
-5029825,
18259900,
8271537,
38058508,
14787716,
31489668,
23249032,
8641790,
-9100037,
8775415,
-9643480,
-16930108,
-3139991,
-23183388,
-6231716,
20544232,
32272816,
15544189,
-7957412,
6104920,
-22526860,
26356908,
7646116,
49446812,
14979340,
45728372,
-2973327,
24429784,
-1895931,
1911995,
-21624956,
-1390992,
16649151,
-7348419,
-13490663,
11805738,
-35983152,
-4901711,
-994625,
-23093896,
-13351555,
15004129,
15047141,
26729728,
33802884,
22274740,
16031743,
35811496,
19983648,
-10047098,
11630214,
-3160184,
12949947,
2838452,
-14461197,
2441572,
-2572273,
-8302096,
7042582,
2205538,
16625945,
-13053704,
-8191227,
41342760,
19820676,
35368252,
8310005,
15667417,
-4342614,
-9678826,
-15948068,
-21151016,
-17364692,
-25167760,
-2336067,
16950564,
17731020,
-8988536,
-28364432,
2455150,
-18069872,
737323,
9802004,
38269020,
34105344,
25704044,
8911215,
20985004,
-3427596,
-2352357,
6474605,
-9685724,
-128950,
-21930380,
8109456,
9377264,
4049423,
-27338320,
-6154517,
1926246,
27009672,
-5128776,
15283279,
34479864,
13628055,
10970796,
24049120,
19501328,
3479373,
2345539,
-29392232,
4112330,
-15499450,
-19694848,
12852938,
-19153644,
-16370889,
-8387977,
4839064,
20193724,
-2425795,
-8505156,
-6794310,
26361876,
14518101,
10613789,
-8540277,
628287,
-21231508,
-13775989,
-11044136,
-27045288,
-11492661,
-33192500,
-26046116,
-18986260,
-24266172,
-17221432,
-348120,
-8448638,
72794,
-14232206,
-22234168,
21155664,
14589435,
8742858,
15421723,
-8980278,
-19674896,
-20696128,
-16894516,
-17801340,
-11435290,
-19529472,
-7082512,
-2037878,
-11892167,
-24452900,
-5243739,
-13592806,
-12262826,
254965,
-3674696,
3116968,
-11895375,
14212701,
3721575,
-17949492,
-23868888,
-6919580,
-8481518,
-14486961,
-16195827,
-5247182,
-12955353,
9725125,
93492,
-19972332,
-10928757,
-5469401,
4323463,
13589473,
2379527,
29221268,
13673054,
37175312,
1746921,
18192600,
11996247,
503613,
-33580128,
-50031480,
1238008,
-30751640,
-97719,
-22874744,
6154557,
-6517455,
-5082330,
-13683394,
22241096,
6042208,
37487436,
29818472,
16230201,
23721160,
30125660,
23506752,
-1378029,
-6662227,
4537676,
-24458940,
-10410467,
-5575627,
-17715200,
-20226940,
26707772,
10950475,
10160307,
25288108,
5058354,
19115568,
26930252,
-660816,
1274734,
23868096,
-12861173,
8617536,
-12828829,
16439804,
-19357664,
5811096,
10424552,
3417003,
-17706656,
-17775476,
-14061570,
-4607685,
2774834,
6343323,
-11038666,
25032356,
11383555,
-1656506,
-8073919,
49902368,
17581132,
15640922,
15459603,
-17495204,
-660304,
-5197826,
211872,
11573479,
3105709,
13288842,
7693726,
26459856,
45230108,
-9153941,
14339929,
7474846,
16374371,
11231517,
-7171745,
8792441,
5988463,
1394438,
-8800484,
-373620,
-4357537,
10480828,
4101403,
33736252,
19993512,
-882240,
33709116,
36415304,
22876696,
4306288,
8376788,
3886263,
17918076,
4188734,
4145513,
15252902,
7450551,
-34708152,
6337173,
-18847156,
-15273945,
3054783,
3702068,
24336420,
-17594120,
18759984,
2201988,
11684429,
-13266867,
-38199436,
-2578340,
-12668378,
8458870,
13565164,
-2894908,
20587336,
15222809,
-9169044,
-7523807,
-2949297,
-19188780,
-7897218,
-4082840,
10953141,
-18963304,
15182069,
16804216,
11512299,
14855768,
20809844,
11708535,
-24831132,
17062732,
12534322,
2089797,
27511644,
43374872,
5397878,
-15645883,
15361693,
-14319568,
-17129076,
-4568461,
13127179,
-5145128,
-2986167,
-3358263,
-13967303,
10770285,
-7343568,
13884061,
-9895423,
16542633,
14202733,
-3599814,
22883380,
14803013,
3938833,
-11235449,
15893227,
-3853331,
5978461,
-1761496,
-6074625,
-5224427,
-10541942,
26946832,
35201780,
1684935,
-19045128,
5548387,
-6317820,
-12835059,
25883644,
12018760,
28815184,
26419336,
11285743,
-909986,
6555752,
3261021,
-13091346,
-8879345,
3524154,
-13602280,
-5214107,
15672137,
3431044,
22117584,
20188924,
-1728031,
5984154,
-640573,
37311944,
27230564,
31297440,
37462496,
34684104,
25835096,
1392789,
10614091,
-24344216,
-26467184,
-6151402,
6138385,
7116079,
23651824,
757450,
-7758875,
1064788,
-5029827,
18259900,
8271535,
38058508,
14787714,
31489668,
23249032,
8641788,
-9100039,
8775413,
-9643482,
-16930108,
-3139993,
-23183392,
-6231718,
20544228,
32272816,
15544187,
-7957414,
6104918,
-22526860,
26356908,
7646114,
49446812,
14979338,
45728372,
-2973329,
24429784,
-1895933,
1911993,
-21624960,
-1390994,
16649149,
-7348421,
-13490665,
11805736,
-35983152,
-4901713,
-994627,
-23093900,
-13351557,
15004127,
15047139,
26729728,
33802884,
22274740,
16031741,
35811496,
19983648,
-10047100,
11630212,
-3160186,
12949945,
2838450,
-14461199,
2441570,
-2572275,
-8302098,
7042580,
2205536,
16625943,
-13053706,
-8191229,
41342760,
19820676,
35368252,
8310003,
15667415,
-4342616,
-9678828,
-15948070,
-21151016,
-17364692,
-25167760,
-2336069,
16950564,
17731020,
-8988538,
-28364432,
2455148,
-18069872,
737321,
9802002,
38269020,
34105344,
25704044,
8911213,
20985000,
-3427598,
-2352359,
6474603,
-9685726,
-128952,
-21930380,
8109454,
9377262,
4049421,
-27338320,
-6154519,
1926244,
27009672,
-5128778,
15283277,
34479864,
13628053,
10970794,
24049120,
19501324,
3479371,
2345537,
-29392236,
4112328,
-15499452,
-19694848,
12852936,
-19153648,
-16370891,
-8387979,
4839062,
20193724,
-2425797,
-8505158,
-6794312,
26361876,
14518099,
10613787,
-8540279,
628285,
-21231512,
-13775991,
-11044138,
-27045288,
-11492663,
-33192504,
-26046116,
-18986260,
-24266176,
-17221432,
-348122,
-8448640,
72792,
-14232208,
-22234168,
21155664,
14589433,
8742856,
15421721,
-8980280,
-19674896,
-20696132,
-16894516,
-17801340,
-11435292,
-19529472,
-7082514,
-2037880,
-11892169,
-24452904,
-5243741,
-13592808,
-12262828,
254963,
-3674698,
3116966,
-11895377,
-3586192,
22459952,
18183772,
-9438602,
138809,
2563870,
8827725,
-738757,
12259545,
-917999,
16550453,
-3656475,
-3337721,
-1421094,
1901407,
-10139978,
1746670,
-24946540,
10907111,
10256486,
-8516312,
-36503576,
-8582840,
-13105273,
-15228733,
-25456700,
-26264172,
12027250,
-9950540,
7088259,
22223836,
-17856768,
-16530542,
-13373011,
-19466152,
6126775,
-5574516,
-24969092,
26072484,
29455508,
-15749922,
-470508,
7652286,
3637208,
-8139585,
-11159134,
-32974056,
1953327,
-8783198,
6453933,
-19127164,
6226327,
-8102954,
-14492231,
-28106604,
19700732,
-16755841,
-17352404,
27677364,
-1533420,
-18056576,
3994875,
-15852135,
-20242880,
446125,
-23214424,
-19834028,
-1016982,
11975106,
-27980168,
-14837119,
16845696,
-27268920,
10337663,
3656934,
-23924140,
-23296960,
-18570076,
21740340,
3362184,
-8214233,
13793917,
-18307336,
-9248730,
12005757,
-29046276,
-9918366,
-9183468,
-14021891,
-22333488,
-2213760,
-14141919,
-25489996,
17501180,
-29765084,
-12118982,
-10268011,
-26299440,
28687760,
5639650,
-34632424,
15605672,
-9007927,
-21011012,
3466104,
-6952088,
-6680775,
3806597,
-12921279,
4137216,
-9044456,
3868452,
-14766653,
8403953,
-3293667,
-19329788,
-6422756,
-5985850,
16644475,
-18052416,
-18869196,
37580016,
-17374032,
-15877692,
-23286088,
-24437992,
-403376,
-484203,
-6944428,
2068877,
-22786664,
-8174551,
-2927788,
12703240,
-5327096,
-34866672,
15096438,
-6918723,
20840716,
-128778,
-13020240,
2848662,
-9852494,
-7930501,
-27312208,
-27861660,
-19883836,
1602665,
-7092178,
-19723216,
-10307545,
5186964,
-16128038,
-42916252,
-18332412,
-21686144,
3829846,
-19523436,
27265004,
4040934,
-14804909,
21426800,
-6379153,
12132065,
-14130954,
-9301186,
6002811,
17081,
-13042424,
-11407373,
2883874,
-4420225,
-33916788,
10079355,
-2000504,
5646723,
-21220640,
6678396,
29688888,
-3377190,
-9691339,
15473923,
-28643472,
-17916824,
-11057827,
-15678486,
-25293452,
-21254476,
-6014808,
-3450749,
-3882492,
-12046803,
-3996310,
-8748535,
-31838224,
-2371689,
-20742916,
1142244,
17502692,
-7106297,
-17815856,
-9098566,
-27210888,
-2396795,
-19300284,
-14973242,
-7066988,
12374613,
-13720808,
-26304980,
-15422546,
-570137,
-12568493,
-9648104,
-7986157,
15332096,
-20735112,
-23898484,
-3457276,
-10834314,
-30604920,
18596088,
-9124629,
11002420,
-21028,
-3037946,
-12131078,
-4985891,
-22263636,
-13204313,
-20990976,
12112286,
-9836699,
-34656700,
-22632096,
2048969,
169869,
-20431952,
-873915,
15725629,
-18492044,
28179084,
-14876027,
-4206146,
-9852284,
-21695144,
-27224372,
-7906540,
-19318044,
-16817000,
-10384984,
11798797,
-13528687,
-2692868,
9849502,
6245833,
-18948400,
-5271960,
21831540,
-4684339,
-2010429,
8334463,
-19275568,
-5976778,
23543268,
-22439308,
-14944236,
1097208,
17038884,
19350112,
-11057017,
-21505780,
-5431312,
-9786767,
-15282361,
-9905950,
-4200867,
13819432,
10800855,
-13820019,
-13793568,
11946127,
-10763,
7378322,
-20213736,
-22397720,
-17663532,
-5255010,
-16925836,
-17322528,
-33904356,
-15213415,
-16277323,
4021207,
-16155462,
640528,
-8538105,
-30334672,
7068696,
-11645915,
-20929376,
-4114589,
-15290480,
16913292,
-9569099,
10857690,
-9981162,
225976,
-36197932,
-26119360,
-21107936,
15727362,
-14452788,
-1326220,
-4022250,
-179604,
-11310364,
-7153819,
30054836,
12118861,
-13866444,
-81497,
-9717460,
-519333,
-17303004,
-14797987,
-17639880,
-3334100,
-8588301,
-18775440,
-9623141,
19203696,
-7279826,
-14827973,
-9228661,
-12658227,
-16915400,
-20194260,
24931580,
-4140143,
-13790052,
4815671,
-29824756,
7490094,
-9861111,
-20838576,
-8391127,
-12583666,
9515395,
-8210533,
1062154,
-21843532,
-1370750,
8458521,
571280,
4498703,
6929108,
583525,
35137080,
4045294,
-18576804,
9242508,
-2159356,
9861880,
-10771043,
535452,
22497580,
-4149862,
6311705,
-23145600,
-18858164,
-42097,
8302332,
-10937335,
7673179,
8700257,
-14991991,
-28319632,
3699639,
-9167763,
-6900143,
10486231,
-3206243,
-28730504,
-2236790,
5065905,
7550300,
-2213163,
3608106,
-19365872,
-7410799,
13473373,
3693158,
15452304,
8973445,
-9788885,
-329217,
-10472405,
14166737,
-4530499,
-3586194,
22477892,
18123268,
-9530223,
29412,
2397419,
8651535,
-880610,
12093027,
-1020281,
16412359,
-3769084,
-3493018,
-1537631,
1747150,
-10294895,
1652155,
-25006828,
10809937,
10104249,
-8516314,
-36578032,
-8668922,
-13271245,
-15354047,
-25639900,
-26477980,
11855270,
-10123794,
7013797,
22117160,
-17969220,
-16687368,
-13533003,
-19609844,
5970605,
-5671764,
-25025044,
26019608,
29324584,
-15749924,
-537871,
7653020,
3580868,
-8157292,
-11273120,
-33091896,
1895185,
-8910855,
6360658,
-19175612,
6146493,
-8194386,
-14573173,
-28169340,
19683136,
-16786264,
-17401168,
27592956,
-1617341,
-18056576,
3935761,
-15912014,
-20285272,
357936,
-23248592,
-19916136,
-1134029,
11882794,
-28026720,
-14887209,
16790508,
-27322436,
10307571,
3634651,
-23964996,
-23332696,
-18583332,
21685856,
3272932,
-8214235,
13702367,
-18322380,
-9324976,
11989180,
-29139348,
-9989286,
-9244160,
-14076208,
-22352932,
-2344849,
-14171385,
-25520320,
17431380,
-29778452,
-12086764,
-10341156,
-26350948,
28635064,
5570033,
-34632424,
15457815,
-9128544,
-21070684,
3378130,
-7003855,
-6751621,
3706304,
-12945627,
4046823,
-9056548,
3814324,
-14838055,
8337141,
-3356611,
-19352232,
-6493345,
-6066734,
16542728,
-18126620,
-18869196,
37563880,
-17460436,
-15928438,
-23392468,
-24490080,
-468913,
-599465,
-7000079,
2028840,
-22856232,
-8256817,
-2992875,
12684878,
-5397478,
-34915040,
15073486,
-6945500,
20824140,
-183527,
-13020242,
2721415,
-9878762,
-7949164,
-27408640,
-27948968,
-19963784,
1488738,
-7132155,
-19768608,
-10309587,
5134883,
-16199026,
-43016284,
-18439736,
-21789928,
3779099,
-19544348,
27183148,
3990023,
-14804911,
21367636,
-6392925,
12126453,
-14192260,
-9346578,
5954869,
-41826,
-13110766,
-11462039,
2851232,
-4458569,
-33955732,
10032687,
-2069101,
5581951,
-21335648,
6640909,
29640696,
-3391319,
-9691341,
15428991,
-28743940,
-18005564,
-11098923,
-15769777,
-25398004,
-21375248,
-6103776,
-3563431,
-3949304,
-12105711,
-4089132,
-8714622,
-31889152,
-2409626,
-20855920,
1072021,
17419460,
-7143631,
-17815856,
-9142683,
-27265968,
-2433114,
-19357404,
-15007376,
-7131505,
12325906,
-13829698,
-26360568,
-15529140,
-627514,
-12631744,
-9676411,
-8019054,
15307570,
-20795824,
-23994876,
-3508567,
-10904011,
-30604924,
18484596,
-9170117,
10921838,
-46302,
-3080953,
-12219788,
-5068257,
-22336056,
-13320143,
-21081244,
12061068,
-9875971,
-34736516,
-22731500,
1930167,
115955,
-20506416,
-910382,
15679587,
-18492044,
28171280,
-14907905,
-4261303,
-9912151,
-21733832,
-27341160,
-8028783,
-19366724,
-16863416,
-10492086,
11781827,
-13568469,
-2741830,
9776219,
6156581,
-18987672,
-5353748,
21834612,
-4702191,
-2010431,
8310746,
-19267408,
-6027780,
23546980,
-22498472,
-14992178,
983536,
17024328,
19371680,
-11136395,
-21557544,
-5460839,
-9875254,
-15395389,
-9971456,
-4299809,
13751249,
10735828,
-13873268,
-13793570,
11840300,
-46975,
7321965,
-20271112,
-22476768,
-17757728,
-5329135,
-16998012,
-17365368,
-33982132,
-15349093,
-16323185,
3948726,
-16235868,
561075,
-8617351,
-30396992,
6996784,
-11711901,
-20929376,
-4200015,
-15340622,
16879880,
-9566024,
10839488,
-10063313,
158654,
-36260660,
-26211412,
-21223292,
15629560,
-14523682,
-1375182,
-4128077,
-260181,
-11375136,
-7228536,
30009956,
12107707,
-13866446,
-130714,
-9702559,
-557479,
-17350436,
-14849351,
-17721328,
-3417954,
-8693363,
-18804768,
-9719788,
19182216,
-7321350,
-14850671,
-9275141,
-12720449,
-16965368,
-20215680,
24840624,
-4184524,
-13790054,
4751214,
-29904060,
7420222,
-9884569,
-20880908,
-8454369,
-12667308,
9399878,
-8274795,
989076,
-21937880,
-1460512,
8413639,
564613,
4501251,
6906496,
598058,
35130968,
4021300,
-18576804,
9201665,
-2206447,
9799047,
-10876105,
418811,
22443008,
-4218969,
6220158,
-23226248,
-18921664,
-120639,
8184563,
-11034493,
7614802,
8644470,
-15048645,
-28344884,
3686887,
-9250130,
-6900145,
10421786,
-3199933,
-28779332,
-2302962,
5029356,
7516153,
-2265820,
3542762,
-19387636,
-7452236,
13475490,
3664951,
15418611,
8988618,
-9764095,
-323325,
-10488791,
14173240,
-4526036,
-2862374,
-4483663,
3247399,
12651569,
15084153,
14662832,
16612906,
14214720,
5723706,
12765010,
-10040318,
-4077678,
5748194,
11693235,
-11367443,
17453484,
7232480,
-2947649,
-7522417,
3250177,
-6117962,
29640524,
-2981392,
7401860,
20711324,
16589760,
34510084,
-7079766,
34060856,
-6078014,
12434592,
33057488,
25397076,
21061220,
9309827,
-5405356,
-13039103,
12688702,
1015139,
9672557,
-5387389,
30072032,
-6296097,
10745486,
3991288,
-6040593,
46358280,
8661415,
33280224,
19681352,
38480968,
20832972,
5474788,
21409716,
8067687,
-6269842,
18025288,
4186213,
12924900,
37471448,
-7854701,
24016604,
11118574,
13528511,
14547180,
29322524,
13244335,
4401479,
16607047,
16833276,
30486412,
26960584,
21708212,
3755506,
-7022291,
16902728,
18088212,
9002984,
-8705858,
9345072,
-31734016,
42841088,
-1480185,
30255912,
-15305385,
-2868645,
6213500,
2618077,
4468101,
-5463565,
7250436,
8404843,
20392148,
4585399,
16148544,
-10335979,
4804553,
14262832,
501088,
3165282,
-3383290,
36049460,
20729428,
39422168,
23458468,
7296345,
-2369248,
16292607,
-8454645,
-7759553,
3450054,
9415781,
3369080,
5141742,
22805584,
18619996,
-6232997,
-3694652,
16836552,
20307356,
-9697567,
13801850,
24165648,
12333796,
33780348,
18357724,
13232225,
35604880,
5603512,
10582727,
13064163,
27317332,
11864354,
6568689,
16500758,
33112924,
-15008146,
-7677203,
-3216502,
1492498,
-25014576,
31492652,
10162890,
7983990,
16135657,
11916623,
22112304,
22756796,
-3974236,
24902296,
-9705270,
1085934,
7899258,
32387916,
18640140,
27505692,
19550084,
4553890,
16067998,
1441315,
-8422804,
4784073,
8756317,
-4766786,
316180,
11586073,
-7143318,
28832796,
9781053,
18581148,
4189259,
-2216286,
10515886,
-14111983,
9360366,
2562028,
22468520,
4048043,
17818284,
1037624,
-13812986,
5556458,
8488628,
28289452,
9809039,
17549184,
19035936,
24849884,
2998673,
16757249,
19237584,
3982497,
27117696,
-21071780,
19970720,
-2965560,
19371996,
3878179,
6868500,
20645688,
-9252186,
30374344,
6297789,
654632,
-3195197,
6331959,
8058294,
6442597,
30211168,
29583860,
20520696,
3645165,
-770928,
-4548195,
18749112,
14788389,
15765155,
21927572,
8704606,
9020291,
-17479608,
21808792,
437259,
-5671316,
14136888,
1812529,
23727848,
30639272,
5477501,
30691944,
17387748,
-13165755,
-2967636,
9443735,
13504001,
28673040,
-3255086,
12872832,
806757,
-3026747,
9058623,
2429992,
4837345,
13634283,
11566225,
20754068,
24358284,
15031621,
-10439442,
-17599984,
13529502,
1344231,
-8600240,
4210904,
-5157487,
16239259,
4518294,
8341338,
-14124488,
62091,
-26364624,
17406276,
-13391657,
8801428,
-11700029,
30422920,
24359856,
14378098,
4517595,
-16263625,
24752944,
35231520,
6396804,
11042466,
31935412,
27875776,
17911604,
7961287,
11730759,
9583294,
-3075481,
25154212,
5412495,
-1811028,
4089262,
8814569,
34940876,
16675426,
25026872,
28334636,
15477945,
24262492,
-9087701,
7321163,
12673437,
162300,
-7079211,
23220088,
7107823,
10957743,
-13381861,
30432496,
552205,
8440478,
18346904,
-5795524,
20938552,
11865715,
17812940,
6556820,
9823942,
-18015972,
11293030,
22670608,
5504747,
11808705,
41238,
1846927,
5000086,
6998829,
-24265460,
25966680,
6208689,
17461440,
11828222,
3013778,
31306912,
12883294,
19393324,
1638054,
11702779,
-8535931,
16133151,
4654387,
-1532899,
-4378631,
9858263,
5069877,
7111459,
25794528,
-11529798,
12827858,
6333152,
10961527,
10418294,
30955416,
-4327850,
12989302,
24244844,
8870658,
-705345,
27901696,
19023800,
16658702,
1964965,
8439767,
9195962,
-2914235,
-12527146,
18583772,
-6285273,
20036264,
28816088,
39569784,
29545416,
22098392,
6711540,
3263327,
15942803,
32744332,
26363452,
16245432,
25534164,
44036700,
11187477,
17728040,
16924580,
30879040,
28363340,
17186984,
-6435115,
17347384,
-13442869,
4210840,
-5024619,
-3765790,
-5139453,
183341,
2100455,
-3514297,
3008293,
-12864043,
-13672643,
-3387927,
-7193844,
7218750,
-10370935,
4881088,
-12413625,
8011236,
-2862376,
-4483665,
3247397,
12651567,
15084151,
14662830,
16612904,
14214718,
5723704,
12765008,
-10040320,
-4077680,
5748192,
11693233,
-11367445,
17453484,
7232478,
-2947651,
-7522419,
3250175,
-6116299,
29563372,
-3062994,
7352030,
20640080,
16524178,
34447868,
-7138752,
33987256,
-6166468,
12362426,
32984816,
25362452,
20934212,
9308089,
-5444822,
-13070893,
12607356,
933365,
9672555,
-5485938,
29981448,
-6333031,
10650410,
3945536,
-6111954,
46306808,
8556608,
33207216,
19590568,
38416424,
20828760,
5450706,
21374820,
8060892,
-6334316,
17993504,
4157435,
12899398,
37471448,
-7833900,
24039348,
11114018,
13489495,
14554526,
29318956,
13233441,
4450717,
16667479,
16798192,
30516740,
26948872,
21679788,
3838124,
-6964903,
16904796,
18082600,
9037078,
-8692092,
9345070,
-31719672,
42910984,
-1445151,
30300280,
-15245723,
-2785771,
6182133,
2652335,
4471695,
-5429951,
7286626,
8451505,
20468720,
4701193,
16172002,
-10288501,
4856399,
14295978,
466150,
3165280,
-3342747,
36093836,
20805164,
39447416,
23480096,
7336887,
-2349358,
16280393,
-8428279,
-7777959,
3445520,
9502359,
3455228,
5117448,
22850300,
18605712,
-6215831,
-3652834,
16803840,
20307352,
-9670794,
13845964,
24248492,
12396778,
33790108,
18362376,
13288879,
35632208,
5668594,
10571765,
13085581,
27350732,
11905812,
6646207,
16578852,
33148020,
-14973980,
-7662925,
-3217640,
1492496,
-24991016,
31506676,
10202230,
8007782,
16157331,
11972721,
22132476,
22815444,
-3922154,
24951224,
-9637486,
1120612,
7964790,
32472484,
18680432,
27543940,
19576860,
4582633,
16010620,
1441313,
-8450601,
4799147,
8758023,
-4731260,
355922,
11625639,
-7112840,
28889144,
9836387,
18625544,
4240837,
-2176748,
10517688,
-14091329,
9412638,
2647196,
22480252,
4117961,
17838936,
1037622,
-13795902,
5610772,
8454362,
28330756,
9853917,
17569324,
19114988,
24910364,
3077975,
16820588,
19267720,
3983261,
27194960,
-21066168,
20039312,
-2939807,
19406676,
3906397,
6853198,
20645688,
-9197363,
30407228,
6301023,
713025,
-3170211,
6341213,
8043524,
6503527,
30243808,
29610380,
20576540,
3689787,
-751726,
-4506077,
18803824,
14806795,
15760021,
21935900,
8712988,
9020289,
-17446460,
21863068,
500497,
-5671154,
14170290,
1830377,
23730652,
30691036,
5555019,
30726624,
17446508,
-13109909,
-2906184,
9464189,
13552251,
28749796,
-3209782,
12954126,
825880,
-3026749,
9047193,
2446310,
4864327,
13641453,
11601211,
20801244,
24398572,
15081081,
-10388956,
-17580060,
13594780,
1411549,
-8576974,
4247386,
-5134073,
16300715,
4547108,
8429228,
-14036514,
62089,
-26300108,
17451428,
-13366785,
8811490,
-11645463,
30488756,
24394044,
14325056,
4490565,
-16198875,
24746312,
35251664,
6409370,
11063884,
31924440,
27906316,
17937516,
8028097,
11702197,
9583292,
-3099453,
25159820,
5380617,
-1825310,
4090280,
8875143,
34942508,
16695780,
25046484,
28401700,
15521111,
24358120,
-9085559,
7316949,
12721119,
204702,
-7048357,
23244888,
7115981,
10957741,
-13347693,
30460288,
576427,
8425176,
18339692,
-5748562,
21016180,
11907279,
17774688,
6570182,
9871216,
-17982032,
11298232,
22681092,
5502416,
11798928,
66482,
1879611,
4961256,
6998827,
-24232256,
25988100,
6248315,
17470924,
11848800,
3016580,
31341848,
12896552,
19415048,
1664107,
11741789,
-8501505,
16150489,
4682827,
-1479096,
-4349817,
9879937,
5107297,
7130071,
25794528,
-11511515,
12872778,
6356610,
11016561,
10395986,
30981784,
-4291896,
13005366,
24294312,
8902304,
-640983,
27940200,
19053364,
16704856,
1987749,
8451240,
9222528,
-2866953,
-12509552,
18583772,
-6260540,
20057680,
28836276,
39611856,
29580348,
22125164,
6713834,
3290610,
15955599,
32823380,
26358092,
16299746,
25589756,
44048428,
11308497,
17851208,
16947924,
30877764,
28327520,
17186984,
-6383443,
17399840,
-13394931,
4213034,
-5022325,
-3756104,
-5156283,
213561,
2119069,
-3459473,
3013747,
-12854357,
-13637398,
-3304965,
-7123398,
7259038,
-10349009,
4935910,
-12407695,
8011234,
-17913872,
-20423856,
21972836,
47775228,
31589932,
10472237,
-5222532,
8634364,
-4458841,
18697752,
-9103753,
9039530,
11304077,
19962992,
11729462,
434095,
-10275701,
12173666,
18929104,
-16304001,
-39169712,
14684949,
25574220,
10417495,
50752640,
24182268,
23440724,
1222588,
15448408,
12878526,
18429136,
55158496,
16013880,
7478734,
14805294,
-4278762,
-14562151,
9312544,
426625,
-42272328,
11945333,
36604728,
38890128,
39231488,
90930960,
44308796,
48634408,
40358664,
40941488,
15687515,
56802408,
57198248,
14601469,
51039088,
36027896,
-23581976,
8218954,
17215020,
22012260,
-8449898,
4214652,
16365090,
11820653,
10133680,
37961640,
58969960,
33643192,
17962104,
39261716,
25142876,
14998509,
36715576,
37822364,
33831392,
-20383060,
-457429,
2928131,
19499928,
22159544,
-15653603,
-15374775,
23002172,
-5452128,
4532699,
28358972,
26875236,
2342447,
-2424119,
45089424,
18681608,
12608523,
50817304,
22077256,
-27259808,
14435891,
7369400,
14612173,
23170960,
13167037,
-12205483,
24802200,
38384720,
29026904,
19221028,
12128155,
21142448,
-11484573,
922671,
15174633,
15871219,
23145932,
26638256,
6528216,
-332004,
2653510,
30477152,
32477028,
27997696,
39698572,
3051484,
15909669,
53824824,
61541004,
32406320,
19575036,
43831840,
24034432,
2373080,
7397595,
-3119818,
30245936,
27620376,
12764157,
59200,
-16199619,
3808047,
-5133283,
5034272,
18380856,
3649125,
6314886,
25236948,
45630328,
60424812,
51798600,
41582372,
22475896,
14122474,
-9739018,
14124178,
22103828,
5980729,
41875120,
59533112,
26840380,
9750746,
-2718554,
6190540,
23260612,
-29745220,
35894776,
25212316,
29458820,
33686144,
36782396,
32416040,
9655505,
2321012,
3408183,
-4326214,
2048809,
13177128,
57439496,
34178336,
40822812,
38298664,
4714753,
-17557204,
903532,
-9868783,
-416027,
7060632,
-2707906,
34791248,
31774624,
29002264,
30053948,
52741020,
13998810,
-19576996,
12189150,
21228828,
14932908,
11337049,
33217268,
25904772,
17332708,
19836844,
17850808,
2965424,
-53071,
21137324,
10305906,
-3073903,
20069828,
47582232,
38348616,
30258676,
24246276,
10686608,
24555544,
17266608,
18876064,
-12454913,
26121004,
59753800,
43291440,
22963584,
16280253,
-14528745,
6832865,
32870436,
1628048,
44861,
54224544,
25328292,
2101369,
47659932,
47980712,
21334904,
8679079,
2885807,
-7682494,
11960434,
2611615,
7868576,
9499900,
12031179,
14473849,
-38891200,
-8367533,
9606373,
-9736935,
-1992315,
36016608,
55956016,
24562128,
3571314,
29596632,
4301769,
-1477664,
-3017166,
33920580,
26008448,
15655851,
19853508,
17750940,
-12162231,
-33945064,
-41007584,
-22325176,
12786330,
11896413,
29784216,
48212304,
79336016,
30739812,
-11856023,
24203956,
25414128,
-5446568,
22223952,
7641824,
19591804,
48728884,
42579848,
-1488821,
-7259794,
14464789,
-15191036,
7582514,
20139564,
-4277542,
3241675,
34036056,
58948056,
49792176,
2856364,
11905432,
35946596,
28516320,
26520972,
28364668,
28159632,
36224872,
17432364,
7112988,
8862870,
-5653572,
-5857369,
-4330602,
-13555214,
-7485548,
17858436,
69869392,
61141308,
44458440,
36008820,
39832432,
34653200,
25443912,
-15011995,
-6146817,
46000184,
56172856,
41308752,
44497008,
28783588,
21536176,
-12137867,
1697969,
19104196,
-3031558,
10896006,
5407621,
29108312,
51947128,
27054864,
18984972,
16963320,
-13089403,
-19486888,
21931480,
36821072,
34740696,
22650976,
11198923,
11125326,
-6782872,
-20439704,
14367698,
6758830,
13128641,
8023144,
12684754,
46432248,
32738008,
32677844,
20797296,
23999240,
4303652,
16214245,
4662342,
5187772,
35364344,
-2789251,
-2973692,
6864005,
15458417,
5078280,
4771399,
11476092,
17283508,
19922224,
-10150,
32490820,
37894768,
35495620,
-7874249,
8468190,
5678420,
25490864,
5386911,
5202506,
3006236,
-38389660,
-17170220,
1248955,
30223404,
4098910,
2091315,
7828803,
28455032,
39645148,
29569188,
30482120,
41936048,
40674232,
27033584,
17909468,
13649581,
33909196,
29034852,
8731747,
881412,
11547817,
15794537,
19774992,
38330672,
15159269,
-17913872,
-20423856,
21972832,
47775228,
31589928,
10472235,
-5222534,
8634362,
-4458843,
18697748,
-9103755,
9039528,
11304075,
19962992,
11729460,
434093,
-10275703,
12173664,
18929104,
-16304003,
-39169712,
14684947,
25574216,
10417493,
50752640,
24182268,
23440720,
1222586,
15448406,
12878524,
18429132,
55158496,
16013878,
7478732,
14805292,
-4278764,
-14562153,
9312542,
426623,
-42272328,
11945331,
36604728,
38890128,
39231488,
90930960,
44308796,
48634408,
40358664,
40941488,
15687513,
56802408,
57198248,
14601467,
51039088,
36027896,
-23581980,
8218952,
17215016,
22012256,
-8449900,
4214650,
16365088,
11820651,
10133678,
37961640,
58969960,
33643192,
17962100,
39261716,
25142872,
14998507,
36715576,
37822364,
33831392,
-20383060,
-457431,
2928129,
19499924,
22159540,
-15653605,
-15374777,
23002168,
-5452130,
4532697,
28358972,
26875236,
2342445,
-2424121,
45089424,
18681604,
12608521,
50817304,
22077256,
-27259812,
14435889,
7369398,
14612171,
23170956,
13167035,
-12205485,
24802196,
38384720,
29026900,
19221024,
12128153,
21142448,
-11484575,
922669,
15174631,
15871217,
23145932,
26638256,
6528214,
-332006,
2653508,
30477152,
32477028,
27997692,
39698572,
3051482,
15909667,
53824824,
61541004,
32406316,
19575036,
43831840,
24034432,
2373078,
7397593,
-3119820,
30245932,
27620372,
12764155,
59198,
-16199621,
3808045,
-5133285,
5034270,
18380852,
3649123,
6314884,
25236944,
45630328,
60424812,
51798600,
41582372,
22475896,
14122472,
-9739020,
14124176,
22103824,
5980727,
41875120,
59533112,
26840376,
9750744,
-2718556,
6190538,
23260608,
-29745224,
35894776,
25212316,
29458820,
33686144,
36782396,
32416036,
9655503,
2321010,
3408181,
-4326216,
2048807,
13177126,
57439496,
34178336,
40822812,
38298664,
4714751,
-17557204,
903530,
-9868785,
-416029,
7060630,
-2707908,
34791248,
31774620,
29002264,
30053944,
52741020,
13998808,
-19577000,
12189148,
21228824,
14932906,
11337047,
33217264,
25904768,
17332704,
19836840,
17850808,
2965422,
-53073,
21137324,
10305904,
-3073905,
20069824,
47582232,
38348616,
30258676,
24246276,
10686606,
24555544,
17266608,
18876064,
-12454915,
26121004,
59753800,
43291440,
22963580,
16280251,
-14528747,
6832863,
32870432,
1628046,
44859,
54224544,
25328292,
2101367,
47659932,
47980712,
21334900,
8679077,
2885805,
-7682496,
11960432,
2611613,
7868574,
9499898,
12031177,
14473847,
-38891200,
-8367535,
9606371,
-9736937,
-1992317,
36016608,
55956016,
24562128,
3571312,
29596628,
4301767,
-1477666,
-3017168,
33920580,
26008444,
15655849,
19853504,
17750936,
-12162233,
-33945064,
-41007584,
-22325176,
12786328,
11896411,
29784216,
48212304,
79336016,
30739808,
-11856025,
24203956,
25414124,
-5446570,
22223952,
7641822,
19591804,
48728884,
42579848,
-1488823,
-7259796,
14464787,
-15191038,
7582512,
20139564,
-4277544,
3241673,
34036056,
58948056,
49792176,
2856362,
11905430,
35946596,
28516320,
26520972,
28364664,
28159628,
36224872,
17432360,
7112986,
8862868,
-5653574,
-5857371,
-4330604,
-13555216,
-7485550,
17858436,
69869392,
61141308,
44458440,
36008820,
39832432,
34653200,
25443908,
-15011997,
-6146819,
46000184,
56172856,
41308752,
44497008,
28783584,
21536176,
-12137869,
1697967,
19104196,
-3031560,
10896004,
5407619,
29108308,
51947128,
27054860,
18984968,
16963320,
-13089405,
-19486892,
21931480,
36821072,
34740696,
22650976,
11198921,
11125324,
-6782874,
-20439708,
14367696,
6758828,
13128639,
8023142,
12684752,
46432248,
32738004,
32677840,
20797292,
23999240,
4303650,
16214243,
4662340,
5187770,
35364344,
-2789253,
-2973694,
6864003,
15458415,
5078278,
4771397,
11476090,
17283508,
19922220,
-10152,
32490816,
37894768,
35495620,
-7874251,
8468188,
5678418,
25490864,
5386909,
5202504,
3006234,
-38389660,
-17170224,
1248953,
30223404,
4098908,
2091313,
7828801,
28455032,
39645148,
29569188,
30482120,
41936048,
40674232,
27033584,
17909464,
13649579,
33909196,
29034852,
8731745,
881410,
11547815,
15794535,
19774992,
38330672,
15159267,
