# 716 (shape [1, 16, 8, 8]),
-7907,
-13770,
5355,
-20847,
6120,
-19021,
-18376,
-22695,
15045,
-10200,
45900,
24819,
20890,
61200,
26010,
3475,
-14025,
32611,
-30855,
-23935,
4913,
1995,
-15555,
-3155,
16575,
39525,
43819,
-5427,
-36210,
28560,
-20458,
6110,
-19002,
46920,
11730,
32130,
-16575,
8131,
18615,
4240,
7715,
3570,
-5692,
-41508,
41705,
39015,
926,
-21185,
-4094,
152,
-2550,
1275,
-4939,
-26775,
11985,
-9785,
-88023,
-37042,
-38527,
-37234,
-2107,
-26937,
-21662,
-42406,
47543,
-2550,
14025,
35784,
74970,
8340,
50827,
22440,
53550,
13770,
11985,
40062,
20851,
13005,
24225,
24308,
-4335,
-25145,
13515,
18823,
47741,
-24561,
65790,
64598,
20910,
-28050,
12902,
9566,
-23460,
-61710,
-2443,
16705,
1164,
19635,
-4080,
33405,
-765,
52678,
10965,
-15472,
32250,
29070,
27794,
36198,
7065,
60435,
-6547,
-8710,
35858,
-5614,
-6630,
67575,
5948,
63495,
4335,
-1702,
-65712,
-39054,
-16137,
-35044,
-86739,
-49802,
-53777,
-80531,
-120669,
-81600,
-101745,
-133839,
-129285,
-102143,
-105156,
-56610,
-107100,
-60690,
-73950,
-99402,
-116530,
-31110,
-56355,
-38099,
-111180,
-27233,
-126990,
-64319,
-91467,
-27750,
-82365,
-74564,
-126735,
-70125,
-54887,
-61923,
-77010,
-45900,
-102159,
-106079,
-121346,
-52530,
-47940,
-53805,
-82110,
-87643,
-104295,
-92669,
-113196,
-86190,
-94348,
-82289,
-92019,
-72675,
-106399,
-83773,
-96997,
-93628,
-52785,
-46410,
-61009,
-45390,
-72165,
-50084,
-50974,
-42425,
-18212,
-37497,
21070,
-52481,
-44071,
-32835,
81004,
78795,
55335,
72348,
82365,
83871,
94367,
72675,
114495,
93330,
73950,
102669,
87483,
63240,
109140,
101377,
139995,
98175,
86190,
111542,
107828,
106076,
108120,
77662,
105825,
104805,
58036,
98199,
75480,
73185,
62847,
84302,
65283,
64515,
50745,
102255,
100215,
92126,
101745,
48592,
73541,
89250,
52588,
89438,
68024,
58905,
81481,
51140,
125575,
90712,
72675,
86955,
50371,
36720,
65025,
48592,
121210,
61146,
46059,
88790,
33606,
28588,
92049,
16563,
6477,
-13260,
27030,
-14955,
-35445,
11037,
-8635,
11730,
-42840,
28815,
42330,
11340,
-31108,
49215,
-11220,
-11599,
-7905,
46060,
22695,
28253,
-8152,
-4575,
-22440,
10841,
5355,
39015,
62684,
20789,
-3825,
51510,
9686,
46609,
39403,
8670,
44625,
-28050,
-12495,
-2608,
14280,
56741,
-23544,
8925,
36275,
-48127,
15684,
-26010,
25808,
30939,
-63398,
12176,
-255,
-29580,
30653,
5610,
-17340,
-9049,
-60165,
14068,
56489,
-4360,
59458,
-16131,
-782,
14672,
39992,
79560,
92820,
91800,
72930,
129436,
109050,
85170,
32385,
85680,
107610,
73695,
76094,
94095,
108630,
71867,
27540,
87696,
114750,
87779,
66966,
125210,
100980,
79517,
5100,
87720,
110626,
100885,
73950,
108375,
127453,
134519,
12564,
123420,
146880,
91290,
107610,
95785,
100725,
154997,
39239,
94350,
73819,
75902,
91796,
71145,
104972,
117908,
86540,
95534,
104295,
69870,
122822,
59925,
98430,
138422,
46075,
89726,
87099,
15703,
41021,
73331,
98268,
103559,
59593,
97920,
113220,
76665,
64005,
87543,
109123,
68340,
42840,
73185,
96390,
88110,
83376,
83895,
112200,
71127,
58650,
96061,
115515,
46214,
27981,
53781,
114750,
83877,
78540,
111690,
112514,
126384,
72420,
68085,
112875,
154375,
86763,
132090,
100725,
97665,
73440,
130476,
110925,
122637,
102528,
94095,
94382,
86572,
106107,
123675,
100926,
111753,
56150,
59307,
72930,
120870,
72876,
99960,
62985,
86937,
20857,
8090,
4221,
4177,
440,
35330,
52731,
117959,
-100859,
-88230,
-73695,
-74480,
-77775,
-88549,
-92539,
-70380,
-64260,
-77520,
-74205,
-66950,
-104031,
-85935,
-41820,
-68162,
-68085,
-75025,
-87720,
-102119,
-67230,
-80625,
-72165,
-57197,
-111180,
-91800,
-78623,
-58348,
-92055,
-104805,
-39260,
-60440,
-103677,
-74715,
-58650,
-47175,
-76500,
-43446,
-34935,
-7217,
-42188,
-74715,
-37920,
-52798,
-99152,
-52275,
-62118,
-41505,
-62712,
-55386,
-69870,
-52530,
-37128,
-64005,
-18870,
-29657,
41094,
18391,
6800,
-31853,
-47654,
-37136,
-101,
26972,
9038,
6120,
28050,
-201,
33915,
31349,
32440,
1020,
-41565,
24480,
39270,
23532,
-6434,
9180,
-5355,
12851,
-28050,
43150,
38250,
9584,
-7845,
22648,
39015,
6731,
-8160,
20400,
73445,
10734,
15045,
18360,
46214,
38423,
-692,
49980,
51510,
-3825,
24480,
64134,
34170,
43706,
-14766,
4080,
33168,
-1208,
16866,
14025,
19777,
848,
-55800,
-5156,
-255,
38250,
-113,
59670,
37740,
42176,
-37742,
-24552,
2140,
-18800,
6303,
33360,
6642,
10835,
9388,
45645,
45135,
27091,
-4335,
27182,
13160,
35700,
47940,
62220,
66555,
101458,
65603,
113730,
72165,
57905,
17850,
67300,
70380,
44767,
17235,
34321,
62475,
81875,
19635,
69615,
81718,
65380,
45900,
65790,
46429,
118280,
65351,
107100,
94095,
57630,
52785,
70849,
78030,
101765,
56360,
80835,
74605,
61985,
116075,
50745,
24961,
15208,
59648,
58762,
89505,
79305,
116251,
39780,
18105,
28835,
-31294,
25769,
-24952,
-30387,
-3811,
-12244,
-18331,
-55910,
70082,
83385,
29580,
69101,
61965,
42872,
32000,
57375,
114240,
93585,
90270,
142058,
71892,
78285,
81345,
109644,
72165,
80345,
72675,
33196,
27036,
25408,
77520,
67314,
81345,
75735,
92901,
68768,
36210,
14025,
106586,
84516,
84907,
77775,
81345,
83130,
62730,
87928,
119340,
86184,
51172,
44880,
67264,
92549,
96223,
82620,
81747,
48389,
70373,
93879,
87720,
107610,
71802,
64260,
78285,
39009,
83792,
85616,
44120,
53071,
51446,
100837,
78635,
87329,
695,
-8925,
-43860,
-22785,
16575,
-53000,
-23082,
-10710,
-23460,
-37740,
-34170,
-1395,
10146,
-39525,
-5865,
-8212,
-2550,
-21557,
9690,
-5551,
-27649,
10857,
-23205,
-76552,
-10965,
-27795,
-20515,
5790,
-4845,
-27030,
-11019,
-71514,
-48897,
-13770,
-1530,
-2295,
-25755,
18140,
-15555,
-68137,
-54961,
-22950,
-35101,
28133,
-10999,
3060,
-38831,
-84575,
-46534,
-11702,
-765,
28050,
-10781,
-15810,
-12240,
-53857,
-51862,
-36731,
-31061,
-42957,
-45401,
-19975,
3208,
231,
126358,
123420,
88485,
66474,
77775,
23918,
68778,
48195,
168045,
131835,
60180,
77667,
109917,
85680,
161670,
92364,
117555,
76038,
70380,
100540,
63880,
104410,
125970,
109959,
137700,
111435,
83156,
145884,
140505,
88995,
122292,
115656,
94659,
115005,
98175,
143565,
129795,
107290,
151470,
94659,
139669,
168810,
178006,
160813,
125056,
154020,
138482,
124555,
168682,
141644,
119340,
156060,
96152,
167790,
176715,
111744,
100096,
170784,
127920,
101668,
108054,
157513,
155236,
65625,
-37695,
-18615,
-26265,
-54947,
-55590,
-54857,
-67076,
-44370,
14535,
-10455,
-9435,
-10391,
8722,
14280,
9180,
-1009,
7650,
2909,
5355,
9998,
34971,
21632,
13770,
22451,
21165,
17850,
-1863,
-16361,
26520,
15810,
30653,
22873,
1449,
40545,
26010,
52530,
52020,
4086,
23970,
24746,
-2782,
48195,
37680,
45346,
23537,
-16065,
6714,
32440,
79204,
46323,
36465,
27030,
43179,
53805,
49725,
47441,
43679,
33767,
15507,
57561,
25862,
56765,
27643,
25642,
-62854,
-101745,
-80070,
-92125,
-53040,
-62917,
-49386,
-82110,
-70125,
-127755,
-117555,
-139210,
-121748,
-120360,
-104295,
-148277,
-118575,
-119190,
-125970,
-116541,
-108292,
-114244,
-118830,
-116912,
-106335,
-148920,
-129693,
-86048,
-84660,
-115260,
-141187,
-128560,
-143180,
-139230,
-107610,
-102510,
-117555,
-147081,
-148920,
-88097,
-94616,
-114750,
-55788,
-73178,
-120674,
-130305,
-144887,
-68551,
-81577,
-104729,
-80835,
-76755,
-142847,
-45645,
-68595,
-43472,
-59180,
-44749,
-34169,
-42623,
-11854,
19782,
-42932,
-40752,
-27547,
1530,
18105,
6772,
-4080,
13742,
17062,
13770,
9180,
1275,
25245,
23281,
30056,
45135,
74460,
6797,
-20145,
934,
8160,
13087,
35834,
26193,
36210,
34082,
1530,
9690,
17493,
27676,
43605,
33660,
28589,
27048,
-2595,
31875,
30090,
27030,
44115,
21781,
21675,
66212,
39892,
45900,
56396,
50781,
46918,
46410,
24362,
68962,
49398,
37334,
41820,
32895,
40172,
21675,
16830,
46832,
16385,
44935,
5473,
-18375,
-1220,
-611,
7701,
60447,
