# 661 (shape [1, 8, 10, 10]),
2049,
-21165,
-7395,
-11370,
-34165,
-25240,
-12650,
-40290,
-33915,
26010,
-9561,
-28832,
16575,
-28815,
-28560,
-52785,
-2040,
-21870,
3503,
6570,
-2550,
-8415,
11220,
-42585,
-27678,
-14316,
-29835,
-25755,
14142,
36465,
-1118,
-6375,
7140,
19125,
21765,
-5958,
9180,
35249,
38872,
51510,
-15300,
-8160,
-1785,
15555,
10200,
18615,
1823,
34355,
21420,
13005,
-30,
-30345,
-25255,
46920,
8670,
19735,
31620,
-11985,
-21420,
27413,
-7826,
-31772,
-15045,
10455,
-7395,
14280,
-18677,
17340,
-34425,
11475,
-22695,
41055,
-1020,
2470,
-35445,
32385,
-13260,
-17085,
-255,
13770,
-29580,
8770,
-6910,
42838,
19380,
36577,
-23630,
-8847,
8415,
14790,
1718,
26010,
-255,
28815,
10555,
255,
28305,
2295,
25500,
13041,
8562,
-24225,
-24735,
-53210,
-25150,
-13930,
-29590,
-29325,
-58395,
-40545,
30691,
-41672,
-765,
-45135,
-33405,
-46920,
-47430,
-67215,
-6089,
-47300,
19380,
-41565,
-67830,
-61710,
-27435,
-67995,
-70125,
-47940,
-41460,
-56865,
13160,
-9945,
-52530,
-41055,
-25888,
-44591,
-23460,
-5136,
-21816,
-20145,
-25755,
-37230,
-55335,
-23205,
-12240,
-6375,
-15071,
-36660,
-21420,
-49980,
17550,
-27030,
-70160,
-5100,
-14535,
20135,
-40035,
-37995,
-46155,
40382,
-24115,
-68640,
-105825,
-31620,
-20145,
-8160,
-58789,
-45135,
-10710,
4335,
-22185,
-19125,
-39780,
-6273,
-66300,
-39780,
-49215,
-52530,
-45135,
12495,
-44625,
5090,
-65840,
-7249,
-7650,
-24876,
-20420,
-20610,
-77520,
-16575,
13598,
-4335,
-24735,
-35190,
-29335,
-765,
22440,
26775,
-1530,
10972,
-45209,
-58905,
-69870,
-61317,
-74165,
-56570,
-78442,
-93075,
-99195,
-34935,
-4072,
-48767,
-26265,
-52530,
-37230,
-40800,
-19125,
-46940,
-42925,
-105,
-64515,
-75480,
-76500,
-66045,
-81788,
-71252,
-36210,
-28815,
-35123,
-3570,
-30705,
-51000,
-71910,
-53040,
-79486,
-47318,
-43095,
-44578,
-59892,
-13770,
-32640,
-63750,
-57630,
-70125,
-16830,
-36720,
-58612,
-53005,
-54060,
-10965,
-31710,
-49215,
-53067,
-6120,
-20145,
-70537,
-63495,
-83385,
-70890,
-7401,
-18048,
-21302,
-74460,
-36465,
-10710,
-69870,
-67688,
-66810,
-60435,
-18870,
-10200,
2805,
-74715,
-12006,
-79815,
-74970,
-42330,
-17085,
-77520,
-50490,
-27795,
-50647,
-69895,
-45902,
-65790,
-60657,
-49565,
-12657,
-46155,
-24225,
-54046,
-25755,
-13005,
3570,
-38152,
-45135,
-49470,
-45900,
-49215,
14394,
37652,
84915,
86955,
54692,
72545,
64895,
56352,
91545,
90015,
51765,
-27023,
49682,
4845,
31620,
17595,
21165,
47940,
18170,
12266,
2595,
-15300,
70635,
40035,
35955,
52363,
23183,
45900,
6375,
55423,
47940,
-3558,
39780,
23205,
43350,
54047,
42855,
57375,
79136,
41677,
57375,
43350,
66555,
48960,
60180,
41310,
58905,
60025,
51395,
41310,
30600,
19685,
4590,
77037,
42840,
46155,
53037,
51510,
69105,
49980,
85755,
7290,
17512,
16320,
21675,
22440,
19125,
38321,
40035,
58905,
53295,
-3060,
21165,
52785,
24397,
54060,
43605,
69105,
40800,
22185,
71400,
15555,
53802,
74515,
79746,
69105,
72787,
25940,
24087,
62220,
24480,
19512,
25500,
37485,
2550,
9177,
3825,
15045,
15555,
62475,
12264,
19044,
7650,
51255,
76919,
70770,
89385,
74234,
36720,
67575,
105060,
39470,
70656,
124185,
75735,
68340,
69105,
123420,
79095,
117640,
106105,
55845,
88995,
83130,
67320,
77806,
102279,
117555,
34170,
68881,
100215,
58700,
91545,
73185,
91800,
60718,
68626,
70380,
29115,
90571,
88740,
82365,
51510,
70380,
54060,
54060,
26520,
66929,
32565,
53040,
69870,
85505,
61200,
92139,
35190,
66045,
61484,
82365,
45135,
49215,
58398,
46057,
25248,
114240,
79560,
66045,
71400,
87597,
77265,
73695,
102765,
113730,
125205,
86700,
56008,
84405,
112710,
56100,
81090,
45135,
71655,
31875,
44144,
40715,
73988,
96135,
82921,
43740,
35083,
89250,
71655,
27845,
121125,
70890,
98175,
80609,
49980,
30090,
57885,
65025,
45664,
58405,
59415,
62730,
66757,
55410,
33990,
65152,
44370,
22185,
22185,
27214,
69544,
48195,
64005,
71655,
59415,
34425,
56400,
31502,
64515,
-39780,
15555,
20655,
32130,
32311,
28686,
-7395,
29580,
12421,
-3570,
18164,
510,
1530,
14025,
13015,
-832,
-19125,
27128,
23860,
-33660,
-3060,
34935,
6120,
-3825,
15300,
20910,
-17634,
2330,
5865,
-28815,
39285,
57630,
31157,
15810,
17085,
61072,
-14790,
-18360,
24735,
-61230,
-27626,
62650,
29070,
43860,
45900,
71910,
39025,
20400,
31875,
-510,
-13515,
41055,
-14025,
49655,
8415,
-16830,
8925,
34935,
10455,
-12750,
27285,
56227,
44805,
-5697,
-17595,
11110,
-22010,
38395,
-3315,
3315,
38975,
22185,
42330,
26520,
28942,
23715,
30090,
0,
1785,
-1377,
38712,
60945,
60435,
59537,
68605,
69115,
27907,
63495,
49980,
68595,
110544,
60912,
17595,
59925,
50490,
80835,
92565,
71430,
61100,
90950,
70125,
46410,
35445,
44880,
29702,
27828,
39780,
33150,
58772,
73695,
104625,
78030,
48450,
44115,
52262,
20515,
50490,
56544,
67627,
70380,
37995,
87975,
73185,
56100,
26010,
26520,
25055,
45075,
44880,
59415,
19965,
97410,
62957,
52530,
9180,
50347,
43350,
46920,
35700,
72628,
47724,
2616,
59415,
50490,
54060,
5355,
80767,
85170,
88995,
52530,
79815,
85170,
44370,
26477,
31875,
22695,
68850,
69360,
96390,
74460,
89250,
45502,
31745,
20696,
75480,
50542,
87435,
3861,
56610,
63495,
46398,
32895,
58905,
9435,
53662,
9945,
-6120,
36975,
52785,
36482,
-110029,
-103275,
-77520,
-117436,
-114805,
-117355,
-107946,
-93330,
-92310,
-102255,
-20464,
-36861,
-29835,
-44625,
-36720,
-24990,
-40035,
-16770,
-10641,
-58875,
45900,
-63495,
-56100,
-77520,
-26765,
-45885,
-47175,
-37230,
-39005,
-61965,
-33853,
-61200,
-22695,
-31110,
-16269,
-37629,
-68340,
-24961,
-42402,
-66045,
-50745,
-45390,
-99960,
-85680,
-12750,
40290,
-60051,
-9115,
7650,
0,
-31760,
-28305,
-87061,
-64515,
-26010,
-38841,
-34425,
-35955,
-26775,
-28533,
-33469,
-45404,
-43095,
-6120,
-24990,
-13770,
-100838,
-45390,
-7650,
-61455,
-11985,
-35445,
-49215,
-31164,
-10200,
20400,
-13515,
-9945,
-87975,
-87975,
-49725,
-75816,
-74820,
-35295,
-51255,
-64587,
-61050,
-14664,
-66300,
-20655,
32440,
26520,
-36465,
4845,
36129,
23715,
14790,
-31875,
-59160,
-28527,
