# 799 (shape [1, 16, 5, 5]),
-23116,
-413,
-12192,
-20974,
-61965,
-67446,
-101111,
-53740,
-123420,
-98525,
-85058,
765,
-10554,
-31110,
-41630,
-69155,
4845,
-46748,
-23460,
-48960,
-72058,
-58873,
-37230,
-31161,
12743,
18221,
-12058,
-29109,
-2693,
-8415,
429,
-29057,
10027,
-2550,
5259,
-15992,
-83385,
-6324,
8160,
33719,
28312,
-67320,
-12394,
35445,
12495,
-9427,
6501,
1785,
20388,
19187,
98602,
133489,
135795,
117855,
68085,
42579,
85242,
94095,
102000,
129540,
-13664,
15555,
-28659,
-35445,
-15936,
-19858,
3060,
-30173,
4845,
20655,
12186,
2384,
-27285,
36348,
-9687,
63028,
106440,
89658,
109018,
66555,
58379,
23120,
39187,
26010,
53056,
78529,
62220,
57099,
104295,
-3312,
50224,
72675,
47067,
38250,
-29835,
60146,
3282,
41820,
72642,
10745,
-14086,
-20997,
-34284,
-31293,
-25500,
7571,
-6691,
-47145,
-55335,
-34473,
-28946,
-39780,
4542,
-56100,
-19259,
-9869,
-35955,
654,
21675,
-2295,
-63709,
-62554,
-58650,
-91776,
-80035,
-52950,
-64057,
-56583,
-26364,
3825,
17399,
-35764,
-37307,
-21165,
-14502,
-1679,
22695,
8967,
-17595,
47304,
-58345,
-13515,
-79581,
-14790,
-4845,
4506,
1640,
43605,
60321,
-3318,
137977,
92587,
165075,
190180,
116280,
149257,
105188,
139862,
146880,
149442,
166870,
44625,
115647,
52020,
105189,
164303,
110160,
108001,
32895,
127755,
178353,
55878,
45645,
95001,
55056,
2658,
-33779,
3840,
-43303,
31620,
28608,
50022,
50650,
19635,
48016,
101183,
67320,
-15690,
137700,
106001,
119872,
57120,
32249,
46155,
40290,
73719,
34777,
56610,
10701,
16023,
-5746,
-54627,
-2484,
-10955,
-30855,
52298,
31004,
109600,
92820,
131468,
103414,
6885,
2337,
60945,
86412,
37909,
4080,
-40066,
255,
7140,
7946,
44589,
-9945,
27105,
18818,
77728,
53403,
17133,
18061,
-5100,
136569,
125147,
119386,
100470,
13421,
121677,
108375,
108600,
83640,
34586,
148442,
17850,
60873,
88740,
31875,
139097,
103293,
83130,
109311,
11570,
-6095,
27190,
-27867,
-14894,
-16320,
28936,
10653,
-59624,
-67320,
18903,
58682,
4335,
52812,
8160,
-9276,
93193,
15300,
8807,
25245,
26520,
28971,
-76224,
-26520,
-40803,
2031,
60226,
71866,
9789,
-28631,
-26265,
37932,
20324,
9803,
35955,
-18487,
106285,
90780,
62043,
70125,
42936,
76551,
33150,
102036,
54060,
46410,
58492,
38153,
45390,
49599,
67090,
34565,
88130,
59970,
36691,
23970,
32258,
64986,
37752,
9180,
44862,
1775,
25755,
19506,
5100,
-27573,
12226,
20655,
-4249,
8925,
-24225,
9711,
-10870,
-39525,
8802,
-7113,
44182,
43313,
34458,
-13297,
24735,
-64988,
-38044,
-74096,
-111690,
-78129,
-85937,
-52275,
-33753,
-50745,
-26980,
-16565,
-3570,
17307,
-38760,
-34680,
-6670,
-47617,
1275,
-46626,
-16519,
-19094,
21860,
1014,
1640,
-24735,
-14903,
46244,
207,
21675,
-31350,
57154,
93075,
50685,
73695,
74576,
52268,
93075,
19172,
32130,
24480,
28650,
50921,
24480,
11646,
-15927,
20619,
5058,
-74898,
-88859,
-49980,
13086,
-24008,
-86381,
-60180,
-39000,
-20722,
-22950,
-69054,
-68850,
-9726,
-1839,
-62985,
-17598,
-29325,
-11985,
-65002,
-134990,
-68085,
-96195,
-11008,
