# 1024 (shape [1, 512, 2]),
-2912585,
-5991381,
-11579836,
-18082184,
-9845203,
420323,
-5348477,
27804900,
-5409003,
861190,
11701252,
-3671064,
-9681215,
-8440608,
6586093,
10707304,
-25527648,
-18815836,
622197,
1333866,
31230568,
20005972,
8693019,
-1941542,
-31801252,
28061584,
-6151227,
2046037,
-8226272,
10623114,
24648844,
-167688,
-28081492,
-6455883,
20090900,
-1079758,
1464113,
34455988,
14890470,
15988960,
-33938008,
-7077657,
-28985772,
-4046726,
-2490207,
-14763034,
44090896,
-8851894,
-24684788,
-11306980,
-24334,
-27346032,
-13982527,
-28452308,
20303872,
26905024,
-6594205,
-9749596,
23271644,
-19806064,
-3431415,
-4374646,
8222834,
-15603586,
386962,
-4140326,
-6113516,
-14207479,
-10763509,
2079434,
-3140605,
32090104,
-475425,
4092256,
20856940,
3581087,
-9490273,
-6299525,
9894759,
15330089,
-21028800,
-16132691,
7702411,
7681559,
30782048,
20479968,
10422701,
504950,
-24992112,
33774380,
268668,
7129859,
-7765703,
13458414,
28042384,
3161668,
-20693428,
29597,
25415848,
2548433,
2328074,
38684900,
21341992,
22798384,
-27172948,
565084,
-26220408,
-3865657,
-5795629,
-13991708,
47543116,
-2008003,
-20402824,
-4689701,
3570915,
-27813836,
-15520069,
-27677348,
24159040,
31351620,
-3508893,
-4931595,
25314768,
-19736488,
-365025,
1060538,
12316272,
-13052932,
-8559252,
252346,
-22380072,
12775556,
4090863,
13130950,
-21270820,
20934220,
11232804,
4756938,
-42866532,
14161601,
12860978,
818141,
-39772400,
8129642,
22932148,
-8826153,
-33746196,
-1487731,
-4748252,
-30587528,
-35833016,
-9939784,
19155164,
-25972032,
-41802552,
-21077122,
-456305,
4500349,
-9199732,
-36234224,
16851076,
-29536582,
-10048311,
-30610872,
-11126516,
-16737381,
-5328745,
-26612386,
-466021,
-28513868,
-3851028,
-32463192,
4230154,
-29561916,
-13458632,
-25131624,
26570578,
7354042,
4986659,
-4169648,
-502173,
-19850546,
917430,
-19046508,
24834230,
-7523077,
-8181705,
2305303,
-9598050,
-4796405,
-2233298,
-22736564,
-2743190,
2127084,
-14595915,
17878920,
1396696,
14642648,
-17199720,
26823098,
18843352,
9429984,
-26853056,
26084328,
12801245,
4005126,
-33241150,
15551913,
30499096,
-5821019,
-20926840,
8117206,
-6302298,
-29482968,
-30851110,
-6183657,
29923636,
-17590216,
-30023732,
-11248113,
904318,
8846081,
-2519198,
-31461968,
27516702,
-19549720,
-2688325,
-24924016,
-9676919,
-8849740,
6368150,
-15834307,
10440746,
-17087546,
1001195,
-31815372,
-3462693,
-26908380,
-7319150,
-13657101,
34532268,
16991432,
11916112,
-3339120,
-3797725,
-18329804,
6134138,
-13687935,
28560374,
-959528,
-5717865,
538971,
-7156656,
2618260,
3961559,
-19195708,
24707164,
59586960,
34976628,
22673084,
32428252,
31936248,
7050074,
51481700,
76529352,
90281280,
63848672,
98380296,
83365440,
96434096,
76734856,
109340552,
87721824,
90488912,
86442952,
101008128,
97599072,
107977248,
89111616,
87378680,
96872984,
85129560,
97503312,
91706720,
86445656,
105633432,
88321648,
66624944,
68615344,
91975824,
79437424,
107173072,
77428360,
90637856,
107799152,
93138416,
42415400,
98859416,
85101280,
101778488,
94701512,
94807968,
81320096,
94005984,
71813632,
107369224,
78871224,
81762816,
92527536,
93291232,
82121440,
64965080,
70413120,
55106128,
85152040,
85340096,
77574280,
55771108,
42371336,
39833892,
27694060,
61432452,
40474924,
26699072,
31456296,
33442220,
9085073,
55504372,
80820416,
93580464,
72709344,
105788736,
83690824,
98779272,
80023072,
113663328,
91586736,
93150016,
93395008,
106813936,
97133728,
108722904,
91361920,
89944528,
103015664,
90842528,
104350352,
96453048,
87192352,
108131656,
91929832,
70153232,
75121968,
98334352,
84843816,
110762896,
78686904,
95115456,
114493728,
100863376,
48522236,
106332864,
87906192,
101492672,
91186256,
95528640,
85236256,
101609600,
75844992,
113997184,
82693424,
81409296,
91382680,
94696744,
86530192,
70206984,
73740400,
60150088,
87124744,
85294592,
80741088,
60894176,
46882924,
42769432,
-18844844,
-9278135,
-27859456,
-13065395,
-11096561,
934056,
-6685382,
-12400435,
19180608,
78995328,
18432608,
47216664,
59933764,
60133604,
52280192,
59065832,
-10530548,
71913512,
49180356,
55859608,
78642128,
79080016,
31422192,
35676556,
1837713,
79813488,
88665496,
80168488,
68211584,
73343456,
80523944,
67365000,
20527276,
68496480,
86543960,
72748544,
67631840,
62014424,
93466496,
96946488,
33992968,
98195024,
84011056,
60085232,
54550288,
115989632,
100322784,
100033056,
23568540,
65369540,
72716208,
63762664,
82096136,
82010648,
54776072,
72429512,
57789000,
95523304,
75980688,
81815200,
74655736,
77023096,
46535924,
64370604,
-15851385,
-7253252,
-22185876,
-8983216,
-11804918,
2543866,
-4012385,
-7509116,
23409636,
81902520,
27192548,
53911368,
59760832,
61685140,
55273416,
63918592,
-6738322,
74572528,
56408712,
62211508,
78081152,
79343504,
33011936,
38646312,
7968157,
85338168,
95168496,
85292224,
68126960,
75734200,
83737320,
71186296,
27186036,
74642496,
91679680,
76070664,
67566832,
66353864,
99730368,
104221088,
40392680,
105245296,
86530688,
59770696,
50619064,
116802944,
104078744,
107095688,
27612320,
71676496,
75874984,
63476796,
80332112,
83150336,
58924624,
76987320,
60902728,
100287296,
78010816,
82061808,
77389520,
81562304,
50300408,
67235040,
-6999304,
6686643,
24728490,
34749976,
32734836,
-8131403,
18002832,
8006702,
19795052,
40684420,
46002484,
-62631,
44999356,
9598470,
64740756,
-12692,
35325068,
10880248,
23163824,
19471170,
38264732,
19848322,
76237928,
11589831,
28916280,
33602892,
51880288,
40551292,
30027566,
15750762,
24030772,
-4225815,
27677280,
8930318,
-6643934,
6779089,
3048537,
56879840,
40237300,
1046574,
26771764,
15191375,
17952516,
51922988,
31519784,
26207616,
15231027,
-64905844,
11037157,
-43417400,
-20555154,
773320,
49045,
51219664,
17334520,
-57325756,
2078935,
-8616233,
21491008,
40519856,
23837640,
21769894,
11756178,
-22388942,
961210,
16393450,
46785712,
51204168,
34013692,
1037160,
30135128,
26317934,
32271394,
50908240,
74523864,
21576104,
46366024,
17445884,
74278864,
17866248,
48142916,
22720548,
45179576,
41054100,
36715904,
18900118,
77556264,
22779912,
49292268,
54069236,
72847040,
56789476,
35563768,
24867936,
30603436,
7524033,
52747008,
34522688,
14913639,
15893757,
9839415,
70527440,
57913100,
22873338,
48055104,
40990832,
30021884,
51505564,
23137984,
24053296,
23824950,
-43246852,
20905672,
-22273994,
-10613578,
413069,
-1797397,
54182600,
31986818,
-38387884,
11076547,
10734080,
27642580,
40363336,
35407352,
38356424,
28069084,
-10471875,
-45224824,
43104344,
17764172,
747146,
32282716,
31470492,
-1078138,
-9562775,
-92390152,
-23133140,
-72550992,
-63329892,
-23906470,
-36054880,
-68093440,
-49087752,
-100794016,
29325384,
-67317640,
-30175058,
-3842189,
-8013688,
-25464188,
-33570952,
-90906232,
-8548383,
-44657492,
-53758368,
-20587476,
-38465704,
-18160232,
-26556208,
-94005944,
-53260320,
-40524472,
-60870432,
-19167332,
-66449740,
-26853760,
-23362816,
-77339944,
-38778392,
-13031688,
-31237848,
31903836,
-67292624,
-23381440,
-30514880,
-82454552,
-31418288,
-20065324,
-429056,
31553580,
-44020048,
-29375260,
5749837,
-48401092,
-24568942,
-21395222,
-9210202,
-20719946,
-47847928,
-26655802,
6119015,
-6209774,
40744312,
15446754,
-1602865,
648855,
27175192,
-556597,
606128,
-58251064,
-44281792,
-68943072,
-69447328,
-70887384,
-45634880,
-85916584,
-56448568,
-53863080,
854630,
-77421856,
-44460196,
-72663296,
-31815924,
-57381736,
-67857424,
-45810288,
-34525088,
-74525784,
-73974128,
-89212296,
-59642584,
-47579424,
-55433732,
-62578544,
-83358720,
-105082048,
-91451816,
-89453912,
-80098208,
-29666294,
-31100160,
-36584928,
-46321808,
-48621920,
-44126192,
-62953744,
-109120016,
-35382496,
-13141846,
-39471524,
-29023072,
-51847280,
-12152929,
-4041395,
-71919136,
-25049906,
4464797,
-32496098,
-20856462,
-53341184,
-40272336,
-21439990,
-51523232,
-22736728,
-635841,
-40190648,
-8238324,
-2054973,
-24530986,
1805055,
-13122697,
-41064348,
-41183864,
-29015756,
4739010,
-18964,
-5521412,
-10594248,
-43130284,
-31699702,
-4500993,
-46089072,
-20941560,
14962332,
3331149,
37069836,
-23875114,
-12126933,
28743300,
-26223326,
32275016,
19719970,
1950750,
24410922,
-24915932,
12460542,
27366100,
-46390872,
-22649812,
40573548,
33611176,
11741834,
-40695888,
-31386900,
29597994,
-37174832,
15792178,
16860052,
19355400,
17755576,
2101991,
-32452894,
39785948,
-60803512,
2509309,
-24024838,
472220,
27210422,
2236233,
-25243486,
36774388,
23232346,
3700496,
-876505,
32560362,
33324848,
44560744,
25298308,
61199616,
-31637,
-10072069,
-2941597,
-25549920,
-28442508,
-16055403,
-39322612,
-30521566,
6726441,
-15692291,
4810479,
-10946463,
-56299584,
-51165056,
-48255248,
-11180277,
1962076,
-48820064,
5785555,
-10201142,
-30443396,
-45831928,
-42446712,
-4638844,
19761172,
6369272,
-9149761,
-17135028,
-43505768,
-44494732,
-16992916,
-824967,
-13408171,
-52312336,
-23263754,
4122268,
-57753180,
-53102152,
-34207448,
22023032,
5392841,
8312582,
-18011056,
7696870,
-75373704,
-38538780,
-45269412,
56396808,
-16382712,
4935948,
-54622328,
-11241854,
-7965248,
-25493276,
-22086232,
34966704,
38737628,
6784329,
-33391578,
102411,
31865262,
39798076,
27620482,
53862576,
27346774,
34736008,
556924,
28702644,
10691929,
9307646,
-7105036,
-12448861,
-7472895,
45132096,
14863519,
7081131,
23430912,
18520538,
18386412,
36556524,
-693148,
53301848,
29782368,
10238182,
22205900,
-5593030,
30098228,
36189564,
14682881,
43227256,
46005700,
44457968,
14346316,
8249462,
49627100,
62926680,
6956100,
27791490,
29486276,
23765404,
5092640,
44120256,
45216720,
52069712,
914164,
28754428,
31223756,
37583184,
50190392,
4705996,
39138168,
9403918,
16489361,
12183800,
-10794200,
-648289,
28472054,
5307236,
29962344,
29986340,
-20764008,
-22288740,
496260,
18717192,
-7515342,
-7050616,
-13587735,
-15433010,
35054536,
43781604,
21984820,
45014724,
11735592,
18411076,
4589915,
5661003,
5306183,
55533356,
43502740,
28752768,
24595202,
26900268,
28253996,
54239456,
12234514,
65052624,
51972844,
32010436,
20824522,
-6301302,
31843080,
47352688,
35133228,
63418040,
66968500,
60601496,
19855792,
17559716,
55767960,
73993752,
31998680,
53259256,
51206488,
32977784,
12038446,
58118488,
62752672,
73436672,
22795504,
55075552,
43780288,
37416144,
41772044,
2855147,
47611396,
30764766,
26730742,
33720248,
-1373049,
-1372244,
26346190,
8925305,
44969604,
49024448,
-11397332,
-2236612,
7584453,
18733324,
4487836,
9882690,
2940888,
-3332341,
