# 495 (shape [1, 8, 16, 16]),
-36040,
-40290,
-35190,
-30345,
-9180,
-46665,
-20655,
3315,
-19635,
-79305,
-65280,
-62050,
-68340,
-37485,
2295,
-10540,
5100,
46920,
52530,
37230,
26775,
37995,
102765,
41310,
60605,
60180,
75480,
39270,
74205,
30618,
56865,
59415,
5100,
64770,
64515,
65280,
41310,
51510,
45390,
31110,
58650,
16830,
83640,
49215,
54825,
33915,
20655,
66300,
-6375,
39385,
85680,
47175,
59670,
60295,
64260,
44625,
68850,
32955,
62730,
63240,
79236,
67320,
15810,
39270,
66810,
75225,
76245,
107610,
68255,
82365,
49725,
77520,
40960,
99450,
48450,
75480,
86190,
81855,
39270,
40290,
39015,
60690,
51765,
74460,
77070,
31660,
45645,
64515,
77010,
95880,
46920,
49980,
97920,
64017,
75747,
54315,
27030,
53040,
69615,
45390,
111945,
28305,
60435,
82365,
97920,
71145,
43095,
63495,
33405,
98685,
82875,
54740,
78285,
46470,
71145,
20145,
52785,
50490,
75593,
43860,
60435,
60435,
59670,
45430,
21165,
56100,
87465,
67735,
75225,
36975,
52530,
76245,
65450,
81855,
54825,
85425,
39525,
51765,
52020,
32640,
37995,
60945,
27030,
42585,
-24990,
34170,
57180,
53805,
92565,
68380,
60945,
38250,
26123,
46155,
59415,
58586,
68595,
44995,
21687,
62390,
44115,
65535,
43605,
40731,
32895,
58045,
100215,
38007,
23460,
25500,
79305,
39780,
70890,
61455,
54315,
72165,
47685,
52275,
16945,
52020,
65025,
42075,
91290,
48705,
66300,
20655,
26640,
55335,
67830,
81345,
44625,
59585,
-10392,
40290,
64770,
77010,
63741,
67320,
48565,
66300,
42330,
67578,
35445,
10455,
63750,
38250,
62220,
30090,
1945,
16065,
74205,
83300,
36720,
44115,
32640,
37740,
69105,
70125,
67360,
55390,
45071,
18870,
46665,
57375,
58140,
91960,
63495,
70635,
22240,
39015,
54060,
19635,
20910,
49725,
87068,
85935,
100980,
71145,
37605,
62730,
-13260,
60180,
49640,
56622,
59415,
68340,
47685,
48505,
74205,
20400,
58650,
81090,
81090,
104295,
40450,
26265,
46925,
51000,
48960,
44880,
77775,
77010,
54570,
82365,
86190,
70380,
80070,
107870,
100725,
64515,
60690,
80075,
42585,
59670,
49980,
55845,
65025,
48450,
39780,
36465,
30350,
53040,
51000,
51000,
36465,
60903,
75735,
47175,
42585,
57120,
56100,
36465,
36465,
61455,
81345,
70635,
48705,
78540,
31620,
42075,
35700,
53550,
60945,
48195,
30855,
25945,
48450,
37995,
27285,
34870,
44625,
45390,
43605,
24435,
61200,
56610,
45618,
43860,
55845,
73185,
49470,
32895,
35955,
43605,
28055,
30090,
54315,
61965,
41294,
24990,
36975,
42075,
29580,
39525,
68340,
61200,
42585,
37230,
31620,
47175,
35655,
50975,
59160,
71400,
34425,
42840,
26520,
27795,
55845,
61191,
34416,
47940,
-9180,
31875,
46920,
77775,
35700,
44115,
25755,
41310,
55845,
55080,
55590,
46155,
53805,
40800,
54570,
52280,
57885,
23670,
49215,
78540,
59160,
22185,
29299,
20145,
25755,
25755,
39780,
53525,
72675,
35700,
46155,
34409,
28305,
59925,
49980,
35955,
45650,
27030,
10965,
47685,
43605,
31620,
53295,
44115,
48450,
52275,
68085,
66555,
15555,
70890,
77220,
19125,
32895,
36950,
44625,
47940,
67294,
41565,
41055,
36428,
32895,
37675,
71136,
31880,
45900,
33405,
86445,
45108,
40290,
37724,
35955,
71901,
49980,
47940,
49725,
31110,
26520,
60180,
53805,
35445,
41310,
53805,
69040,
41055,
64770,
56610,
64770,
5355,
51765,
42840,
59718,
84150,
52785,
62730,
45390,
33920,
7797,
47175,
30855,
50745,
61479,
40800,
84340,
27285,
49215,
34524,
69870,
70380,
52275,
54825,
57120,
45135,
22679,
60435,
36465,
32135,
72165,
53040,
45900,
78285,
43605,
46155,
70610,
57181,
44078,
51510,
44880,
55080,
19125,
43844,
59670,
48960,
65341,
66300,
71910,
60945,
74460,
48960,
21139,
58650,
38505,
35700,
32943,
61200,
39525,
72165,
49466,
39771,
34680,
51255,
41310,
41371,
36465,
54570,
51765,
53550,
53550,
33660,
37979,
65535,
-29772,
-27540,
-24990,
-36465,
-19125,
-54060,
-27795,
-50235,
-2040,
-36975,
-51000,
-14727,
-3315,
-28305,
-25755,
-23397,
-27795,
-21420,
9435,
-37230,
0,
-25245,
7395,
-15555,
-10392,
1275,
-25245,
510,
510,
-37384,
-15300,
6885,
-27795,
-16320,
18360,
12495,
-15555,
3060,
3315,
1020,
-6630,
-3825,
5610,
-15810,
-17340,
-36975,
-35190,
1530,
-21675,
-40180,
-10455,
-15300,
-26775,
-22840,
22185,
-17085,
-3315,
-12915,
765,
5865,
-23229,
-29325,
-12750,
-11985,
-1785,
4590,
-17340,
-3060,
-12432,
-26775,
-5610,
39270,
-8697,
-15810,
4845,
-5610,
-18105,
-7650,
-15810,
4335,
-22185,
-17085,
-15300,
2040,
5190,
-35165,
-12240,
-4080,
-3825,
2805,
-11475,
-13260,
-9435,
1098,
-8592,
-5610,
-13770,
-15300,
-13260,
-3315,
15300,
-24480,
-13260,
-21165,
-9435,
-28560,
-26265,
8670,
2550,
-1530,
-11985,
20208,
-18615,
-14700,
510,
-8160,
-765,
-6120,
-35827,
-35190,
-13260,
-13260,
-6630,
-21905,
-10455,
3315,
36720,
-24252,
-11475,
-13260,
9435,
-17340,
9753,
-17340,
-28560,
2550,
-32895,
-15300,
4845,
-15810,
-25245,
48705,
8415,
-22440,
-8670,
35190,
25080,
-24735,
18870,
-14255,
-17850,
-12240,
-19252,
-19380,
-7650,
-5771,
-9180,
37595,
-11142,
-18807,
-22185,
-16575,
29070,
-36999,
-29835,
-10992,
10710,
3648,
-40035,
-32385,
11220,
48960,
16575,
-5355,
-34680,
-38760,
-14535,
-10455,
-4480,
5865,
14790,
-22950,
23460,
-6630,
-14790,
-28560,
-16023,
-7650,
2295,
-1020,
-17085,
-14472,
-22559,
-23970,
-20145,
765,
-17056,
-18615,
-11365,
-13005,
-26265,
3039,
-10965,
-29325,
-19125,
1530,
-11475,
-6375,
3033,
-25245,
510,
-3762,
9435,
-28305,
32640,
11475,
-35190,
22440,
5635,
4780,
-3221,
-510,
2550,
5610,
-14280,
24963,
14280,
35445,
-20465,
-10455,
-1275,
-26010,
-22185,
510,
4208,
5355,
29070,
6375,
-38718,
765,
-14280,
-17085,
-13470,
-4767,
-23460,
4845,
6630,
-26330,
510,
-31875,
-1020,
9180,
9180,
13005,
-30627,
4845,
-31444,
-510,
-31365,
-66045,
-26775,
-29325,
-24225,
-10200,
-45900,
-50745,
-46155,
-62299,
-68850,
-40035,
-18615,
-21244,
-113475,
-76245,
-105060,
-73695,
-118065,
-67320,
-61455,
-73950,
-77854,
-99450,
-55845,
-72420,
-72930,
-85562,
-106590,
-89250,
-113475,
-72675,
-83385,
-82110,
-73950,
-73185,
-110160,
-78795,
-83130,
-120615,
-70380,
-57885,
-77265,
-76500,
-100215,
-83895,
-11985,
-78650,
-67575,
-73695,
-76500,
-64625,
-88995,
-80835,
-83640,
-82506,
-68340,
-95625,
-67722,
-62475,
-91545,
-103275,
-82620,
-81855,
-70380,
-64515,
-81424,
-47430,
-74970,
-98175,
-77336,
-54060,
-67575,
-71655,
-49725,
-67320,
-103530,
-96645,
-94095,
-77010,
-70125,
-68850,
-81996,
-99945,
-72165,
-105570,
-76500,
-69615,
-79305,
-70890,
-58650,
-67959,
-75354,
-71400,
-57630,
-78030,
-68850,
-81855,
-68340,
-68340,
-82620,
-69105,
-58650,
-93330,
-99705,
-82875,
-88485,
-73185,
-77010,
-100804,
-45645,
-85821,
-77265,
-103785,
-94860,
-57120,
-53106,
-74970,
-82620,
-82620,
-89505,
-96375,
-108120,
-88740,
-91035,
-67136,
-31365,
-80835,
-105060,
-70380,
-88819,
-56100,
-64005,
-73440,
-81855,
-70125,
-84660,
-93330,
-67320,
-91035,
-96900,
-88485,
-63750,
-95115,
-99591,
-83895,
-84150,
-82095,
-84405,
-84915,
-117876,
-64770,
-84660,
-74707,
-75990,
-93695,
-115389,
-72499,
-98940,
-77265,
-107355,
-91437,
-97665,
-77081,
-78540,
-111309,
-84660,
-73185,
-86700,
-99195,
-87465,
-78285,
-87465,
-61710,
-60180,
-81090,
-119195,
-80835,
-82110,
-67065,
-83895,
-99195,
-77520,
-82365,
-85167,
-103785,
-92565,
-75735,
-80835,
-68929,
-43983,
-87720,
-68340,
-77010,
-86503,
-72675,
-95735,
-82365,
-79050,
-80409,
-90015,
-95370,
-83895,
-81855,
-69360,
-102255,
-79886,
-100725,
-72930,
-66634,
-89505,
-78285,
-88485,
-115770,
-56610,
-88740,
-93315,
-87531,
-87457,
-98940,
-77010,
-95880,
-95625,
-86006,
-74460,
-81090,
-96711,
-85170,
-94350,
-113220,
-101745,
-84150,
-76056,
-76755,
-80580,
-77265,
-70632,
-68340,
-70380,
-91290,
-64436,
-75864,
-64515,
-73695,
-85935,
-85746,
-72930,
-88230,
-75480,
-85935,
-85935,
-79050,
-65096,
-87975,
58840,
80325,
83130,
-5865,
80835,
58140,
54570,
64005,
-3570,
13260,
31365,
22375,
6885,
39780,
53805,
49915,
66300,
121380,
42330,
117555,
41565,
153255,
68595,
94860,
62665,
47685,
88485,
127755,
73440,
112774,
49470,
44370,
66300,
126225,
79050,
65280,
94860,
120615,
65025,
75735,
34170,
58905,
52785,
126225,
107355,
153000,
56355,
67575,
120360,
123375,
56100,
88995,
77265,
86145,
65025,
57375,
84660,
100734,
80835,
42585,
125424,
118830,
81090,
53040,
83895,
61455,
62475,
84150,
81025,
162690,
92055,
2295,
91672,
55335,
124440,
115770,
110160,
78795,
77775,
75480,
62985,
101490,
81090,
77520,
75234,
61875,
125205,
44115,
72675,
55590,
74970,
110160,
80835,
98820,
69240,
84150,
84660,
136425,
56100,
95625,
79560,
96135,
87465,
123930,
80835,
48960,
41820,
54825,
106335,
54825,
46920,
33850,
113985,
113229,
60180,
73440,
96645,
124950,
102702,
129540,
87465,
87465,
47940,
64680,
101745,
53040,
25245,
76117,
108120,
98430,
42330,
62475,
67000,
97155,
109905,
69360,
133110,
81090,
93330,
59670,
153255,
68085,
90015,
64515,
92310,
79305,
90279,
98430,
27540,
90180,
118575,
108120,
83322,
100980,
109650,
75525,
57120,
55545,
82245,
73885,
56100,
75735,
82620,
95334,
98685,
100087,
32895,
60315,
99195,
127245,
55590,
39780,
45390,
69615,
72930,
88740,
97410,
69615,
47640,
47685,
82620,
112455,
62475,
99450,
39525,
121125,
116619,
68085,
70125,
80835,
57375,
74650,
114256,
65025,
55335,
54315,
55443,
68085,
89715,
81600,
103275,
73638,
91545,
73185,
96390,
98940,
116535,
49980,
40417,
53295,
73440,
63685,
91545,
74205,
81600,
59670,
78285,
59160,
33825,
32703,
49260,
97665,
78795,
48450,
23460,
13132,
91035,
44115,
82173,
71910,
102000,
72930,
79560,
105060,
61647,
32640,
37995,
99705,
118659,
80835,
86955,
39525,
133638,
89640,
86445,
60945,
66810,
110223,
73440,
96135,
134385,
26520,
26520,
56100,
113857,
69615,
-36886,
-32385,
-42075,
-14025,
-35190,
-7905,
-42585,
1530,
-34425,
-33915,
-9945,
-12406,
-35190,
-28815,
-36720,
-26176,
-49470,
-5100,
-44115,
-17085,
-57630,
-49215,
-15555,
-27795,
-19291,
-35445,
-16320,
-61200,
-20910,
-30397,
23460,
8925,
-49470,
-18870,
-21165,
-30090,
-27795,
-21675,
-36975,
-30345,
1275,
-42075,
-33915,
-31620,
-7395,
-35190,
-31365,
-31110,
-31110,
-17180,
10965,
-19125,
-18615,
-28655,
-33405,
510,
-12750,
-29619,
-44115,
-42075,
-8757,
-5355,
-8670,
-55590,
-7905,
-5610,
-13260,
-1785,
-7561,
-26775,
-29580,
-20145,
-55001,
-12750,
-26520,
-1020,
-25500,
-12240,
-35955,
-46920,
-46155,
1275,
-37995,
8415,
-3099,
36545,
-60435,
-17085,
-5610,
-11475,
-31365,
-45645,
765,
-33222,
-2367,
-48450,
-9690,
-15045,
-14025,
-41310,
-15810,
-20655,
-10965,
3060,
765,
32640,
-67575,
-41055,
-30090,
3825,
23715,
-22861,
13260,
-9219,
-32385,
-69360,
-39525,
-37995,
-36086,
-27030,
-10965,
-10965,
1530,
6965,
-61710,
-57120,
-43350,
-26441,
-2040,
-39525,
-44115,
-13260,
4679,
9180,
-41820,
-1275,
-38760,
-37995,
4845,
26010,
-49215,
-14280,
-52020,
-35955,
-46155,
-43095,
-23754,
-17850,
-24225,
8495,
-7395,
-41565,
-58271,
-34425,
6120,
-32341,
-21930,
-34265,
-47757,
-19291,
-13005,
-20655,
-10710,
27708,
-48195,
-8591,
-15555,
-31947,
-17340,
-15555,
10710,
-62985,
-33660,
21165,
16575,
-16575,
21930,
-18360,
-38090,
-20145,
-15810,
-10200,
-18360,
-38250,
9945,
-8925,
-13464,
-39525,
-10710,
22950,
510,
-34591,
-53066,
34680,
7650,
-23715,
-26461,
-26265,
-58235,
-2295,
510,
-13146,
10455,
-37740,
-14025,
-31365,
-24480,
-61200,
-57551,
-41310,
-20910,
-22606,
8160,
8160,
-40035,
-45645,
8670,
-24735,
-17005,
-10950,
-1996,
-22950,
-57120,
-50745,
-42075,
-10886,
-36465,
-32130,
-26505,
-10965,
-14280,
-54315,
21420,
-26520,
-40421,
11730,
19380,
-29070,
-18564,
-44115,
-50745,
1785,
-44960,
-16137,
-29325,
-47685,
-41820,
-31605,
-20910,
-60945,
-32130,
18360,
18360,
-14535,
-32306,
-23715,
86340,
134895,
112965,
43350,
81345,
131580,
89760,
75990,
54315,
84660,
90015,
93990,
78540,
66555,
73440,
86085,
146115,
129285,
95370,
114495,
90270,
108885,
51000,
110415,
75375,
84660,
88485,
123675,
77775,
106172,
80835,
84405,
146115,
112200,
98685,
83895,
110415,
120360,
103530,
118320,
90270,
101490,
93075,
116025,
96645,
96135,
91290,
71400,
106845,
97795,
80325,
92310,
86955,
76375,
101235,
83385,
68340,
111108,
115260,
69870,
91230,
78540,
153765,
72165,
134130,
67065,
80325,
49725,
79710,
106335,
97665,
79815,
100922,
51510,
102000,
76500,
89760,
67065,
107355,
103530,
127245,
78540,
87465,
91035,
97593,
101085,
123420,
94350,
74460,
73950,
94860,
92055,
78795,
101763,
59433,
92820,
74715,
101235,
80835,
93585,
77265,
120105,
81090,
86700,
78795,
80325,
73950,
107100,
119340,
70635,
51000,
78180,
110670,
97338,
96390,
116535,
104805,
127245,
102405,
84660,
81090,
81090,
52785,
82725,
117810,
86190,
80580,
81032,
104040,
106335,
95370,
80325,
87615,
105060,
113985,
96900,
80580,
87465,
104550,
97410,
108885,
103785,
129795,
83895,
116280,
109395,
132528,
76500,
64515,
71760,
109140,
111690,
104700,
103020,
115515,
79379,
91035,
97540,
113238,
82770,
117555,
73440,
105825,
89190,
76755,
98117,
53805,
87738,
93075,
102765,
85170,
99195,
68340,
89250,
76755,
68850,
135660,
109905,
76375,
96135,
86955,
96135,
102255,
71655,
79560,
110160,
100812,
98940,
77775,
90015,
83385,
86085,
120155,
86700,
69360,
78285,
96788,
63495,
106210,
62985,
106335,
90111,
111690,
108375,
66300,
144330,
94605,
105060,
120047,
92820,
77775,
66705,
126990,
101745,
131580,
114240,
80325,
83130,
69210,
100539,
90599,
115005,
103530,
87975,
87210,
63182,
109395,
86700,
107934,
117810,
87210,
93585,
132855,
112710,
93990,
73185,
57630,
77775,
99027,
115260,
151215,
99450,
106789,
103803,
76755,
99705,
92820,
102834,
77775,
109140,
91800,
80580,
80580,
40290,
100412,
125715,
26649,
23715,
14790,
5610,
51000,
33405,
7650,
27540,
10200,
12750,
23970,
32769,
21165,
5610,
24225,
34809,
6630,
20655,
-21420,
43605,
-5355,
37995,
5100,
-2040,
-14661,
-15045,
18615,
18870,
6375,
47912,
29070,
-3825,
6630,
30855,
-4845,
-15810,
-2040,
14535,
11475,
24225,
-7905,
14025,
-23205,
9690,
10200,
55845,
11985,
3315,
47685,
31855,
-2040,
-3060,
-3825,
13240,
-13770,
3060,
4335,
-15630,
10965,
-3570,
30954,
35445,
-4590,
19890,
18870,
-13515,
-10200,
10455,
-1401,
40800,
2040,
-22950,
13760,
-4080,
16830,
6120,
10200,
12750,
19635,
9690,
4845,
9180,
6885,
-14025,
-20730,
8280,
45900,
1785,
-6120,
1785,
-11985,
10200,
18105,
21582,
-6978,
11985,
12240,
13515,
17085,
37485,
-14025,
6630,
255,
15300,
18105,
14280,
1020,
-17850,
0,
-10710,
22185,
-7266,
52785,
-3390,
-11475,
24480,
-1785,
21930,
21657,
10455,
255,
255,
2040,
15165,
15300,
-18360,
-31620,
10445,
30345,
33405,
-21420,
-10200,
-2166,
15555,
2805,
-7140,
45900,
6885,
9435,
-1275,
37995,
-14535,
13260,
28815,
-1020,
21420,
4515,
22950,
-30345,
25365,
10710,
20655,
11712,
16830,
9690,
-9109,
-16575,
-23990,
18012,
-7266,
3570,
5610,
23715,
32229,
510,
5600,
-23970,
-9018,
32385,
41565,
-5100,
-36210,
-25755,
12495,
37740,
21420,
25755,
21675,
4570,
-9945,
23460,
35190,
2805,
-5865,
-1530,
22695,
24750,
32130,
10455,
11220,
3060,
5229,
36197,
5100,
-2295,
-12495,
-8904,
-11730,
29560,
-765,
18105,
-9336,
22950,
29325,
42075,
-14790,
34170,
-20910,
-20155,
19380,
6375,
-14916,
4335,
14790,
-13005,
5100,
28305,
-14790,
16440,
-8720,
-3499,
11475,
5610,
-2550,
-22695,
-20155,
15045,
-9690,
7855,
13515,
30855,
14790,
17340,
8925,
-17358,
10455,
-21420,
-6120,
15060,
10965,
27030,
7140,
25685,
-2388,
13260,
1020,
-14280,
6835,
6375,
20655,
30090,
-8415,
-8415,
-21675,
24980,
5355,
