# 855 (shape [1, 32, 5, 5]),
-16320,
62662,
-11141,
25324,
-405,
-18105,
53640,
21060,
25653,
23127,
-31084,
36121,
20724,
9675,
-15300,
-12240,
65535,
23794,
-39525,
19736,
3004,
38781,
-38925,
-73211,
-2955,
-29325,
26350,
35386,
-26579,
-42090,
-14564,
-59413,
-25260,
-17451,
-28419,
-62918,
-18445,
-50244,
19301,
3825,
-5100,
-14025,
-38600,
-38760,
-3807,
-49189,
-46442,
148,
-49087,
-5250,
6375,
-20422,
-14919,
45261,
-31800,
-16320,
9441,
30840,
21932,
-23501,
-32521,
-36497,
19434,
-20660,
-38250,
17340,
3570,
-7081,
-8925,
-27939,
-33848,
-57688,
-54767,
-57760,
-84255,
81600,
109090,
89181,
64956,
75345,
26119,
50025,
62610,
38029,
76821,
61249,
80061,
75119,
75802,
82365,
56355,
74205,
124372,
107100,
69964,
39778,
53244,
48139,
64575,
65025,
55335,
55405,
52094,
82949,
53760,
2835,
80023,
62580,
66206,
72327,
116121,
90425,
58922,
68882,
57630,
74715,
76755,
98570,
88485,
46207,
62812,
29850,
62779,
43003,
14940,
65790,
128130,
134353,
89473,
100080,
98945,
110027,
94440,
93602,
129148,
120723,
117894,
122100,
140403,
149175,
112200,
121635,
140980,
149940,
141550,
87655,
104423,
127719,
118429,
102120,
-66810,
-14245,
-58326,
-72096,
-4425,
-27367,
-28559,
-79455,
-71434,
-76684,
-28323,
16461,
-24344,
-87403,
-98940,
-54060,
-18615,
-36905,
-87975,
-59977,
-27739,
-52855,
-44437,
-70145,
-36645,
-15045,
-5143,
-23779,
-48769,
-4680,
5229,
-7555,
690,
27126,
71565,
32476,
61856,
25080,
44675,
41310,
28305,
69615,
-20168,
3825,
75050,
58512,
88227,
105479,
84616,
89385,
-22950,
-46977,
-95919,
-56394,
-71580,
-69251,
-28176,
-29040,
-2493,
-20147,
-1858,
-33784,
-5042,
-41334,
-3570,
-13515,
-31620,
-36533,
-58650,
-7618,
25502,
-23248,
15417,
29746,
37905,
63495,
82534,
73279,
73789,
-8490,
60143,
74486,
42285,
78735,
1221,
33857,
44411,
53526,
70157,
57375,
51255,
85425,
43257,
12495,
18080,
12087,
77780,
58349,
4882,
14400,
-71145,
-68964,
-76926,
-54231,
-56535,
-154996,
-13289,
-36735,
-79263,
-63820,
-98261,
-62297,
-54983,
-102611,
-51000,
-134130,
-72420,
-65108,
-100725,
-104290,
-55880,
9749,
-45571,
-38486,
-20505,
-112965,
-120133,
-134422,
-83422,
-50445,
-52399,
-3313,
-47895,
-66291,
-53162,
6738,
-8277,
-12597,
-63544,
-22695,
17595,
1530,
-37641,
-79050,
-31464,
11179,
-40502,
11091,
-13889,
9480,
-24225,
-31338,
-19620,
37245,
48750,
-62287,
34299,
33570,
36162,
-10512,
-5035,
-21424,
-28990,
-5478,
12750,
-20145,
26010,
33207,
1275,
-23994,
60846,
51159,
94388,
65331,
77895,
-32640,
-45166,
-63780,
-23490,
-28035,
-5979,
-91033,
-105435,
-66256,
-48916,
-2327,
-95644,
-30507,
-85153,
-13005,
2295,
-60435,
-3588,
-64770,
-2691,
-12173,
-87709,
-28938,
-72876,
-25785,
-45645,
-49452,
-41278,
-18583,
-23760,
6660,
-6704,
-25155,
-39134,
698,
-85664,
-87655,
-52577,
-20511,
18105,
-48705,
-70380,
-26473,
-89760,
-448,
-46395,
-29494,
-43778,
-104664,
-36975,
-55335,
-45125,
-22366,
-25681,
7005,
-67760,
-124685,
-102255,
-85759,
-30798,
-69818,
-29411,
-100500,
-81694,
-13260,
-27285,
-8160,
-39723,
-59670,
18546,
-57038,
-60443,
-121751,
-12512,
-14670,
-198135,
-196666,
-197979,
-176814,
-150585,
-202908,
-164786,
-118710,
-107377,
-72668,
-119882,
-118657,
-115146,
-115524,
-146625,
-134385,
-163200,
-187987,
-184365,
-138690,
-96593,
-104280,
-87630,
-73129,
-63480,
101235,
103550,
100643,
54998,
46320,
36195,
-6615,
89295,
44112,
57390,
-5891,
-28604,
42937,
57516,
35955,
66300,
26265,
-9108,
27030,
26367,
15667,
46408,
26839,
-31686,
-3585,
-7905,
6839,
-29919,
-9774,
2145,
-9259,
-9203,
-5985,
26258,
51865,
23586,
15191,
48491,
-6286,
25500,
8670,
23460,
19743,
-35955,
40168,
21031,
23786,
-21815,
15583,
8430,
12240,
14601,
-6392,
-2822,
-4335,
125059,
54635,
12285,
43673,
85857,
80249,
83405,
90821,
68895,
67320,
48450,
50745,
60522,
47175,
95298,
82370,
98020,
92093,
35092,
76080,
-81600,
-121542,
-111385,
-116485,
-106815,
-67677,
-92402,
-145860,
-124202,
-109447,
-48790,
-64270,
-111757,
-83184,
-110160,
-54060,
-88995,
-56713,
-75735,
-77334,
-40705,
-90805,
5887,
-70862,
-39075,
164730,
150844,
132285,
116220,
116460,
156837,
137862,
115350,
159634,
168722,
207989,
101371,
149309,
158149,
137700,
158865,
92310,
153512,
128265,
140193,
187341,
119540,
124057,
157238,
99465,
86445,
137628,
121526,
61091,
88440,
70546,
108569,
116490,
135502,
137388,
68989,
70216,
89185,
117783,
97920,
70890,
58650,
62401,
104040,
89889,
53669,
21002,
43346,
97854,
41295,
-6120,
28084,
40057,
34447,
78780,
15238,
43846,
26640,
36357,
67689,
28934,
34330,
79610,
19229,
39270,
16320,
10710,
46775,
38760,
42394,
30116,
38480,
-19772,
14541,
77160,
74460,
61138,
58504,
72274,
76275,
59115,
71097,
37935,
88659,
87686,
90626,
45512,
73321,
63205,
43350,
70635,
52275,
69817,
2040,
81414,
95865,
65125,
31935,
96784,
131805,
86190,
105870,
82786,
100126,
76140,
64884,
96064,
109110,
70184,
99802,
37815,
81405,
81961,
73623,
95115,
-12495,
69870,
103426,
90780,
104624,
14153,
53251,
50175,
42597,
59460,
15555,
28701,
-23071,
-19756,
2025,
-63302,
-56696,
-10605,
-28418,
-24336,
-16980,
-30801,
-30079,
-7722,
-2550,
-41565,
-33915,
-65996,
-45900,
36651,
-34036,
-40570,
-104518,
976,
-21615,
-54315,
-25767,
-39236,
-33881,
-55950,
-12636,
6515,
-17190,
-28636,
-12542,
-14519,
11372,
28069,
7630,
27030,
-55335,
18870,
7174,
16065,
-14654,
-5597,
4683,
-27587,
-17555,
-98865,
-6885,
10438,
18828,
-46962,
-86670,
-27959,
-23622,
-32970,
-53360,
-74575,
-35627,
-46917,
-85842,
-31655,
-44625,
-2295,
-26010,
-21438,
-16575,
-37336,
-84278,
-104912,
-97616,
-68202,
-12720,
104550,
97061,
90644,
100844,
57945,
76550,
30203,
2220,
21927,
22016,
77402,
60723,
41386,
27668,
58905,
92565,
97920,
118376,
88485,
59308,
11006,
54530,
26902,
49710,
41055,
87720,
77149,
62290,
79120,
49800,
100386,
173336,
187665,
154539,
88593,
70558,
106650,
124838,
98886,
112710,
43860,
85680,
138330,
133365,
50765,
91165,
125861,
94941,
120022,
65100,
-88995,
-106461,
-143295,
-111420,
-84165,
-147264,
-130006,
-160050,
-167706,
-102231,
-188562,
-108206,
-152250,
-184306,
-164220,
-170595,
-102255,
-138560,
-175185,
-153938,
-181342,
-97092,
-164088,
-95160,
-98865,
