# 440 (shape [1, 8, 40, 40]),
62985,
8670,
8670,
8670,
8670,
8670,
17490,
45135,
22950,
45135,
8670,
13770,
45135,
8670,
8670,
8670,
8670,
8670,
8670,
8670,
8670,
8670,
26865,
8670,
8670,
8670,
8670,
8670,
8670,
8670,
8670,
8670,
8670,
8670,
2805,
21420,
2805,
21420,
8670,
11475,
101235,
98175,
86445,
103275,
119595,
62475,
83640,
81855,
85971,
100470,
73695,
88995,
103275,
98175,
98175,
98175,
111525,
92310,
98175,
98175,
98175,
98175,
108918,
73695,
92310,
84660,
93840,
91545,
77775,
98175,
98175,
73695,
107451,
73695,
103275,
92310,
77265,
62730,
111180,
103020,
89109,
103275,
98175,
88995,
115005,
74205,
100470,
67830,
111180,
90270,
103275,
92310,
88995,
111180,
86445,
111180,
67830,
111180,
73695,
92310,
92310,
97920,
103275,
76980,
92310,
105825,
95625,
103785,
104550,
86445,
111180,
101235,
108918,
92310,
108918,
92310,
67830,
96990,
103275,
103020,
88515,
108885,
77775,
98175,
87975,
92310,
98175,
81090,
103275,
85971,
100470,
84660,
92310,
98175,
98175,
106590,
87945,
76980,
80835,
103275,
92310,
85971,
100470,
98175,
76980,
105825,
76980,
76980,
96195,
98175,
98175,
121125,
98175,
98175,
92310,
92310,
73695,
92310,
88995,
103785,
90129,
103275,
92310,
98175,
98175,
111525,
86445,
88995,
100470,
98175,
98175,
108918,
92310,
98175,
98175,
85971,
81855,
92310,
92310,
68850,
92310,
73695,
92310,
81090,
103275,
88995,
103275,
98175,
98175,
98175,
98175,
88995,
103275,
98175,
103275,
98175,
103275,
92310,
73695,
110986,
41310,
115005,
73695,
96486,
92310,
92310,
98175,
98175,
98175,
98175,
103275,
98175,
87945,
98175,
98175,
83130,
44115,
131676,
67665,
76245,
81090,
84660,
103275,
87465,
111180,
103275,
88995,
111180,
98175,
98175,
81090,
103275,
108918,
98175,
92565,
92310,
108918,
98175,
77265,
101490,
87495,
110325,
81090,
110160,
76980,
101235,
81090,
103275,
75953,
103275,
108918,
114495,
82110,
112455,
84660,
86445,
77775,
106590,
103275,
73440,
88995,
116790,
96645,
98175,
85971,
100470,
86445,
111180,
98175,
111525,
85971,
100470,
73695,
92310,
98175,
62475,
103275,
98175,
92310,
88485,
101235,
87465,
127500,
98175,
111525,
98175,
84441,
111180,
72675,
111180,
103275,
98175,
108918,
87465,
111180,
92310,
98175,
85971,
81855,
86445,
93165,
86445,
83640,
92910,
92310,
98175,
111525,
98175,
98175,
98175,
73695,
92310,
98175,
98175,
98175,
85971,
100470,
86445,
92565,
97155,
101235,
98175,
98175,
111525,
81090,
84660,
92310,
111525,
62475,
103275,
88995,
111180,
98175,
98175,
92910,
92310,
84915,
60036,
77775,
86445,
104097,
98175,
73695,
92310,
87435,
96645,
98175,
98175,
98175,
92310,
76980,
84516,
83640,
73695,
111525,
107100,
103275,
98175,
86445,
103785,
66402,
104805,
98175,
98175,
103785,
92565,
92310,
98175,
81090,
100470,
86445,
111180,
86445,
111180,
92310,
92310,
94386,
102000,
90015,
81090,
92820,
111180,
103275,
73695,
86445,
71910,
111180,
92310,
98175,
98175,
92820,
97155,
110415,
73695,
92310,
103275,
88995,
92565,
92310,
125205,
88515,
111180,
98175,
111525,
98175,
76980,
87435,
96645,
108918,
112200,
68850,
92310,
98175,
92310,
92310,
98175,
81090,
103275,
81090,
65025,
115260,
111525,
108918,
73695,
111525,
92310,
98175,
98175,
98175,
98175,
108918,
73695,
107100,
92310,
98175,
88995,
95850,
103275,
92310,
96196,
101823,
111180,
98175,
73695,
92310,
98175,
92310,
83640,
98175,
108918,
96195,
103275,
98175,
90270,
104805,
98175,
85971,
100470,
85971,
100470,
92910,
92310,
103275,
111525,
73695,
92310,
92310,
98175,
98175,
103275,
98175,
86445,
92565,
92310,
98175,
98175,
103275,
90303,
119595,
103020,
90129,
103275,
92910,
81090,
103275,
98175,
98175,
98175,
98175,
82365,
61455,
105825,
105315,
67356,
100470,
98175,
81090,
103275,
76980,
65025,
92310,
73695,
108918,
98175,
86445,
111180,
92310,
86445,
111180,
88995,
111180,
98175,
86445,
111180,
98175,
98175,
108918,
98175,
108918,
103020,
47430,
115005,
73695,
85971,
111180,
92310,
111525,
103275,
92310,
85680,
73476,
100470,
91833,
86445,
111180,
86955,
65280,
100470,
98175,
57885,
111180,
73695,
92310,
98175,
98175,
73695,
92310,
62475,
81090,
111180,
93585,
103275,
98175,
73695,
115701,
98175,
81090,
103275,
105660,
88485,
95371,
104265,
86445,
111180,
98175,
76980,
98175,
92820,
103275,
92055,
115770,
98175,
76980,
84660,
92310,
95661,
96990,
98175,
98175,
98175,
103275,
83640,
111525,
98175,
98175,
92310,
92310,
85971,
100470,
98175,
113310,
108918,
86445,
92565,
81090,
103275,
85971,
100470,
98175,
97665,
68086,
115005,
98175,
98175,
86445,
111180,
98175,
67356,
110160,
93111,
76755,
98175,
98175,
108918,
92310,
98175,
98175,
73695,
81090,
103275,
90303,
77265,
98175,
103275,
97410,
103275,
113985,
86445,
95850,
98175,
111525,
98175,
98175,
73695,
85971,
81855,
101235,
98364,
111180,
130560,
88515,
111180,
98175,
98175,
91515,
98175,
86445,
104097,
92310,
92310,
97920,
103275,
86445,
112455,
103275,
75225,
83640,
113985,
85971,
100470,
98175,
98175,
98175,
105825,
69141,
93171,
92310,
98175,
98175,
106590,
88740,
73695,
92310,
98175,
103275,
86445,
111180,
98175,
98175,
108657,
101235,
98175,
102765,
87465,
100758,
74970,
89505,
88995,
111180,
86445,
88995,
81855,
92310,
62475,
82365,
94350,
93108,
86445,
126480,
83640,
98175,
98175,
98175,
88995,
99705,
86445,
92565,
103275,
92310,
85971,
100470,
84660,
92310,
98175,
111180,
103275,
99450,
98175,
98175,
103020,
101235,
98175,
97410,
88740,
98175,
111525,
108918,
76980,
76980,
97410,
95619,
92166,
103275,
66336,
65505,
78540,
61455,
103275,
98175,
98175,
98175,
98175,
86445,
111180,
97698,
98175,
61935,
73020,
62475,
115005,
103275,
92820,
103275,
98175,
98175,
108918,
97698,
73695,
96486,
97155,
90129,
103275,
85971,
103275,
98175,
98175,
73695,
98175,
98175,
86700,
120870,
81126,
112455,
111180,
103275,
111525,
85971,
110160,
86445,
111180,
81090,
103275,
104130,
90015,
98175,
98175,
92310,
103785,
81855,
77811,
111180,
81090,
100470,
62475,
103275,
98175,
98175,
73695,
92310,
95370,
87495,
111180,
98175,
108918,
111525,
98175,
71655,
103275,
103275,
92310,
92310,
103275,
108918,
90270,
115005,
96195,
98175,
98175,
83130,
49980,
85971,
96645,
92310,
98175,
92910,
92310,
81090,
83640,
81855,
92310,
73695,
108918,
90270,
83640,
81855,
107100,
108630,
119595,
111525,
103020,
67422,
95370,
92310,
81090,
103275,
81090,
83640,
100470,
108918,
73695,
103275,
82110,
103275,
92565,
107865,
103275,
111525,
92310,
92310,
82590,
103275,
67830,
111180,
86445,
112455,
84660,
87465,
111180,
73695,
73695,
103275,
98175,
87465,
115005,
98175,
73695,
92310,
88995,
111180,
103020,
41310,
115005,
92310,
96135,
100470,
85971,
100470,
98175,
81090,
84660,
91290,
115005,
100470,
98175,
90015,
92565,
96135,
94350,
55043,
79815,
100470,
97410,
103275,
98175,
85971,
103275,
92310,
98175,
73695,
92310,
88995,
103275,
77811,
112455,
84660,
99924,
111525,
98175,
93840,
104866,
60975,
96645,
111525,
97698,
98175,
58650,
87810,
98175,
67356,
111180,
85971,
126480,
98175,
103275,
98175,
98175,
66045,
115770,
66336,
94830,
98175,
87756,
113475,
103275,
98175,
108918,
98175,
103275,
67830,
111180,
92310,
105315,
59160,
85971,
103275,
98175,
98175,
103275,
92310,
96196,
93087,
88740,
98175,
98175,
81090,
78795,
77775,
103275,
98175,
98175,
98175,
98175,
98175,
127500,
102765,
111180,
92310,
90015,
98175,
98175,
81090,
97011,
83640,
88995,
103275,
98175,
73695,
111180,
81090,
103275,
92310,
98175,
73695,
92310,
108918,
73695,
92310,
108918,
98175,
103020,
101235,
108918,
98175,
73695,
88995,
87945,
98175,
88995,
106335,
92310,
98175,
67830,
103275,
72675,
92310,
104385,
98175,
98175,
98175,
84660,
92820,
85971,
100470,
76980,
108918,
98175,
79050,
78651,
63750,
100470,
98175,
92310,
92310,
92310,
65790,
88230,
84915,
88230,
84113,
103020,
101235,
98175,
98175,
76980,
86445,
84150,
117234,
98430,
84660,
103275,
98175,
92310,
92820,
103275,
92310,
83130,
74460,
98175,
80835,
77265,
99450,
92310,
98175,
98175,
98175,
98175,
69906,
97155,
85935,
111525,
71655,
111180,
74940,
93840,
62475,
98175,
75225,
88521,
111180,
125205,
90129,
103275,
92310,
80835,
97410,
103275,
98175,
67356,
100470,
127500,
98175,
103275,
85971,
113475,
103275,
92310,
83640,
92910,
92310,
85971,
81855,
81090,
103275,
98175,
103275,
81090,
103275,
76980,
90870,
101235,
62475,
103275,
100758,
86961,
70605,
103275,
98175,
73695,
92310,
108657,
87495,
111180,
73695,
92055,
85425,
100470,
81090,
84660,
99450,
81090,
103275,
92820,
103275,
85971,
100470,
98175,
103275,
76980,
73695,
92310,
92310,
85971,
100470,
98175,
108918,
70641,
113475,
103275,
65760,
121125,
85971,
100470,
98175,
73695,
92310,
127500,
103275,
92310,
80835,
97155,
101235,
65760,
87945,
70641,
100470,
95625,
87465,
111180,
97698,
85971,
100470,
85971,
113001,
98175,
92310,
86445,
111180,
98175,
98175,
98175,
76980,
122205,
82620,
111525,
98175,
103275,
87465,
92565,
85971,
100470,
73695,
103275,
98175,
92310,
92310,
92310,
78030,
92310,
97698,
97410,
101235,
85971,
113475,
103275,
98175,
92055,
100980,
77265,
74460,
98175,
111525,
118665,
118575,
107100,
95850,
81090,
103275,
106845,
84915,
84516,
77121,
103275,
102510,
68310,
98175,
92820,
103275,
97410,
77775,
84660,
92310,
108918,
81090,
103275,
73695,
92310,
92310,
92310,
98175,
110925,
101823,
111180,
82146,
113475,
103275,
85971,
100470,
92310,
83640,
98175,
98175,
97698,
118608,
122589,
92310,
81090,
100470,
100758,
94386,
96196,
113985,
100470,
92310,
91545,
98175,
67356,
113475,
105825,
92310,
90303,
92310,
92310,
85971,
100470,
111525,
92310,
103275,
73695,
103275,
108657,
101823,
92565,
81090,
83640,
100470,
98175,
103275,
73695,
92310,
84660,
92310,
103275,
98175,
92310,
92310,
108918,
111525,
73695,
107100,
92310,
108918,
92310,
73695,
81090,
103275,
92310,
87465,
110325,
85251,
26235,
85935,
98175,
92310,
98175,
98175,
103275,
108918,
73695,
105825,
124246,
101235,
90270,
87210,
100470,
90270,
113985,
108918,
92310,
92310,
105825,
77265,
96135,
88740,
103275,
98175,
98175,
113985,
92310,
81090,
81090,
95850,
96195,
111525,
93111,
100470,
98175,
98175,
93585,
95151,
90015,
77010,
92310,
97920,
98175,
98175,
108918,
84660,
92310,
108918,
108657,
101235,
67356,
100470,
86445,
70380,
110160,
98175,
98175,
92310,
111180,
92310,
86445,
95115,
105825,
98175,
103275,
100758,
111525,
88995,
100470,
98175,
98175,
105315,
97698,
86445,
127500,
98175,
104073,
98175,
113310,
98175,
98175,
112233,
96135,
90015,
115350,
92820,
92310,
111525,
97155,
101235,
92310,
86445,
111180,
98175,
98175,
103275,
81090,
97410,
98175,
98175,
102765,
87465,
100470,
103275,
88995,
111180,
98175,
114495,
93300,
81090,
103275,
97698,
98175,
111525,
98175,
73695,
86445,
111180,
105315,
90270,
103275,
84915,
84516,
83640,
86445,
127500,
73695,
92310,
95370,
90129,
84660,
92310,
62475,
81090,
111180,
82110,
88995,
103275,
71655,
103275,
92310,
77775,
73695,
108918,
98175,
81090,
103275,
98175,
73695,
78285,
105825,
81090,
103275,
98175,
73695,
92310,
92310,
92310,
97698,
67356,
111180,
94386,
103020,
110415,
98175,
98175,
86445,
111180,
110986,
77011,
73410,
81090,
65025,
91290,
118575,
93240,
104805,
105825,
67356,
100470,
104385,
92310,
92310,
92310,
81090,
83640,
81855,
92310,
86445,
88995,
100470,
78285,
87210,
81090,
103275,
127845,
98175,
76980,
103275,
73695,
103275,
98175,
98175,
98175,
98175,
98175,
103275,
81090,
118891,
87495,
111180,
115005,
117591,
77811,
110160,
86700,
104295,
105825,
63495,
77775,
81090,
103275,
92310,
73695,
85971,
100470,
98175,
81090,
103275,
98175,
92310,
85971,
100470,
105315,
113001,
112233,
98175,
98175,
108918,
92310,
92820,
103275,
98175,
88485,
92310,
98175,
108918,
85971,
103302,
96669,
90015,
71655,
76245,
103275,
94350,
99705,
103275,
118608,
62730,
115260,
91836,
117332,
71655,
64005,
91890,
64005,
98175,
95147,
117045,
93362,
98175,
96135,
99705,
71655,
83895,
117390,
97187,
98175,
112965,
91890,
58686,
105347,
108152,
98175,
98175,
98175,
98175,
112965,
128543,
22695,
32385,
32385,
32385,
32385,
32385,
29304,
7395,
25755,
7395,
32385,
24735,
7395,
32385,
32385,
32385,
32385,
32385,
32385,
32385,
32385,
32385,
22515,
32385,
32385,
32385,
32385,
32385,
32385,
32385,
32385,
32385,
32385,
32385,
61455,
48450,
61455,
48450,
32385,
29580,
66300,
6630,
13515,
-1020,
1275,
30345,
38760,
53550,
39471,
40545,
48705,
34935,
-1020,
6630,
6630,
6630,
12949,
35700,
6630,
6630,
6630,
6630,
18447,
48705,
35700,
11985,
16830,
8415,
510,
6630,
6630,
48705,
-2532,
48705,
-1020,
35700,
55335,
30600,
16575,
11220,
51457,
-1020,
6630,
34935,
29325,
52785,
40545,
26520,
16575,
18360,
-1020,
35700,
34935,
16575,
13515,
16575,
26520,
16575,
48705,
35700,
27285,
18105,
-1020,
46410,
35700,
20400,
-11220,
21165,
27795,
13515,
16575,
21930,
18447,
35700,
18447,
35700,
69360,
31054,
-1020,
11220,
80586,
31875,
53805,
6630,
29580,
35700,
6630,
17340,
-1020,
39471,
40545,
11985,
35700,
6630,
6630,
20655,
9690,
46410,
49980,
-1020,
35700,
39471,
40545,
6630,
46410,
20400,
46410,
46410,
23659,
6630,
6630,
9435,
6630,
6630,
35700,
35700,
48705,
35700,
34935,
21165,
64717,
-1020,
35700,
6630,
6630,
12949,
13515,
34935,
40545,
6630,
6630,
18447,
35700,
6630,
6630,
39471,
53550,
35700,
27285,
46665,
35700,
48705,
35700,
17340,
-1020,
34935,
-1020,
6630,
6630,
6630,
6630,
34935,
-1020,
6630,
-1020,
6630,
-1020,
35700,
48705,
19043,
58905,
23652,
48705,
34188,
35700,
35700,
6630,
6630,
6630,
6630,
-1020,
6630,
9690,
6630,
6630,
26265,
43605,
17358,
21874,
8670,
17340,
11985,
-1020,
18870,
16575,
-1020,
34935,
16575,
6630,
6630,
17340,
-1020,
18447,
6630,
29580,
35700,
18447,
6630,
55335,
47940,
67326,
7875,
17340,
3315,
46410,
37740,
17340,
-1020,
-3915,
-1020,
18447,
8925,
30600,
-7099,
11985,
56355,
53805,
20655,
-1020,
39780,
34935,
42840,
34680,
6630,
39471,
40545,
13515,
16575,
6630,
12949,
39471,
40545,
48705,
35700,
6630,
30345,
-1020,
6630,
27285,
29325,
66300,
18870,
18870,
6630,
12949,
6630,
23406,
16575,
37485,
16575,
-1020,
6630,
18447,
18870,
16575,
35700,
6630,
39471,
53550,
56355,
38704,
56355,
24735,
25954,
35700,
6630,
12949,
6630,
6630,
6630,
48705,
35700,
6630,
6630,
6630,
39471,
40545,
13515,
29580,
40290,
66300,
6630,
6630,
12949,
17340,
11985,
35700,
12949,
30345,
-1020,
34935,
16575,
6630,
6630,
25954,
35700,
11220,
37824,
510,
13515,
7611,
6630,
48705,
35700,
26520,
34680,
6630,
6630,
6630,
27285,
26265,
-4251,
-28560,
48705,
12949,
30345,
-1020,
6630,
13515,
21165,
69919,
7140,
6630,
6630,
21165,
29580,
35700,
6630,
17340,
40545,
13515,
16575,
13515,
16575,
35700,
35700,
4791,
-9945,
45900,
17340,
39780,
16575,
-1020,
48705,
56355,
31620,
16575,
35700,
6630,
6630,
21930,
32385,
-1275,
48705,
35700,
-1020,
34935,
29580,
35700,
30855,
80586,
16575,
6630,
12949,
6630,
46410,
26520,
34680,
18447,
14280,
59160,
35700,
6630,
35700,
35700,
6630,
17340,
-1020,
17340,
51765,
35190,
12949,
18447,
48705,
12949,
35700,
6630,
6630,
6630,
6630,
18447,
48705,
30345,
35700,
6630,
34935,
27285,
-1020,
35700,
24398,
75024,
16575,
6630,
48705,
35700,
6630,
27285,
24735,
6630,
18447,
23659,
-1020,
6630,
18360,
7140,
6630,
39471,
40545,
39471,
40545,
25954,
35700,
-1020,
12949,
48705,
35700,
35700,
6630,
6630,
-1020,
6630,
13515,
29580,
35700,
6630,
6630,
-1020,
31452,
1275,
11220,
64717,
-1020,
25954,
17340,
-1020,
6630,
6630,
6630,
6630,
13260,
19125,
20400,
7905,
52476,
40545,
6630,
17340,
-1020,
46410,
51000,
35700,
48705,
18447,
6630,
13515,
16575,
35700,
13515,
16575,
34935,
16575,
6630,
13515,
16575,
6630,
6630,
18447,
6630,
18447,
11220,
51765,
23652,
48705,
39471,
24480,
35700,
12949,
-1020,
35700,
9690,
42531,
40545,
57972,
13515,
16575,
26010,
52020,
40545,
6630,
16575,
16575,
48705,
35700,
6630,
6630,
48705,
35700,
30345,
17340,
16575,
14790,
-1020,
6630,
48705,
11437,
6630,
17340,
-1020,
33604,
29325,
67683,
11985,
13515,
16575,
6630,
46410,
6630,
39780,
-1020,
38760,
28560,
6630,
46410,
11985,
35700,
52986,
31054,
6630,
6630,
6630,
-1020,
37995,
12949,
6630,
6630,
35700,
35700,
39471,
40545,
6630,
33349,
18447,
13515,
29580,
17340,
-1020,
39471,
40545,
6630,
15045,
34533,
21420,
6630,
6630,
13515,
16575,
6630,
52476,
11220,
40746,
57630,
6630,
6630,
18447,
35700,
6630,
6630,
48705,
17340,
-1020,
31452,
25500,
6630,
-1020,
19635,
-1020,
16065,
13515,
27285,
6630,
12949,
6630,
6630,
48705,
39471,
53550,
8160,
-4254,
16575,
43860,
80586,
16575,
6630,
6630,
35190,
6630,
13515,
7611,
35700,
27285,
18105,
-1020,
13515,
-7099,
-1020,
-5865,
765,
16065,
39471,
40545,
6630,
6630,
6630,
20400,
72876,
33423,
35700,
6630,
6630,
20655,
17085,
48705,
35700,
6630,
-1020,
13515,
16575,
6630,
6630,
54546,
66300,
6630,
15810,
33660,
21507,
56865,
-3060,
34935,
16575,
13515,
34935,
53550,
35700,
24480,
37740,
17850,
25077,
13515,
5610,
24735,
6630,
6630,
6630,
34935,
30855,
13515,
29580,
-1020,
35700,
39471,
40545,
11985,
35700,
6630,
16575,
-1020,
36975,
6630,
6630,
11220,
66300,
6630,
19635,
17085,
6630,
12949,
18447,
46410,
46410,
19635,
20307,
14619,
-1020,
41256,
53040,
8415,
19125,
-1020,
6630,
6630,
6630,
6630,
13515,
16575,
28902,
6630,
66045,
53625,
30345,
21420,
-1020,
39780,
-1020,
6630,
6630,
18447,
28902,
48705,
34188,
40290,
64717,
-1020,
39471,
-1020,
6630,
6630,
48705,
6630,
6630,
50235,
8925,
49926,
0,
16575,
-1020,
12949,
39471,
11220,
13515,
16575,
17340,
-1020,
17539,
45900,
6630,
6630,
27285,
21165,
60435,
42531,
16575,
17340,
40545,
30345,
-1020,
6630,
6630,
48705,
35700,
10710,
67326,
16575,
6630,
18447,
12949,
6630,
31365,
-1020,
-1020,
35700,
35700,
-1020,
18447,
18360,
21420,
23659,
6630,
6630,
26265,
65790,
39471,
48195,
35700,
6630,
25954,
35700,
17340,
38760,
53550,
35700,
48705,
18447,
18360,
38760,
53550,
30345,
37995,
1275,
12949,
11220,
83179,
29070,
35700,
17340,
-1020,
17340,
38760,
40545,
18447,
48705,
-1020,
30600,
-1020,
33405,
10710,
-1020,
12949,
35700,
27285,
28815,
-1020,
26520,
16575,
13515,
-7099,
11985,
18870,
16575,
48705,
48705,
-1020,
6630,
18870,
21420,
6630,
48705,
35700,
34935,
16575,
11220,
58905,
23652,
35700,
36210,
40545,
39471,
40545,
6630,
17340,
11985,
23715,
21420,
40545,
6630,
47175,
29580,
40545,
10965,
1950,
46410,
40545,
19635,
-1020,
6630,
39471,
-1020,
35700,
6630,
48705,
35700,
34935,
-1020,
42531,
0,
11985,
33582,
12949,
6630,
40035,
-3907,
88491,
34680,
12949,
28902,
6630,
68340,
30034,
6630,
52476,
16575,
39471,
13515,
6630,
-1020,
6630,
6630,
-3060,
-3570,
41256,
21930,
6630,
59871,
13260,
-1020,
6630,
18447,
6630,
-1020,
26520,
16575,
35700,
37230,
66810,
39471,
-1020,
6630,
6630,
-1020,
35700,
24398,
80211,
17085,
6630,
6630,
17340,
32640,
53805,
-1020,
6630,
6630,
6630,
6630,
6630,
18870,
15810,
16575,
27285,
45900,
6630,
6630,
17340,
4164,
38760,
34935,
-1020,
6630,
48705,
16575,
17340,
-1020,
35700,
6630,
48705,
35700,
18447,
48705,
35700,
18447,
6630,
11220,
66300,
18447,
6630,
48705,
34935,
9690,
6630,
34935,
10965,
35700,
6630,
26520,
-1020,
37485,
35700,
21364,
6630,
6630,
6630,
42840,
39780,
39471,
40545,
46410,
18447,
6630,
40290,
24819,
15810,
40545,
6630,
35700,
35700,
35700,
49470,
41310,
19635,
41310,
-22020,
11220,
66300,
6630,
6630,
46410,
56355,
45390,
27366,
9435,
11985,
-1020,
6630,
35700,
39780,
-1020,
35700,
26265,
23715,
6630,
37995,
12495,
6630,
35700,
6630,
6630,
6630,
6630,
46866,
32385,
40800,
12949,
31365,
16575,
29070,
5906,
30345,
18105,
64770,
33861,
16575,
30855,
64717,
-1020,
35700,
49980,
19635,
-1020,
6630,
52476,
40545,
18870,
6630,
-1020,
39471,
13260,
-1020,
27285,
24735,
25954,
35700,
39471,
53550,
17340,
-1020,
6630,
-1020,
17340,
-1020,
46410,
48904,
21930,
30345,
-1020,
21507,
52476,
69360,
-1020,
6630,
48705,
35700,
54546,
67326,
16575,
48705,
38760,
59160,
40545,
17340,
11985,
36975,
17340,
-1020,
39780,
-1020,
39471,
40545,
6630,
-1020,
46410,
48705,
35700,
35700,
39471,
40545,
6630,
18447,
50181,
13260,
-1020,
28050,
9435,
39471,
40545,
6630,
48705,
35700,
18870,
-1020,
35700,
49980,
40290,
66300,
28050,
9690,
50181,
40545,
44625,
18870,
16575,
28902,
39471,
40545,
39471,
5733,
6630,
35700,
13515,
16575,
6630,
6630,
6630,
46410,
37174,
34935,
12949,
6630,
-1020,
18870,
29580,
39471,
40545,
48705,
-1020,
6630,
35700,
35700,
27285,
47685,
35700,
28902,
19635,
66300,
39471,
13260,
-1020,
6630,
38760,
14280,
55335,
23715,
6630,
12949,
14224,
27795,
30855,
27285,
17340,
-1020,
24480,
11220,
-4251,
-18786,
-1020,
53295,
11475,
6630,
39780,
-1020,
19635,
53805,
11985,
35700,
18447,
17340,
-1020,
48705,
35700,
35700,
35700,
6630,
46155,
75024,
16575,
47121,
13260,
-1020,
39471,
40545,
27285,
24735,
6630,
6630,
28902,
31962,
52107,
35700,
17340,
40545,
21507,
4791,
16493,
16065,
40545,
27285,
18360,
6630,
52476,
13260,
20400,
35700,
31452,
35700,
35700,
39471,
40545,
12949,
35700,
-1020,
48705,
-1020,
54546,
75024,
29580,
17340,
38760,
40545,
6630,
-1020,
48705,
35700,
11985,
35700,
-1020,
6630,
35700,
35700,
18447,
12949,
48705,
30345,
35700,
18447,
35700,
48705,
17340,
-1020,
35700,
18870,
7875,
13344,
49725,
-2550,
6630,
35700,
6630,
6630,
-1020,
18447,
48705,
20400,
14963,
66300,
18360,
33405,
40545,
18360,
16065,
18447,
35700,
35700,
20400,
55335,
36210,
17085,
-1020,
6630,
6630,
16065,
35700,
17340,
17340,
27285,
23659,
12949,
40746,
40545,
6630,
6630,
14790,
22641,
47175,
34425,
35700,
46155,
6630,
6630,
18447,
11985,
35700,
18447,
54546,
66300,
52476,
40545,
13515,
47940,
11220,
6630,
6630,
27285,
16575,
27285,
13515,
18615,
28305,
6630,
-1020,
21507,
12949,
34935,
40545,
6630,
6630,
7905,
28902,
13515,
18870,
6630,
50067,
6630,
33349,
6630,
6630,
10797,
27030,
45900,
6829,
21675,
35700,
12949,
40290,
66300,
35700,
13515,
16575,
6630,
6630,
-1020,
17340,
19635,
6630,
6630,
15810,
33660,
40545,
-1020,
34935,
16575,
6630,
8925,
48705,
17340,
-1020,
28902,
6630,
12949,
6630,
48705,
13515,
16575,
7905,
18360,
-1020,
11220,
-4251,
-28560,
13515,
18870,
48705,
35700,
10710,
64717,
11985,
35700,
30345,
17340,
16575,
30600,
34935,
-1020,
31365,
-1020,
27285,
53805,
48705,
18447,
6630,
17340,
-1020,
6630,
48705,
17850,
28305,
17340,
-1020,
6630,
48705,
35700,
35700,
35700,
28902,
52476,
16575,
4791,
3315,
-1275,
6630,
6630,
13515,
16575,
19043,
76608,
27795,
17340,
51765,
31620,
19890,
29910,
7140,
20400,
52476,
40545,
21364,
35700,
35700,
35700,
17340,
38760,
53550,
35700,
13515,
34935,
40545,
17850,
41310,
17340,
-1020,
15244,
6630,
46410,
-1020,
48705,
-1020,
6630,
6630,
6630,
6630,
6630,
-1020,
17340,
18788,
67326,
16575,
48450,
17463,
42531,
11220,
50235,
45390,
20400,
43860,
53805,
17340,
-1020,
35700,
48705,
39471,
40545,
6630,
17340,
-1020,
6630,
35700,
39471,
40545,
37230,
5733,
10797,
6630,
6630,
18447,
35700,
39780,
-1020,
6630,
43350,
35700,
6630,
18447,
39471,
58371,
48856,
16830,
41055,
41820,
32130,
-15045,
9180,
32130,
19467,
24735,
-16830,
35646,
-3045,
41055,
49725,
31564,
49725,
31875,
15315,
12750,
40305,
31875,
14535,
9180,
41055,
43860,
9124,
32655,
31875,
26520,
31564,
66756,
37500,
-4065,
31875,
31875,
31875,
31875,
26520,
54594,
96645,
84915,
84915,
84915,
84915,
84915,
92658,
75990,
95115,
75990,
84915,
85425,
75990,
84915,
84915,
84915,
84915,
84915,
84915,
84915,
84915,
84915,
91740,
84915,
84915,
84915,
84915,
84915,
84915,
84915,
84915,
84915,
84915,
84915,
74970,
79050,
74970,
79050,
84915,
99450,
64005,
85935,
107100,
86445,
88485,
101490,
120360,
77775,
121314,
81855,
71910,
121890,
86445,
85935,
85935,
85935,
95222,
75990,
85935,
85935,
85935,
85935,
104715,
71910,
75990,
82365,
126480,
87210,
100725,
85935,
85935,
71910,
87813,
71910,
86445,
75990,
87465,
100725,
102765,
109140,
37944,
86445,
85935,
121890,
92055,
125970,
81855,
103020,
102765,
115260,
86445,
75990,
121890,
102765,
107100,
102765,
103020,
102765,
71910,
75990,
107100,
99450,
86445,
72630,
75990,
101235,
143055,
119595,
101235,
107100,
102765,
87720,
104715,
75990,
104715,
75990,
93075,
98537,
86445,
109140,
68277,
100725,
79305,
85935,
111435,
75990,
85935,
105570,
86445,
121314,
81855,
82365,
75990,
85935,
85935,
117300,
83085,
72630,
64260,
86445,
75990,
121314,
81855,
85935,
72630,
101235,
72630,
72630,
91862,
85935,
85935,
111690,
85935,
85935,
75990,
75990,
71910,
75990,
121890,
119595,
29529,
86445,
75990,
85935,
85935,
95222,
107100,
121890,
81855,
85935,
85935,
104715,
75990,
85935,
85935,
121314,
77775,
75990,
107100,
92310,
75990,
71910,
75990,
105570,
86445,
121890,
86445,
85935,
85935,
85935,
85935,
121890,
86445,
85935,
86445,
85935,
86445,
75990,
71910,
113630,
30600,
105597,
71910,
77358,
75990,
75990,
85935,
85935,
85935,
85935,
86445,
85935,
83085,
85935,
85935,
97410,
96645,
106173,
113837,
98940,
105570,
82365,
86445,
117555,
102765,
86445,
121890,
102765,
85935,
85935,
105570,
86445,
104715,
85935,
98685,
75990,
104715,
85935,
87465,
86700,
76692,
84330,
105570,
111180,
72630,
88740,
105570,
86445,
97406,
86445,
104715,
87975,
97155,
113081,
82365,
97155,
79305,
117300,
86445,
133620,
121890,
83895,
106080,
85935,
121314,
81855,
107100,
102765,
85935,
95222,
121314,
81855,
71910,
75990,
85935,
101490,
86445,
85935,
107100,
112455,
64005,
117555,
104805,
85935,
95222,
85935,
116979,
102765,
65790,
102765,
86445,
85935,
104715,
117555,
102765,
75990,
85935,
121314,
77775,
97155,
99302,
97155,
89250,
91142,
75990,
85935,
95222,
85935,
85935,
85935,
71910,
75990,
85935,
85935,
85935,
121314,
81855,
107100,
98685,
99195,
64005,
85935,
85935,
95222,
105570,
82365,
75990,
95222,
101490,
86445,
121890,
102765,
85935,
85935,
91142,
75990,
116790,
87000,
100725,
107100,
88774,
85935,
71910,
75990,
105780,
106080,
85935,
85935,
85935,
107100,
97620,
101025,
110670,
71910,
95222,
80835,
86445,
85935,
107100,
119595,
-16697,
109650,
85935,
85935,
119595,
98685,
75990,
85935,
105570,
81855,
107100,
102765,
107100,
102765,
75990,
75990,
146814,
136425,
104550,
105570,
130050,
102765,
86445,
71910,
97155,
110415,
102765,
75990,
85935,
85935,
137445,
118065,
111180,
71910,
75990,
86445,
121890,
98685,
75990,
93075,
68277,
102765,
85935,
95222,
85935,
72630,
105780,
106080,
104715,
112455,
74460,
75990,
85935,
75990,
75990,
85935,
105570,
86445,
105570,
116280,
86700,
95222,
104715,
71910,
95222,
75990,
85935,
85935,
85935,
85935,
104715,
71910,
80835,
75990,
85935,
121890,
99405,
86445,
75990,
108785,
54366,
102765,
85935,
71910,
75990,
85935,
107100,
89250,
85935,
104715,
91862,
86445,
85935,
115260,
109650,
85935,
121314,
81855,
121314,
81855,
91142,
75990,
86445,
95222,
71910,
75990,
75990,
85935,
85935,
86445,
85935,
107100,
98685,
75990,
85935,
85935,
86445,
100635,
88485,
109140,
29529,
86445,
91142,
105570,
86445,
85935,
85935,
85935,
85935,
83895,
95370,
101235,
78285,
117234,
81855,
85935,
105570,
86445,
72630,
84915,
75990,
71910,
104715,
85935,
107100,
102765,
75990,
107100,
102765,
121890,
102765,
85935,
107100,
102765,
85935,
85935,
104715,
85935,
104715,
109140,
39270,
105597,
71910,
121314,
83895,
75990,
95222,
86445,
75990,
68085,
103464,
81855,
83295,
107100,
102765,
97920,
115515,
81855,
85935,
104550,
102765,
71910,
75990,
85935,
85935,
71910,
75990,
101490,
105570,
102765,
99450,
86445,
85935,
71910,
96590,
85935,
105570,
86445,
116387,
112455,
69854,
85125,
107100,
102765,
85935,
72630,
85935,
130050,
86445,
120615,
124695,
85935,
72630,
82365,
75990,
121824,
98537,
85935,
85935,
85935,
86445,
88995,
95222,
85935,
85935,
75990,
75990,
121314,
81855,
85935,
100577,
104715,
107100,
98685,
105570,
86445,
121314,
81855,
85935,
107610,
86174,
110925,
85935,
85935,
107100,
102765,
85935,
117234,
92310,
113664,
75480,
85935,
85935,
104715,
75990,
85935,
85935,
71910,
105570,
86445,
100635,
75480,
85935,
86445,
107610,
86445,
100470,
107100,
99405,
85935,
95222,
85935,
85935,
71910,
121314,
77775,
111945,
115695,
102765,
124440,
68277,
102765,
85935,
85935,
82830,
85935,
107100,
88774,
75990,
107100,
99450,
86445,
107100,
113081,
86445,
98940,
76245,
100470,
121314,
81855,
85935,
85935,
85935,
101235,
122589,
123258,
75990,
85935,
85935,
117300,
89760,
71910,
75990,
85935,
86445,
107100,
102765,
85935,
85935,
78987,
64005,
85935,
109140,
96390,
79980,
95880,
109905,
121890,
102765,
107100,
121890,
77775,
75990,
105825,
72930,
90270,
102675,
107100,
113220,
89250,
85935,
85935,
85935,
121890,
91035,
107100,
98685,
86445,
75990,
121314,
81855,
82365,
75990,
85935,
102765,
86445,
68340,
85935,
85935,
109140,
64005,
85935,
107610,
89760,
85935,
95222,
104715,
72630,
72630,
107610,
87066,
94395,
86445,
111114,
68295,
75735,
95370,
86445,
85935,
85935,
85935,
85935,
107100,
102765,
93240,
85935,
84105,
120300,
101490,
110925,
86445,
130050,
86445,
85935,
85935,
104715,
93240,
71910,
77358,
99195,
29529,
86445,
121314,
86445,
85935,
85935,
71910,
85935,
85935,
119850,
102000,
123864,
96135,
102765,
86445,
95222,
121314,
92310,
107100,
102765,
105570,
86445,
112052,
104550,
85935,
85935,
107100,
119595,
91290,
96579,
102765,
105570,
81855,
101490,
86445,
85935,
85935,
71910,
75990,
117045,
76692,
102765,
85935,
104715,
95222,
85935,
111180,
86445,
86445,
75990,
75990,
86445,
104715,
115260,
110925,
91862,
85935,
85935,
97410,
65535,
121314,
82620,
75990,
85935,
91142,
75990,
105570,
120360,
77775,
75990,
71910,
104715,
115260,
120360,
77775,
80835,
78030,
88485,
95222,
109140,
-25112,
96390,
75990,
105570,
86445,
105570,
120360,
81855,
104715,
71910,
86445,
97155,
86445,
133110,
89250,
86445,
95222,
75990,
107100,
96090,
86445,
103020,
102765,
107100,
113081,
82365,
117555,
102765,
71910,
71910,
86445,
85935,
117555,
110925,
85935,
71910,
75990,
121890,
102765,
109140,
30600,
105597,
75990,
114240,
81855,
121314,
81855,
85935,
105570,
82365,
125715,
110925,
81855,
85935,
117045,
98685,
84150,
102000,
108881,
121125,
81855,
107610,
86445,
85935,
121314,
86445,
75990,
85935,
71910,
75990,
121890,
86445,
96579,
96135,
82365,
78690,
95222,
85935,
98175,
143210,
66492,
106080,
95222,
93240,
85935,
83385,
88847,
85935,
117234,
102765,
121314,
94350,
85935,
86445,
85935,
85935,
120870,
80325,
111114,
88950,
85935,
126669,
87720,
86445,
85935,
104715,
85935,
86445,
103020,
102765,
75990,
123930,
75225,
121314,
86445,
85935,
85935,
86445,
75990,
108785,
51545,
89760,
85935,
85935,
105570,
103530,
79305,
86445,
85935,
85935,
85935,
85935,
85935,
104805,
109140,
102765,
107100,
104550,
85935,
85935,
105570,
91845,
120360,
121890,
86445,
85935,
71910,
102765,
105570,
86445,
75990,
85935,
71910,
75990,
104715,
71910,
75990,
104715,
85935,
109140,
64005,
104715,
85935,
71910,
121890,
83085,
85935,
121890,
111945,
75990,
85935,
103020,
86445,
65790,
75990,
80942,
85935,
85935,
85935,
105315,
130050,
121314,
81855,
72630,
104715,
85935,
106845,
91080,
144585,
81855,
85935,
75990,
75990,
75990,
104295,
116535,
85680,
116535,
109136,
109140,
64005,
85935,
85935,
72630,
97155,
124440,
113655,
88995,
82365,
86445,
85935,
75990,
130050,
86445,
75990,
97410,
79560,
85935,
97155,
97410,
87210,
75990,
85935,
85935,
85935,
85935,
132789,
118065,
97155,
95222,
111180,
102765,
111900,
109001,
101490,
138975,
76245,
136869,
102765,
93075,
29529,
86445,
75990,
64260,
107610,
86445,
85935,
117234,
81855,
104805,
85935,
86445,
121314,
87720,
86445,
107100,
89250,
91142,
75990,
121314,
77775,
105570,
86445,
85935,
86445,
105570,
86445,
72630,
92417,
87720,
101490,
86445,
79980,
119994,
81810,
86445,
85935,
71910,
75990,
78987,
76692,
102765,
71910,
120615,
125715,
81855,
105570,
82365,
68340,
105570,
86445,
130050,
86445,
121314,
81855,
85935,
86445,
72630,
71910,
75990,
75990,
121314,
81855,
85935,
104715,
117954,
87720,
86445,
102210,
111690,
121314,
81855,
85935,
71910,
75990,
104805,
86445,
75990,
64260,
99195,
64005,
102210,
83085,
117954,
81855,
69105,
117555,
102765,
93240,
121314,
81855,
121314,
97682,
85935,
75990,
107100,
102765,
85935,
85935,
85935,
72630,
87017,
83640,
95222,
85935,
86445,
117555,
98685,
121314,
81855,
71910,
86445,
85935,
75990,
75990,
107100,
102000,
75990,
93240,
107610,
64005,
121314,
87720,
86445,
85935,
120615,
84405,
87465,
79560,
85935,
95222,
87572,
103275,
100725,
99405,
105570,
86445,
86190,
116790,
101025,
116070,
86445,
130560,
72885,
85935,
130050,
86445,
107610,
79305,
82365,
75990,
104715,
105570,
86445,
71910,
75990,
75990,
75990,
85935,
96645,
54366,
102765,
122079,
87720,
86445,
121314,
81855,
107100,
89250,
85935,
85935,
93240,
105225,
81839,
75990,
105570,
81855,
79980,
146814,
127655,
100470,
81855,
107100,
92565,
85935,
117234,
87720,
101235,
75990,
100635,
75990,
75990,
121314,
81855,
95222,
75990,
86445,
71910,
86445,
78987,
54366,
98685,
105570,
120360,
81855,
85935,
86445,
71910,
75990,
82365,
75990,
86445,
85935,
75990,
75990,
104715,
95222,
71910,
80835,
75990,
104715,
75990,
71910,
105570,
86445,
75990,
117555,
84330,
99705,
101700,
125460,
85935,
75990,
85935,
85935,
86445,
104715,
71910,
101235,
102665,
64005,
115260,
97155,
81855,
115260,
100470,
104715,
75990,
75990,
101235,
87465,
114240,
89760,
86445,
85935,
85935,
100470,
75990,
105570,
105570,
99405,
91862,
95222,
113664,
81855,
85935,
85935,
99450,
138399,
117045,
110415,
75990,
76500,
85935,
85935,
104715,
82365,
75990,
104715,
78987,
64005,
117234,
81855,
107100,
117810,
92310,
85935,
85935,
107100,
102765,
107100,
107100,
101745,
82365,
85935,
86445,
79980,
95222,
121890,
81855,
85935,
85935,
78285,
93240,
107100,
104805,
85935,
108540,
85935,
100577,
85935,
85935,
89925,
107610,
104550,
106442,
114240,
75990,
95222,
99195,
64005,
75990,
107100,
102765,
85935,
85935,
86445,
105570,
107610,
85935,
85935,
109140,
96390,
81855,
86445,
121890,
102765,
85935,
87975,
74670,
105570,
86445,
93240,
85935,
95222,
85935,
71910,
107100,
102765,
78285,
115260,
86445,
116790,
101025,
110670,
107100,
104805,
71910,
75990,
117045,
29529,
82365,
75990,
101490,
105570,
102765,
97155,
121890,
86445,
111180,
86445,
107100,
79305,
71910,
104715,
85935,
105570,
86445,
85935,
71910,
107865,
82365,
105570,
86445,
85935,
71910,
75990,
75990,
75990,
93240,
117234,
102765,
146814,
128010,
111180,
85935,
85935,
107100,
102765,
113630,
77759,
86400,
105570,
116280,
106845,
122145,
116355,
109650,
101235,
117234,
81855,
80942,
75990,
75990,
75990,
105570,
120360,
77775,
75990,
107100,
121890,
81855,
107865,
78285,
105570,
86445,
97262,
85935,
72630,
86445,
71910,
86445,
85935,
85935,
85935,
85935,
85935,
86445,
105570,
101135,
76692,
102765,
117045,
100487,
96579,
92310,
119850,
90015,
101235,
110160,
79305,
105570,
86445,
75990,
71910,
121314,
81855,
85935,
105570,
86445,
85935,
75990,
121314,
81855,
123930,
97682,
89925,
85935,
85935,
104715,
75990,
130050,
86445,
85935,
76755,
75990,
85935,
104715,
121314,
77457,
59982,
126480,
129030,
142545,
111690,
166770,
125715,
111690,
146535,
131070,
154275,
154974,
129873,
129030,
117300,
139847,
117300,
109650,
148998,
136425,
110493,
109650,
148920,
125715,
129030,
135660,
128882,
109728,
109650,
114495,
139847,
154209,
115593,
120183,
109650,
109650,
109650,
109650,
114495,
113763,
-33915,
29070,
29070,
29070,
29070,
29070,
-9783,
-10455,
-12240,
-10455,
29070,
-43860,
-10455,
29070,
29070,
29070,
29070,
29070,
29070,
29070,
29070,
29070,
-11925,
29070,
29070,
29070,
29070,
29070,
29070,
29070,
29070,
29070,
29070,
29070,
22695,
28560,
22695,
28560,
29070,
10455,
-31620,
51510,
8415,
-21420,
-27795,
-29070,
-12240,
32385,
18084,
38250,
39270,
19380,
-21420,
51510,
51510,
51510,
8415,
45135,
51510,
51510,
51510,
51510,
20983,
39270,
45135,
-27285,
-21675,
-10710,
1530,
51510,
51510,
39270,
-19548,
39270,
-21420,
45135,
5355,
-27285,
21165,
47940,
-63815,
-21420,
51510,
19380,
42840,
13515,
38250,
2550,
21165,
8415,
-21420,
45135,
19380,
21165,
8415,
21165,
2550,
21165,
39270,
45135,
43350,
6120,
-21420,
40305,
45135,
-10455,
-12495,
14790,
26265,
8415,
21165,
-11985,
20983,
45135,
20983,
45135,
31110,
4335,
-21420,
47940,
-12687,
8925,
41055,
51510,
6630,
45135,
51510,
-23205,
-21420,
18084,
38250,
-27285,
45135,
51510,
51510,
2040,
-26250,
40305,
1275,
-21420,
45135,
18084,
38250,
51510,
40305,
-10455,
40305,
40305,
3585,
51510,
51510,
-51255,
51510,
51510,
45135,
45135,
39270,
45135,
19380,
14790,
-29390,
-21420,
45135,
51510,
51510,
8415,
8415,
19380,
38250,
51510,
51510,
20983,
45135,
51510,
51510,
18084,
32385,
45135,
43350,
-20400,
45135,
39270,
45135,
-23205,
-21420,
19380,
-21420,
51510,
51510,
51510,
51510,
19380,
-21420,
51510,
-21420,
51510,
-21420,
45135,
39270,
62169,
2805,
27285,
39270,
47007,
45135,
45135,
51510,
51510,
51510,
51510,
-21420,
51510,
-26250,
51510,
51510,
11730,
-33150,
16662,
-2805,
-3315,
-23205,
-27285,
-21420,
21165,
21165,
-21420,
19380,
21165,
51510,
51510,
-23205,
-21420,
20983,
51510,
15300,
45135,
20983,
51510,
5355,
-44370,
-47112,
40800,
-23205,
-13260,
40305,
1275,
-23205,
-21420,
56647,
-21420,
20983,
45135,
11220,
-9265,
-27285,
36975,
41055,
2040,
-21420,
-19125,
19380,
31875,
17085,
51510,
18084,
38250,
8415,
21165,
51510,
8415,
18084,
38250,
39270,
45135,
51510,
-29070,
-21420,
51510,
43350,
43860,
-31620,
21165,
14790,
51510,
8415,
51510,
19869,
21165,
43860,
21165,
-21420,
51510,
20983,
21165,
21165,
45135,
51510,
18084,
32385,
36975,
5100,
36975,
47430,
2550,
45135,
51510,
8415,
51510,
51510,
51510,
39270,
45135,
51510,
51510,
51510,
18084,
38250,
8415,
15300,
41565,
-31620,
51510,
51510,
8415,
-23205,
-27285,
45135,
8415,
-29070,
-21420,
19380,
21165,
51510,
51510,
2550,
45135,
-7395,
-11979,
1530,
8415,
-22379,
51510,
39270,
45135,
-2790,
17085,
51510,
51510,
51510,
43350,
-60420,
261,
7905,
39270,
8415,
51765,
-21420,
51510,
8415,
14790,
-57246,
-44880,
51510,
51510,
14790,
15300,
45135,
51510,
-23205,
38250,
8415,
21165,
8415,
21165,
45135,
45135,
30324,
-8160,
22185,
-23205,
19380,
21165,
-21420,
39270,
36975,
4335,
21165,
45135,
51510,
51510,
-11475,
19890,
32640,
39270,
45135,
-21420,
19380,
15300,
45135,
-8670,
-12687,
21165,
51510,
8415,
51510,
40305,
-2790,
17085,
20983,
-22950,
42330,
45135,
51510,
45135,
45135,
51510,
-23205,
-21420,
-23205,
-18105,
44880,
8415,
20983,
39270,
8415,
45135,
51510,
51510,
51510,
51510,
20983,
39270,
51765,
45135,
51510,
19380,
16335,
-21420,
45135,
55539,
3309,
21165,
51510,
39270,
45135,
51510,
43350,
47430,
51510,
20983,
3585,
-21420,
51510,
8415,
-44880,
51510,
18084,
38250,
18084,
38250,
2550,
45135,
-21420,
8415,
39270,
45135,
45135,
51510,
51510,
-21420,
51510,
8415,
15300,
45135,
51510,
51510,
-21420,
15118,
-27795,
47940,
-29390,
-21420,
2550,
-23205,
-21420,
51510,
51510,
51510,
51510,
50235,
-24480,
-10455,
13515,
12219,
38250,
51510,
-23205,
-21420,
40305,
34680,
45135,
39270,
20983,
51510,
8415,
21165,
45135,
8415,
21165,
19380,
21165,
51510,
8415,
21165,
51510,
51510,
20983,
51510,
20983,
47940,
-34935,
27285,
39270,
18084,
42840,
45135,
8415,
-21420,
45135,
12240,
-21186,
38250,
34498,
8415,
21165,
-24480,
-16320,
38250,
51510,
-5355,
21165,
39270,
45135,
51510,
51510,
39270,
45135,
-29070,
-23205,
21165,
-29580,
-21420,
51510,
39270,
10287,
51510,
-23205,
-21420,
255,
43860,
-49834,
-32625,
8415,
21165,
51510,
40305,
51510,
19380,
-21420,
-2040,
-23715,
51510,
40305,
-27285,
45135,
16809,
4335,
51510,
51510,
51510,
-21420,
40545,
8415,
51510,
51510,
45135,
45135,
18084,
38250,
51510,
-2040,
20983,
8415,
15300,
-23205,
-21420,
18084,
38250,
51510,
16320,
-73549,
21165,
51510,
51510,
8415,
21165,
51510,
12219,
8415,
-19911,
2550,
51510,
51510,
20983,
45135,
51510,
51510,
39270,
-23205,
-21420,
15118,
36210,
51510,
-21420,
-29580,
-21420,
8415,
8415,
16335,
51510,
8415,
51510,
51510,
39270,
18084,
32385,
15045,
-12301,
21165,
-32130,
-12687,
21165,
51510,
51510,
44895,
51510,
8415,
-22379,
45135,
43350,
6120,
-21420,
8415,
-9265,
-21420,
57375,
-22695,
8415,
18084,
38250,
51510,
51510,
51510,
-10455,
1764,
21252,
45135,
51510,
51510,
2040,
-25500,
39270,
45135,
51510,
-21420,
8415,
21165,
51510,
51510,
37101,
-31620,
51510,
2040,
-14535,
49543,
28815,
-40800,
19380,
21165,
8415,
19380,
32385,
45135,
-11730,
10710,
7140,
19708,
8415,
-19635,
47430,
51510,
51510,
51510,
19380,
-22695,
8415,
15300,
-21420,
45135,
18084,
38250,
-27285,
45135,
51510,
21165,
-21420,
7140,
51510,
51510,
47940,
-31620,
51510,
-29580,
-25500,
51510,
8415,
20983,
40305,
40305,
-29580,
-25093,
-18864,
-21420,
16809,
32145,
50235,
-24480,
-21420,
51510,
51510,
51510,
51510,
8415,
21165,
40873,
51510,
525,
-16005,
-29070,
21165,
-21420,
19380,
-21420,
51510,
51510,
20983,
40873,
39270,
47007,
41565,
-29390,
-21420,
18084,
-21420,
51510,
51510,
39270,
51510,
51510,
7140,
28305,
21144,
10200,
21165,
-21420,
8415,
18084,
8415,
8415,
21165,
-23205,
-21420,
2040,
22185,
51510,
51510,
43350,
14790,
32895,
46644,
21165,
-23205,
38250,
-29070,
-21420,
51510,
51510,
39270,
45135,
67575,
-47112,
21165,
51510,
20983,
8415,
51510,
2550,
-21420,
-21420,
45135,
45135,
-21420,
20983,
8415,
21165,
3585,
51510,
51510,
11730,
3570,
18084,
39015,
45135,
51510,
2550,
45135,
-23205,
-12240,
32385,
45135,
39270,
20983,
8415,
-12240,
32385,
51765,
38760,
-27795,
8415,
47940,
-22821,
2550,
45135,
-23205,
-21420,
-23205,
-12240,
38250,
20983,
39270,
-21420,
11220,
-21420,
-10710,
-17085,
-21420,
8415,
45135,
43350,
1290,
-21420,
2550,
21165,
8415,
-9265,
-27285,
21165,
21165,
39270,
39270,
-21420,
51510,
21165,
21165,
51510,
39270,
45135,
19380,
21165,
47940,
2805,
27285,
45135,
-18615,
38250,
18084,
38250,
51510,
-23205,
-27285,
21165,
21165,
38250,
51510,
19890,
15300,
45135,
71145,
-18068,
-11475,
38250,
-29580,
-21420,
51510,
18084,
-21420,
45135,
51510,
39270,
45135,
19380,
-21420,
46644,
10200,
-27285,
48801,
8415,
51510,
-38250,
11679,
-58842,
17085,
8415,
40873,
51510,
-510,
-27285,
51510,
12219,
21165,
18084,
2040,
51510,
-21420,
51510,
51510,
28560,
-27795,
16809,
3585,
51510,
7629,
44625,
-21420,
51510,
20983,
51510,
-21420,
2550,
21165,
45135,
13005,
35190,
18084,
-21420,
51510,
51510,
-21420,
45135,
55539,
8951,
-25500,
51510,
51510,
-23205,
-35445,
41055,
-21420,
51510,
51510,
51510,
51510,
51510,
14790,
2040,
21165,
43350,
22185,
51510,
51510,
-23205,
-21924,
-12240,
19380,
-21420,
51510,
39270,
21165,
-23205,
-21420,
45135,
51510,
39270,
45135,
20983,
39270,
45135,
20983,
51510,
47940,
-31620,
20983,
51510,
39270,
19380,
-26250,
51510,
19380,
-12495,
45135,
51510,
2550,
-21420,
43860,
45135,
49725,
51510,
51510,
51510,
47940,
19380,
18084,
38250,
40305,
20983,
51510,
-13770,
-6114,
-28815,
38250,
51510,
45135,
45135,
45135,
11985,
17850,
-5610,
17850,
-38723,
47940,
-31620,
51510,
51510,
40305,
36975,
22440,
13964,
-18360,
-27285,
-21420,
51510,
45135,
19380,
-21420,
45135,
11730,
15810,
51510,
47940,
-23205,
-20655,
45135,
51510,
51510,
51510,
51510,
18084,
19890,
20400,
8415,
2550,
21165,
3585,
-15130,
-29070,
20145,
37485,
23949,
21165,
-8670,
-29390,
-21420,
45135,
1275,
-29580,
-21420,
51510,
12219,
38250,
14790,
51510,
-21420,
18084,
44625,
-21420,
43350,
47430,
2550,
45135,
18084,
32385,
-23205,
-21420,
51510,
-21420,
-23205,
-21420,
40305,
11985,
-11985,
-29070,
-21420,
49543,
6879,
29340,
-21420,
51510,
39270,
45135,
37101,
-47112,
21165,
39270,
-2040,
-22695,
38250,
-23205,
-27285,
7140,
-23205,
-21420,
19380,
-21420,
18084,
38250,
51510,
-21420,
40305,
39270,
45135,
45135,
18084,
38250,
51510,
20983,
13254,
44625,
-21420,
-28035,
-51255,
18084,
38250,
51510,
39270,
45135,
14790,
-21420,
45135,
1275,
41565,
-31620,
-28035,
-26250,
13254,
38250,
7905,
21165,
21165,
40873,
18084,
38250,
18084,
9563,
51510,
45135,
8415,
21165,
51510,
51510,
51510,
40305,
-37215,
-17850,
8415,
51510,
-21420,
21165,
15300,
18084,
38250,
39270,
-21420,
51510,
45135,
45135,
43350,
11220,
45135,
40873,
-29580,
-31620,
18084,
44625,
-21420,
51510,
-2040,
-33660,
5355,
15810,
51510,
8415,
-29580,
12750,
-64005,
16335,
-23205,
-21420,
49725,
-7395,
261,
-38499,
-21420,
18105,
-27525,
51510,
19380,
-21420,
-29580,
41055,
-27285,
45135,
20983,
-23205,
-21420,
39270,
45135,
45135,
45135,
51510,
10965,
3309,
21165,
18849,
44625,
-21420,
18084,
38250,
43350,
47430,
51510,
51510,
40873,
19708,
3857,
45135,
-23205,
38250,
49543,
30324,
33864,
8415,
38250,
43350,
19890,
51510,
12219,
44625,
-10455,
45135,
15118,
45135,
45135,
18084,
38250,
8415,
45135,
-21420,
39270,
-21420,
37101,
3309,
15300,
-23205,
-12240,
38250,
51510,
-21420,
39270,
45135,
-27285,
45135,
-21420,
51510,
45135,
45135,
20983,
8415,
39270,
51765,
45135,
20983,
45135,
39270,
-23205,
-21420,
45135,
21165,
40800,
-56844,
-56850,
-27030,
51510,
45135,
51510,
51510,
-21420,
20983,
39270,
-10455,
5304,
-31620,
8415,
-16320,
38250,
8415,
8415,
20983,
45135,
45135,
-10455,
5355,
-18615,
-25500,
-21420,
51510,
51510,
8415,
45135,
-23205,
-23205,
16335,
3585,
8415,
-19911,
38250,
51510,
51510,
-29580,
18849,
19890,
-23205,
45135,
38250,
51510,
51510,
20983,
-27285,
45135,
20983,
37101,
-31620,
12219,
38250,
8415,
13515,
8415,
51510,
51510,
43350,
21165,
43350,
8415,
18870,
11220,
51510,
-21420,
49543,
8415,
19380,
38250,
51510,
51510,
13515,
40873,
8415,
14790,
51510,
15628,
51510,
-2040,
51510,
51510,
44953,
7140,
22185,
24225,
14025,
45135,
8415,
41565,
-31620,
45135,
8415,
21165,
51510,
51510,
-21420,
-23205,
-29580,
51510,
51510,
2040,
-14535,
38250,
-21420,
19380,
21165,
51510,
45135,
33930,
-23205,
-21420,
40873,
51510,
8415,
51510,
39270,
8415,
21165,
13515,
8415,
-21420,
-7395,
261,
7905,
8415,
14790,
39270,
45135,
67575,
-29390,
-27285,
45135,
-29070,
-23205,
21165,
11220,
19380,
-21420,
2550,
-21420,
43350,
41055,
39270,
20983,
51510,
-23205,
-21420,
51510,
39270,
-10455,
11220,
-23205,
-21420,
51510,
39270,
45135,
45135,
45135,
40873,
12219,
21165,
30324,
26265,
32640,
51510,
51510,
8415,
21165,
62169,
-64369,
-30330,
-23205,
-18105,
42840,
-8925,
7170,
-44880,
-10455,
12219,
38250,
49725,
45135,
45135,
45135,
-23205,
-12240,
32385,
45135,
8415,
19380,
38250,
-10455,
5355,
-23205,
-21420,
2040,
51510,
40305,
-21420,
39270,
-21420,
51510,
51510,
51510,
51510,
51510,
-21420,
-23205,
-26316,
-47112,
21165,
-21420,
13898,
46644,
8415,
7140,
38250,
-10455,
42840,
41055,
-23205,
-21420,
45135,
39270,
18084,
38250,
51510,
-23205,
-21420,
51510,
45135,
18084,
38250,
13005,
9563,
44953,
51510,
51510,
20983,
45135,
19380,
-21420,
51510,
45900,
45135,
51510,
20983,
18084,
5481,
-38474,
-20910,
-16830,
-36210,
28050,
16320,
-13770,
28050,
2878,
-27540,
29070,
-21,
-8633,
-16830,
-17340,
-19125,
-17340,
27030,
-10418,
3060,
27067,
27030,
-9690,
-13770,
-16830,
-6885,
-9690,
26302,
27030,
33660,
-19125,
-9966,
19417,
-40253,
27030,
27030,
27030,
27030,
33660,
-14009,
75225,
-16830,
-16830,
-16830,
-16830,
-16830,
-29641,
-33150,
-37740,
-33150,
-16830,
-50490,
-33150,
-16830,
-16830,
-16830,
-16830,
-16830,
-16830,
-16830,
-16830,
-16830,
-36930,
-16830,
-16830,
-16830,
-16830,
-16830,
-16830,
-16830,
-16830,
-16830,
-16830,
-16830,
-23970,
-26010,
-23970,
-26010,
-16830,
28050,
88740,
-9945,
-47430,
-43605,
-14025,
-46155,
-44880,
-7140,
-39435,
-9180,
-15045,
-44115,
-43605,
-9945,
-9945,
-9945,
-21223,
-17085,
-9945,
-9945,
-9945,
-9945,
-39993,
-15045,
-17085,
-41565,
-8670,
-46665,
-31365,
-9945,
-9945,
-15045,
-41229,
-15045,
-43605,
-17085,
-4845,
-57630,
-39525,
-1530,
54992,
-43605,
-9945,
-44115,
-13770,
-30090,
-9180,
-45390,
-39525,
-35445,
-43605,
-17085,
-44115,
-39525,
-47430,
-39525,
-45390,
-39525,
-15045,
-17085,
15045,
-28305,
-43605,
-15405,
-17085,
-40290,
-25755,
-31875,
-30090,
-47430,
-39525,
-7650,
-39993,
-17085,
-39993,
-17085,
9945,
-18673,
-43605,
-1530,
95096,
-7905,
-14535,
-9945,
-30090,
-17085,
-9945,
-48195,
-43605,
-39435,
-9180,
-41565,
-17085,
-9945,
-9945,
-5865,
-41925,
-15405,
1785,
-43605,
-17085,
-39435,
-9180,
-9945,
-15405,
-40290,
-15405,
-15405,
-19543,
-9945,
-9945,
-10455,
-9945,
-9945,
-17085,
-17085,
-15045,
-17085,
-44115,
-31875,
54737,
-43605,
-17085,
-9945,
-9945,
-21223,
-47430,
-44115,
-9180,
-9945,
-9945,
-39993,
-17085,
-9945,
-9945,
-39435,
-7140,
-17085,
15045,
-47685,
-17085,
-15045,
-17085,
-48195,
-43605,
-44115,
-43605,
-9945,
-9945,
-9945,
-9945,
-44115,
-43605,
-9945,
-43605,
-9945,
-43605,
-17085,
-15045,
-6831,
10455,
-23652,
-15045,
-14709,
-17085,
-17085,
-9945,
-9945,
-9945,
-9945,
-43605,
-9945,
-41925,
-9945,
-9945,
2295,
-55590,
-7569,
-25048,
-27540,
-48195,
-41565,
-43605,
-61455,
-39525,
-43605,
-44115,
-39525,
-9945,
-9945,
-48195,
-43605,
-39993,
-9945,
-37485,
-17085,
-39993,
-9945,
-4845,
-11220,
95351,
-43410,
-48195,
-39270,
-15405,
15555,
-48195,
-43605,
6032,
-43605,
-39993,
19635,
-48450,
-43221,
-41565,
7905,
-14535,
-5865,
-43605,
-41310,
-44115,
20400,
-36975,
-9945,
-39435,
-9180,
-47430,
-39525,
-9945,
-21223,
-39435,
-9180,
-15045,
-17085,
-9945,
-46155,
-43605,
-9945,
15045,
1020,
88740,
-61455,
-9945,
-9945,
-21223,
-9945,
-56775,
-39525,
-18360,
-39525,
-43605,
-9945,
-39993,
-61455,
-39525,
-17085,
-9945,
-39435,
-7140,
7905,
-8218,
7905,
-7395,
-19183,
-17085,
-9945,
-21223,
-9945,
-9945,
-9945,
-15045,
-17085,
-9945,
-9945,
-9945,
-39435,
-9180,
-47430,
-37485,
-8670,
88740,
-9945,
-9945,
-21223,
-48195,
-41565,
-17085,
-21223,
-46155,
-43605,
-44115,
-39525,
-9945,
-9945,
-19183,
-17085,
-5100,
-36486,
-31365,
-47430,
-34289,
-9945,
-15045,
-17085,
-16170,
-36975,
-9945,
-9945,
-9945,
15045,
-12600,
-31386,
-24225,
-15045,
-21223,
-8670,
-43605,
-9945,
-47430,
-31875,
65281,
-40035,
-9945,
-9945,
-31875,
-37485,
-17085,
-9945,
-48195,
-9180,
-47430,
-39525,
-47430,
-39525,
-17085,
-17085,
12585,
-15045,
-27540,
-48195,
-32130,
-39525,
-43605,
-15045,
7905,
-44880,
-39525,
-17085,
-9945,
-9945,
-9435,
-22440,
-22950,
-15045,
-17085,
-43605,
-44115,
-37485,
-17085,
-1020,
95096,
-39525,
-9945,
-21223,
-9945,
-15405,
-16170,
-36975,
-39993,
-10200,
-16065,
-17085,
-9945,
-17085,
-17085,
-9945,
-48195,
-43605,
-48195,
-42840,
-765,
-21223,
-39993,
-15045,
-21223,
-17085,
-9945,
-9945,
-9945,
-9945,
-39993,
-15045,
-8670,
-17085,
-9945,
-44115,
-37845,
-43605,
-17085,
-15246,
83589,
-39525,
-9945,
-15045,
-17085,
-9945,
15045,
-7395,
-9945,
-39993,
-19543,
-43605,
-9945,
-35445,
-40035,
-9945,
-39435,
-9180,
-39435,
-9180,
-19183,
-17085,
-43605,
-21223,
-15045,
-17085,
-17085,
-9945,
-9945,
-43605,
-9945,
-47430,
-37485,
-17085,
-9945,
-9945,
-43605,
-37953,
-14025,
-1530,
54737,
-43605,
-19183,
-48195,
-43605,
-9945,
-9945,
-9945,
-9945,
765,
-49470,
-40290,
6885,
-37395,
-9180,
-9945,
-48195,
-43605,
-15405,
-22185,
-17085,
-15045,
-39993,
-9945,
-47430,
-39525,
-17085,
-47430,
-39525,
-44115,
-39525,
-9945,
-47430,
-39525,
-9945,
-9945,
-39993,
-9945,
-39993,
-1530,
1785,
-23652,
-15045,
-39435,
-25755,
-17085,
-21223,
-43605,
-17085,
5610,
-23880,
-9180,
14577,
-47430,
-39525,
-21165,
-54315,
-9180,
-9945,
-48450,
-39525,
-15045,
-17085,
-9945,
-9945,
-15045,
-17085,
-46155,
-48195,
-39525,
-30600,
-43605,
-9945,
-15045,
-18847,
-9945,
-48195,
-43605,
3767,
1020,
45729,
-12345,
-47430,
-39525,
-9945,
-15405,
-9945,
-32130,
-43605,
-3315,
4845,
-9945,
-15405,
-41565,
-17085,
-420,
-18673,
-9945,
-9945,
-9945,
-43605,
-24225,
-21223,
-9945,
-9945,
-17085,
-17085,
-39435,
-9180,
-9945,
10907,
-39993,
-47430,
-37485,
-48195,
-43605,
-39435,
-9180,
-9945,
-2295,
17169,
-27540,
-9945,
-9945,
-47430,
-39525,
-9945,
-37395,
-25500,
-22605,
-19380,
-9945,
-9945,
-39993,
-17085,
-9945,
-9945,
-15045,
-48195,
-43605,
-37953,
-27285,
-9945,
-43605,
-18615,
-43605,
-13515,
-47430,
-37845,
-9945,
-21223,
-9945,
-9945,
-15045,
-39435,
-7140,
-39015,
-58734,
-39525,
14535,
95096,
-39525,
-9945,
-9945,
-19995,
-9945,
-47430,
-34289,
-17085,
15045,
-28305,
-43605,
-47430,
-43221,
-43605,
6630,
-44880,
-13515,
-39435,
-9180,
-9945,
-9945,
-9945,
-40290,
-5265,
-41739,
-17085,
-9945,
-9945,
-5865,
-41055,
-15045,
-17085,
-9945,
-43605,
-47430,
-39525,
-9945,
-9945,
-7497,
88740,
-9945,
-17850,
-49725,
-34128,
-17340,
-56100,
-44115,
-39525,
-47430,
-44115,
-7140,
-17085,
-63495,
-17340,
-14790,
-29283,
-47430,
-9690,
-7395,
-9945,
-9945,
-9945,
-44115,
-20655,
-47430,
-37485,
-43605,
-17085,
-39435,
-9180,
-41565,
-17085,
-9945,
-39525,
-43605,
-255,
-9945,
-9945,
-1530,
88740,
-9945,
-18615,
-41055,
-9945,
-21223,
-39993,
-15405,
-15405,
-18615,
-32793,
-45921,
-43605,
-40710,
-8775,
-11220,
-49470,
-43605,
-9945,
-9945,
-9945,
-9945,
-47430,
-39525,
21717,
-9945,
-3165,
-41520,
-46155,
-27540,
-43605,
-32130,
-43605,
-9945,
-9945,
-39993,
21717,
-15045,
-14709,
-8670,
54737,
-43605,
-39435,
-43605,
-9945,
-9945,
-15045,
-9945,
-9945,
-12495,
-43095,
-40455,
-30855,
-39525,
-43605,
-21223,
-39435,
-25500,
-47430,
-39525,
-48195,
-43605,
-13573,
-27540,
-9945,
-9945,
15045,
-31875,
-9180,
-33570,
-39525,
-48195,
-9180,
-46155,
-43605,
-9945,
-9945,
-15045,
-17085,
-20910,
95351,
-39525,
-9945,
-39993,
-21223,
-9945,
-33405,
-43605,
-43605,
-17085,
-17085,
-43605,
-39993,
-35445,
-27540,
-19543,
-9945,
-9945,
2295,
-25245,
-39435,
1275,
-17085,
-9945,
-19183,
-17085,
-48195,
-44880,
-7140,
-17085,
-15045,
-39993,
-35445,
-44880,
-7140,
-8670,
12495,
-14025,
-21223,
-1530,
65026,
-11475,
-17085,
-48195,
-43605,
-48195,
-44880,
-9180,
-39993,
-15045,
-43605,
-48450,
-43605,
-17340,
-17085,
-43605,
-21223,
-17085,
15045,
-26625,
-43605,
-45390,
-39525,
-47430,
-43221,
-41565,
-61455,
-39525,
-15045,
-15045,
-43605,
-9945,
-61455,
-27540,
-9945,
-15045,
-17085,
-44115,
-39525,
-1530,
10455,
-23652,
-17085,
-27285,
-9180,
-39435,
-9180,
-9945,
-48195,
-41565,
-49470,
-27540,
-9180,
-9945,
8160,
-37485,
-5100,
-17340,
-44203,
-34425,
-9180,
-18615,
-43605,
-9945,
-39435,
-43605,
-17085,
-9945,
-15045,
-17085,
-44115,
-43605,
-33570,
-30855,
-41565,
-11465,
-21223,
-9945,
-1785,
-32841,
87701,
-36975,
-21223,
21717,
-9945,
-2805,
-31423,
-9945,
-37395,
-39525,
-39435,
4080,
-9945,
-43605,
-9945,
-9945,
-57630,
-26010,
-40710,
-23820,
-9945,
-7305,
-31110,
-43605,
-9945,
-39993,
-9945,
-43605,
-45390,
-39525,
-17085,
-14535,
-12495,
-39435,
-43605,
-9945,
-9945,
-43605,
-17085,
-15246,
80495,
-41055,
-9945,
-9945,
-48195,
-16575,
-14535,
-43605,
-9945,
-9945,
-9945,
-9945,
-9945,
-9945,
-17850,
-39525,
15045,
-27540,
-9945,
-9945,
-48195,
-44901,
-44880,
-44115,
-43605,
-9945,
-15045,
-39525,
-48195,
-43605,
-17085,
-9945,
-15045,
-17085,
-39993,
-15045,
-17085,
-39993,
-9945,
-1530,
88740,
-39993,
-9945,
-15045,
-44115,
-41925,
-9945,
-44115,
-28815,
-17085,
-9945,
-45390,
-43605,
-18360,
-17085,
-29383,
-9945,
-9945,
-9945,
-26265,
-32130,
-39435,
-9180,
-15405,
-39993,
-9945,
-12240,
-38526,
-41820,
-9180,
-9945,
-17085,
-17085,
-17085,
-9435,
510,
-37230,
510,
-41143,
-1530,
88740,
-9945,
-9945,
-15405,
7905,
-45135,
-12069,
-44625,
-41565,
-43605,
-9945,
-17085,
-32130,
-43605,
-17085,
2295,
-20145,
-9945,
-38250,
-60180,
-33150,
-17085,
-9945,
-9945,
-9945,
-9945,
7485,
-22440,
-28050,
-21223,
-33405,
-39525,
-33765,
-41181,
-46155,
-8670,
2295,
5445,
-39525,
-1020,
54737,
-43605,
-17085,
1785,
-18615,
-43605,
-9945,
-37395,
-9180,
-9945,
-9945,
-43605,
-39435,
-31110,
-43605,
15045,
-7395,
-19183,
-17085,
-39435,
-7140,
-48195,
-43605,
-9945,
-43605,
-48195,
-43605,
-15405,
16772,
-7650,
-46155,
-43605,
-34128,
-8175,
-4950,
-43605,
-9945,
-15045,
-17085,
-7497,
95351,
-39525,
-15045,
-3315,
-12750,
-9180,
-48195,
-41565,
-255,
-48195,
-43605,
-32130,
-43605,
-39435,
-9180,
-9945,
-43605,
-15405,
-15045,
-17085,
-17085,
-39435,
-9180,
-9945,
-39993,
-37755,
-31110,
-43605,
-46515,
-10455,
-39435,
-9180,
-9945,
-15045,
-17085,
-9945,
-43605,
-17085,
1785,
-8670,
88740,
-46515,
-41925,
-37755,
-9180,
10200,
-61455,
-39525,
21717,
-39435,
-9180,
-39435,
-24667,
-9945,
-17085,
-47430,
-39525,
-9945,
-9945,
-9945,
-15405,
24062,
-5610,
-21223,
-9945,
-43605,
-61455,
-37485,
-39435,
-9180,
-15045,
-43605,
-9945,
-17085,
-17085,
15045,
-34935,
-17085,
21717,
-18615,
88740,
-39435,
-31110,
-43605,
-9945,
-3315,
-11985,
-4845,
-20145,
-9945,
-21223,
-4393,
13005,
-4590,
-37845,
-48195,
-43605,
-21675,
-5100,
-31386,
-41841,
-43605,
6885,
-43200,
-9945,
-32130,
-43605,
-18615,
-14535,
-41565,
-17085,
-39993,
-48195,
-43605,
-15045,
-17085,
-17085,
-17085,
-9945,
7650,
83589,
-39525,
-28980,
-31110,
-43605,
-39435,
-9180,
15045,
-7395,
-9945,
-9945,
21717,
-978,
5831,
-17085,
-48195,
-9180,
-34128,
12585,
-29016,
-13515,
-9180,
15045,
-40800,
-9945,
-37395,
-31110,
-40290,
-17085,
-37953,
-17085,
-17085,
-39435,
-9180,
-21223,
-17085,
-43605,
-15045,
-43605,
-7497,
83589,
-37485,
-48195,
-44880,
-9180,
-9945,
-43605,
-15045,
-17085,
-41565,
-17085,
-43605,
-9945,
-17085,
-17085,
-39993,
-21223,
-15045,
-8670,
-17085,
-39993,
-17085,
-15045,
-48195,
-43605,
-17085,
-61455,
-43410,
-16446,
-31980,
-37230,
-9945,
-17085,
-9945,
-9945,
-43605,
-39993,
-15045,
-40290,
-7596,
88740,
-35445,
-38250,
-9180,
-35445,
-13515,
-39993,
-17085,
-17085,
-40290,
-4845,
-27285,
-41055,
-43605,
-9945,
-9945,
-13515,
-17085,
-48195,
-48195,
-37845,
-19543,
-21223,
-22605,
-9180,
-9945,
-9945,
-30600,
-3990,
8160,
-34680,
-17085,
13260,
-9945,
-9945,
-39993,
-41565,
-17085,
-39993,
-7497,
88740,
-37395,
-9180,
-47430,
-42075,
-25500,
-9945,
-9945,
15045,
-39525,
15045,
-47430,
-54315,
-26520,
-9945,
-43605,
-34128,
-21223,
-44115,
-9180,
-9945,
-9945,
6885,
21717,
-47430,
-9945,
-9945,
1572,
-9945,
10907,
-9945,
-9945,
19167,
-8415,
-27540,
21872,
20910,
-17085,
-21223,
-8670,
88740,
-17085,
-47430,
-39525,
-9945,
-9945,
-43605,
-48195,
-18615,
-9945,
-9945,
-17850,
-49725,
-9180,
-43605,
-44115,
-39525,
-9945,
19635,
14175,
-48195,
-43605,
21717,
-9945,
-21223,
-9945,
-15045,
-47430,
-39525,
6885,
-35445,
-43605,
-5100,
-31386,
-24225,
-47430,
-9945,
-15045,
-17085,
-20910,
54737,
-41565,
-17085,
-46155,
-48195,
-39525,
-48450,
-44115,
-43605,
-33405,
-43605,
15045,
-14535,
-15045,
-39993,
-9945,
-48195,
-43605,
-9945,
-15045,
-74205,
-26520,
-48195,
-43605,
-9945,
-15045,
-17085,
-17085,
-17085,
21717,
-37395,
-39525,
12585,
-15300,
-22950,
-9945,
-9945,
-47430,
-39525,
-6831,
51084,
-39375,
-48195,
-42840,
-35700,
-765,
-11175,
-40035,
-40290,
-37395,
-9180,
-29383,
-17085,
-17085,
-17085,
-48195,
-44880,
-7140,
-17085,
-47430,
-44115,
-9180,
-74205,
-24480,
-48195,
-43605,
8357,
-9945,
-15405,
-43605,
-15045,
-43605,
-9945,
-9945,
-9945,
-9945,
-9945,
-43605,
-48195,
-8361,
95351,
-39525,
-510,
1853,
-33570,
-25500,
-12495,
2805,
-40290,
24480,
-14535,
-48195,
-43605,
-17085,
-15045,
-39435,
-9180,
-9945,
-48195,
-43605,
-9945,
-17085,
-39435,
-9180,
-14535,
-24667,
19167,
-9945,
-9945,
-39993,
-17085,
-32130,
-43605,
-9945,
-6630,
-17085,
-9945,
-39993,
-39435,
-8262,
59564,
-36465,
-4335,
-36465,
-21165,
-58905,
-40035,
-21165,
-39228,
-18615,
-62985,
-50655,
-41711,
-4335,
-23460,
-8728,
-23460,
-28305,
-46301,
-50745,
-17486,
-28305,
-46665,
-40035,
-4335,
-46155,
-32443,
-27941,
-28305,
-19890,
-8728,
-46065,
-20036,
-54461,
-28305,
-28305,
-28305,
-28305,
-19890,
29398,
133875,
45645,
45645,
45645,
45645,
45645,
93531,
87720,
94350,
87720,
45645,
90780,
87720,
45645,
45645,
45645,
45645,
45645,
45645,
45645,
45645,
45645,
93180,
45645,
45645,
45645,
45645,
45645,
45645,
45645,
45645,
45645,
45645,
45645,
55845,
64260,
55845,
64260,
45645,
72675,
80070,
37740,
82875,
82875,
87465,
81090,
56610,
43605,
48396,
52020,
39525,
49980,
82875,
37740,
37740,
37740,
66625,
47940,
37740,
37740,
37740,
37740,
44026,
39525,
47940,
74460,
106590,
86445,
81345,
37740,
37740,
39525,
79779,
39525,
82875,
47940,
55590,
90015,
43350,
54570,
81146,
82875,
37740,
49980,
67830,
51765,
52020,
74460,
43350,
93075,
82875,
47940,
49980,
43350,
82875,
43350,
74460,
43350,
39525,
47940,
48960,
97155,
82875,
41010,
47940,
49980,
85425,
67830,
26010,
82875,
43350,
73695,
44026,
47940,
44026,
47940,
50745,
77335,
82875,
54570,
58374,
39525,
58650,
37740,
69615,
47940,
37740,
89505,
82875,
48396,
52020,
74460,
47940,
37740,
37740,
97665,
75945,
41010,
40545,
82875,
47940,
48396,
52020,
37740,
41010,
49980,
41010,
41010,
59695,
37740,
37740,
59925,
37740,
37740,
47940,
47940,
39525,
47940,
49980,
67830,
75791,
82875,
47940,
37740,
37740,
66625,
82875,
49980,
52020,
37740,
37740,
44026,
47940,
37740,
37740,
48396,
43605,
47940,
48960,
42075,
47940,
39525,
47940,
89505,
82875,
49980,
82875,
37740,
37740,
37740,
37740,
49980,
82875,
37740,
82875,
37740,
82875,
47940,
39525,
65176,
88740,
57582,
39525,
44844,
47940,
47940,
37740,
37740,
37740,
37740,
82875,
37740,
75945,
37740,
37740,
45390,
81600,
44844,
45715,
69615,
89505,
74460,
82875,
63240,
43350,
82875,
49980,
43350,
37740,
37740,
89505,
82875,
44026,
37740,
34935,
47940,
44026,
37740,
55590,
81855,
63729,
70170,
89505,
48705,
41010,
41820,
89505,
82875,
55872,
82875,
44026,
42330,
84150,
73621,
74460,
59160,
58650,
97665,
82875,
66045,
49980,
56610,
54060,
37740,
48396,
52020,
82875,
43350,
37740,
66625,
48396,
52020,
39525,
47940,
37740,
81090,
82875,
37740,
48960,
65280,
80070,
63240,
47940,
37740,
66625,
37740,
61656,
43350,
44880,
43350,
82875,
37740,
44026,
63240,
43350,
47940,
37740,
48396,
43605,
59160,
57955,
59160,
48450,
58210,
47940,
37740,
66625,
37740,
37740,
37740,
39525,
47940,
37740,
37740,
37740,
48396,
52020,
82875,
34935,
64770,
80070,
37740,
37740,
66625,
89505,
74460,
47940,
66625,
81090,
82875,
49980,
43350,
37740,
37740,
58210,
47940,
70125,
62562,
81345,
82875,
75751,
37740,
39525,
47940,
80535,
54060,
37740,
37740,
37740,
48960,
100170,
60777,
71145,
39525,
66625,
36975,
82875,
37740,
82875,
67830,
44308,
55335,
37740,
37740,
67830,
34935,
47940,
37740,
89505,
52020,
82875,
43350,
82875,
43350,
47940,
47940,
37686,
45645,
36720,
89505,
60180,
43350,
82875,
39525,
59160,
93585,
43350,
47940,
37740,
37740,
73440,
50490,
15810,
39525,
47940,
82875,
49980,
34935,
47940,
74715,
58374,
43350,
37740,
66625,
37740,
41010,
80535,
54060,
44026,
83130,
47685,
47940,
37740,
47940,
47940,
37740,
89505,
82875,
89505,
48195,
41055,
66625,
44026,
39525,
66625,
47940,
37740,
37740,
37740,
37740,
44026,
39525,
36975,
47940,
37740,
49980,
36420,
82875,
47940,
76141,
78459,
43350,
37740,
39525,
47940,
37740,
48960,
48450,
37740,
44026,
59695,
82875,
37740,
93075,
55335,
37740,
48396,
52020,
48396,
52020,
58210,
47940,
82875,
66625,
39525,
47940,
47940,
37740,
37740,
82875,
37740,
82875,
34935,
47940,
37740,
37740,
82875,
35611,
87465,
54570,
75791,
82875,
58210,
89505,
82875,
37740,
37740,
37740,
37740,
44880,
86445,
49980,
38760,
39981,
52020,
37740,
89505,
82875,
41010,
14790,
47940,
39525,
44026,
37740,
82875,
43350,
47940,
82875,
43350,
49980,
43350,
37740,
82875,
43350,
37740,
37740,
44026,
37740,
44026,
54570,
56610,
57582,
39525,
48396,
57630,
47940,
66625,
82875,
47940,
35700,
46356,
52020,
63916,
82875,
43350,
66555,
57120,
52020,
37740,
65790,
43350,
39525,
47940,
37740,
37740,
39525,
47940,
81090,
89505,
43350,
83895,
82875,
37740,
39525,
63529,
37740,
89505,
82875,
77845,
65280,
46697,
80535,
82875,
43350,
37740,
41010,
37740,
60180,
82875,
108375,
74205,
37740,
41010,
74460,
47940,
35646,
77335,
37740,
37740,
37740,
82875,
23205,
66625,
37740,
37740,
47940,
47940,
48396,
52020,
37740,
81925,
44026,
82875,
34935,
89505,
82875,
48396,
52020,
37740,
61200,
54602,
53550,
37740,
37740,
82875,
43350,
37740,
39981,
62985,
49416,
59160,
37740,
37740,
44026,
47940,
37740,
37740,
39525,
89505,
82875,
35611,
34425,
37740,
82875,
94095,
82875,
73185,
82875,
36420,
37740,
66625,
37740,
37740,
39525,
48396,
43605,
71910,
65033,
43350,
57375,
58374,
43350,
37740,
37740,
56820,
37740,
82875,
75751,
47940,
48960,
97155,
82875,
82875,
73621,
82875,
57120,
79815,
73185,
48396,
52020,
37740,
37740,
37740,
49980,
55281,
46884,
47940,
37740,
37740,
97665,
93585,
39525,
47940,
37740,
82875,
82875,
43350,
37740,
37740,
74118,
80070,
37740,
87465,
50490,
54226,
20400,
50235,
49980,
43350,
82875,
49980,
43605,
47940,
66810,
41820,
70125,
51166,
82875,
53295,
48450,
37740,
37740,
37740,
49980,
35955,
82875,
34935,
82875,
47940,
48396,
52020,
74460,
47940,
37740,
43350,
82875,
48960,
37740,
37740,
54570,
80070,
37740,
94095,
93585,
37740,
66625,
44026,
41010,
41010,
94095,
68011,
92907,
82875,
45336,
42030,
34680,
86445,
82875,
37740,
37740,
37740,
37740,
82875,
43350,
53716,
37740,
48660,
66150,
81090,
53550,
82875,
60180,
82875,
37740,
37740,
44026,
53716,
39525,
44844,
64770,
75791,
82875,
48396,
82875,
37740,
37740,
39525,
37740,
37740,
46155,
40800,
56556,
86445,
43350,
82875,
66625,
48396,
62985,
82875,
43350,
89505,
82875,
91105,
36720,
37740,
37740,
48960,
67830,
70125,
58596,
43350,
89505,
52020,
81090,
82875,
37740,
37740,
39525,
47940,
85935,
63729,
43350,
37740,
44026,
66625,
37740,
84660,
82875,
82875,
47940,
47940,
82875,
44026,
93075,
53550,
59695,
37740,
37740,
45390,
46665,
48396,
32640,
47940,
37740,
58210,
47940,
89505,
56610,
43605,
47940,
39525,
44026,
93075,
56610,
43605,
36975,
52530,
87465,
66625,
54570,
38953,
64770,
47940,
89505,
82875,
89505,
56610,
52020,
44026,
39525,
82875,
84150,
82875,
63495,
91035,
82875,
66625,
47940,
48960,
90225,
82875,
74460,
43350,
82875,
73621,
74460,
63240,
43350,
39525,
39525,
82875,
37740,
63240,
53550,
37740,
39525,
47940,
49980,
43350,
54570,
88740,
57582,
47940,
51000,
52020,
48396,
52020,
37740,
89505,
74460,
73440,
53550,
52020,
37740,
52275,
34935,
58140,
79305,
97437,
37230,
52020,
94095,
82875,
37740,
48396,
82875,
47940,
37740,
39525,
47940,
49980,
82875,
58596,
86445,
74460,
40030,
66625,
37740,
75225,
77161,
58884,
54060,
66625,
53716,
37740,
47175,
73765,
37740,
39981,
43350,
48396,
67575,
37740,
82875,
37740,
37740,
95625,
77265,
45336,
56055,
37740,
63696,
81090,
82875,
37740,
44026,
37740,
82875,
74460,
43350,
47940,
54570,
50235,
48396,
82875,
37740,
37740,
82875,
47940,
76141,
80825,
93585,
37740,
37740,
89505,
85680,
58650,
82875,
37740,
37740,
37740,
37740,
37740,
47940,
87465,
43350,
48960,
36720,
37740,
37740,
89505,
84747,
56610,
49980,
82875,
37740,
39525,
43350,
89505,
82875,
47940,
37740,
39525,
47940,
44026,
39525,
47940,
44026,
37740,
54570,
80070,
44026,
37740,
39525,
49980,
75945,
37740,
49980,
29325,
47940,
37740,
74460,
82875,
44880,
47940,
57190,
37740,
37740,
37740,
70380,
60180,
48396,
52020,
41010,
44026,
37740,
80325,
70977,
77775,
52020,
37740,
47940,
47940,
47940,
65280,
83895,
69105,
83895,
102792,
54570,
80070,
37740,
37740,
41010,
59160,
58140,
51008,
91035,
74460,
82875,
37740,
47940,
60180,
82875,
47940,
45390,
44880,
37740,
60180,
79305,
63495,
47940,
37740,
37740,
37740,
37740,
39471,
50490,
17595,
66625,
84660,
43350,
86145,
65206,
81090,
66810,
26265,
47886,
43350,
74715,
75791,
82875,
47940,
40545,
94095,
82875,
37740,
39981,
52020,
47940,
37740,
82875,
48396,
81090,
82875,
48960,
48450,
58210,
47940,
48396,
43605,
89505,
82875,
37740,
82875,
89505,
82875,
41010,
49030,
73695,
81090,
82875,
54226,
46056,
55800,
82875,
37740,
39525,
47940,
74118,
63729,
43350,
39525,
108375,
71910,
52020,
89505,
74460,
48960,
89505,
82875,
60180,
82875,
48396,
52020,
37740,
82875,
41010,
39525,
47940,
47940,
48396,
52020,
37740,
44026,
41466,
81090,
82875,
82575,
59925,
48396,
52020,
37740,
39525,
47940,
47940,
82875,
47940,
40545,
64770,
80070,
82575,
75945,
41466,
52020,
29580,
63240,
43350,
53716,
48396,
52020,
48396,
81713,
37740,
47940,
82875,
43350,
37740,
37740,
37740,
41010,
60460,
65280,
66625,
37740,
82875,
63240,
34935,
48396,
52020,
39525,
82875,
37740,
47940,
47940,
48960,
45645,
47940,
53716,
94095,
80070,
48396,
81090,
82875,
37740,
108375,
79050,
55590,
44880,
37740,
66625,
67645,
81345,
90270,
36420,
89505,
82875,
63750,
70125,
60777,
105912,
82875,
47430,
72885,
37740,
60180,
82875,
94095,
58650,
74460,
47940,
44026,
89505,
82875,
39525,
47940,
47940,
47940,
37740,
52785,
78459,
43350,
29016,
81090,
82875,
48396,
52020,
48960,
48450,
37740,
37740,
53716,
31276,
29141,
47940,
89505,
52020,
54226,
37686,
61861,
73185,
52020,
48960,
40290,
37740,
39981,
81090,
49980,
47940,
35611,
47940,
47940,
48396,
52020,
66625,
47940,
82875,
39525,
82875,
74118,
78459,
34935,
89505,
56610,
52020,
37740,
82875,
39525,
47940,
74460,
47940,
82875,
37740,
47940,
47940,
44026,
66625,
39525,
36975,
47940,
44026,
47940,
39525,
89505,
82875,
47940,
63240,
70170,
91332,
82830,
71145,
37740,
47940,
37740,
37740,
82875,
44026,
39525,
49980,
86086,
80070,
93075,
41565,
52020,
93075,
73185,
44026,
47940,
47940,
49980,
55590,
51000,
93585,
82875,
37740,
37740,
73185,
47940,
89505,
89505,
36420,
59695,
66625,
49416,
52020,
37740,
37740,
83895,
65226,
52275,
51000,
47940,
26010,
37740,
37740,
44026,
74460,
47940,
44026,
74118,
80070,
39981,
52020,
82875,
41565,
62985,
37740,
37740,
48960,
43350,
48960,
82875,
67320,
64260,
37740,
82875,
54226,
66625,
49980,
52020,
37740,
37740,
38760,
53716,
82875,
47940,
37740,
41986,
37740,
81925,
37740,
37740,
43006,
70125,
36720,
47245,
85170,
47940,
66625,
64770,
80070,
47940,
82875,
43350,
37740,
37740,
82875,
89505,
94095,
37740,
37740,
87465,
50490,
52020,
82875,
49980,
43350,
37740,
42330,
45600,
89505,
82875,
53716,
37740,
66625,
37740,
39525,
82875,
43350,
38760,
93075,
82875,
70125,
60777,
71145,
82875,
47940,
39525,
47940,
85935,
75791,
74460,
47940,
81090,
89505,
43350,
84150,
49980,
82875,
84660,
82875,
48960,
58650,
39525,
44026,
37740,
89505,
82875,
37740,
39525,
59670,
64260,
89505,
82875,
37740,
39525,
47940,
47940,
47940,
53716,
39981,
43350,
37686,
40290,
15810,
37740,
37740,
82875,
43350,
65176,
50777,
86655,
89505,
48195,
87720,
67065,
100605,
55335,
49980,
39981,
52020,
57190,
47940,
47940,
47940,
89505,
56610,
43605,
47940,
82875,
49980,
52020,
59670,
55845,
89505,
82875,
71215,
37740,
41010,
82875,
39525,
82875,
37740,
37740,
37740,
37740,
37740,
82875,
89505,
92716,
63729,
43350,
50745,
89873,
58596,
62985,
46155,
62220,
49980,
78540,
58650,
89505,
82875,
47940,
39525,
48396,
52020,
37740,
89505,
82875,
37740,
47940,
48396,
52020,
54570,
81713,
43006,
37740,
37740,
44026,
47940,
60180,
82875,
37740,
28560,
47940,
37740,
44026,
48396,
80748,
107348,
51000,
31875,
4080,
23205,
84660,
48450,
23205,
24646,
52020,
34935,
18816,
57125,
31875,
26010,
45205,
26010,
18360,
63755,
13770,
-760,
18360,
63495,
48450,
31875,
16065,
37045,
18620,
18360,
7395,
45205,
21111,
22700,
53555,
18360,
18360,
18360,
18360,
7395,
55349,
17340,
-66810,
-66810,
-66810,
-66810,
-66810,
-44209,
-61965,
-47940,
-61965,
-66810,
-42330,
-61965,
-66810,
-66810,
-66810,
-66810,
-66810,
-66810,
-66810,
-66810,
-66810,
-50415,
-66810,
-66810,
-66810,
-66810,
-66810,
-66810,
-66810,
-66810,
-66810,
-66810,
-66810,
-62730,
-58140,
-62730,
-58140,
-66810,
-64005,
8160,
-103530,
-63240,
-79050,
-67830,
-69615,
-68085,
-75735,
-62484,
-71145,
-104040,
-66300,
-79050,
-103530,
-103530,
-103530,
-72509,
-99450,
-103530,
-103530,
-103530,
-103530,
-78895,
-104040,
-99450,
-83640,
-57375,
-91800,
-118830,
-103530,
-103530,
-104040,
-78618,
-104040,
-79050,
-99450,
-68595,
-40035,
-80325,
-91800,
7673,
-79050,
-103530,
-66300,
-92055,
-78285,
-71145,
-67830,
-80325,
-70635,
-79050,
-99450,
-66300,
-80325,
-63240,
-80325,
-67830,
-80325,
-104040,
-99450,
-78285,
-67065,
-79050,
-103230,
-99450,
-82110,
-53805,
-62475,
-101235,
-63240,
-80325,
-101490,
-78895,
-99450,
-78895,
-99450,
-78795,
-54914,
-79050,
-91800,
7094,
-73695,
-81855,
-103530,
-55845,
-99450,
-103530,
-65025,
-79050,
-62484,
-71145,
-83640,
-99450,
-103530,
-103530,
-59415,
-82830,
-103230,
-87210,
-79050,
-99450,
-62484,
-71145,
-103530,
-103230,
-82110,
-103230,
-103230,
-76289,
-103530,
-103530,
-56100,
-103530,
-103530,
-99450,
-99450,
-104040,
-99450,
-66300,
-62475,
-7117,
-79050,
-99450,
-103530,
-103530,
-72509,
-63240,
-66300,
-71145,
-103530,
-103530,
-78895,
-99450,
-103530,
-103530,
-62484,
-75735,
-99450,
-78285,
-61710,
-99450,
-104040,
-99450,
-65025,
-79050,
-66300,
-79050,
-103530,
-103530,
-103530,
-103530,
-66300,
-79050,
-103530,
-79050,
-103530,
-79050,
-99450,
-104040,
-78107,
-7650,
-88944,
-104040,
-99018,
-99450,
-99450,
-103530,
-103530,
-103530,
-103530,
-79050,
-103530,
-82830,
-103530,
-103530,
-72675,
-44625,
-68673,
-90614,
-99195,
-65025,
-83640,
-79050,
-73695,
-80325,
-79050,
-66300,
-80325,
-103530,
-103530,
-65025,
-79050,
-78895,
-103530,
-84915,
-99450,
-78895,
-103530,
-68595,
-27795,
21884,
-92595,
-65025,
-65535,
-103230,
-84150,
-65025,
-79050,
-102396,
-79050,
-78895,
-92310,
-79815,
-80767,
-83640,
-74205,
-81855,
-59415,
-79050,
-33915,
-66300,
-59925,
-62730,
-103530,
-62484,
-71145,
-63240,
-80325,
-103530,
-72509,
-62484,
-71145,
-104040,
-99450,
-103530,
-69615,
-79050,
-103530,
-78285,
-74205,
8160,
-73695,
-69105,
-103530,
-72509,
-103530,
-69879,
-80325,
-85425,
-80325,
-79050,
-103530,
-78895,
-73695,
-80325,
-99450,
-103530,
-62484,
-75735,
-74205,
-57974,
-74205,
-85935,
-77099,
-99450,
-103530,
-72509,
-103530,
-103530,
-103530,
-104040,
-99450,
-103530,
-103530,
-103530,
-62484,
-71145,
-63240,
-84915,
-87720,
8160,
-103530,
-103530,
-72509,
-65025,
-83640,
-99450,
-72509,
-69615,
-79050,
-66300,
-80325,
-103530,
-103530,
-77099,
-99450,
-91545,
-113340,
-118830,
-63240,
-75077,
-103530,
-104040,
-99450,
-55800,
-62730,
-103530,
-103530,
-103530,
-78285,
-51975,
-112830,
-122910,
-104040,
-72509,
-97920,
-79050,
-103530,
-63240,
-62475,
19533,
-67320,
-103530,
-103530,
-62475,
-84915,
-99450,
-103530,
-65025,
-71145,
-63240,
-80325,
-63240,
-80325,
-99450,
-99450,
-82374,
-72675,
-83640,
-65025,
-73695,
-80325,
-79050,
-104040,
-74205,
-45645,
-80325,
-99450,
-103530,
-103530,
-62985,
-83385,
-105315,
-104040,
-99450,
-79050,
-66300,
-84915,
-99450,
-51000,
7094,
-80325,
-103530,
-72509,
-103530,
-103230,
-55800,
-62730,
-78895,
-52275,
-105825,
-99450,
-103530,
-99450,
-99450,
-103530,
-65025,
-79050,
-65025,
-72675,
-69615,
-72509,
-78895,
-104040,
-72509,
-99450,
-103530,
-103530,
-103530,
-103530,
-78895,
-104040,
-97920,
-99450,
-103530,
-66300,
-84105,
-79050,
-99450,
-79637,
-8718,
-80325,
-103530,
-104040,
-99450,
-103530,
-78285,
-85935,
-103530,
-78895,
-76289,
-79050,
-103530,
-70635,
-67320,
-103530,
-62484,
-71145,
-62484,
-71145,
-77099,
-99450,
-79050,
-72509,
-104040,
-99450,
-99450,
-103530,
-103530,
-79050,
-103530,
-63240,
-84915,
-99450,
-103530,
-103530,
-79050,
-83485,
-67830,
-91800,
-7117,
-79050,
-77099,
-65025,
-79050,
-103530,
-103530,
-103530,
-103530,
-96900,
-51000,
-82110,
-86700,
-67074,
-71145,
-103530,
-65025,
-79050,
-103230,
-110415,
-99450,
-104040,
-78895,
-103530,
-63240,
-80325,
-99450,
-63240,
-80325,
-66300,
-80325,
-103530,
-63240,
-80325,
-103530,
-103530,
-78895,
-103530,
-78895,
-91800,
1275,
-88944,
-104040,
-62484,
-84660,
-99450,
-72509,
-79050,
-99450,
-72675,
-31629,
-71145,
-69205,
-63240,
-80325,
-67320,
-43095,
-71145,
-103530,
-66810,
-80325,
-104040,
-99450,
-103530,
-103530,
-104040,
-99450,
-69615,
-65025,
-80325,
-46410,
-79050,
-103530,
-104040,
-72077,
-103530,
-65025,
-79050,
-47264,
-74205,
-6853,
-71610,
-63240,
-80325,
-103530,
-103230,
-103530,
-73695,
-79050,
-41820,
-44115,
-103530,
-103230,
-83640,
-99450,
-72174,
-54914,
-103530,
-103530,
-103530,
-79050,
-105825,
-72509,
-103530,
-103530,
-99450,
-99450,
-62484,
-71145,
-103530,
-43694,
-78895,
-63240,
-84915,
-65025,
-79050,
-62484,
-71145,
-103530,
-93585,
14312,
-87720,
-103530,
-103530,
-63240,
-80325,
-103530,
-67074,
-69870,
-45654,
-47940,
-103530,
-103530,
-78895,
-99450,
-103530,
-103530,
-104040,
-65025,
-79050,
-83485,
-114750,
-103530,
-79050,
-53805,
-79050,
-77265,
-63240,
-84105,
-103530,
-72509,
-103530,
-103530,
-104040,
-62484,
-75735,
-61710,
-66440,
-80325,
-46665,
7094,
-80325,
-103530,
-103530,
-124140,
-103530,
-63240,
-75077,
-99450,
-78285,
-67065,
-79050,
-63240,
-80767,
-79050,
-103020,
-65025,
-77265,
-62484,
-71145,
-103530,
-103530,
-103530,
-82110,
-38259,
-65868,
-99450,
-103530,
-103530,
-59415,
-61455,
-104040,
-99450,
-103530,
-79050,
-63240,
-80325,
-103530,
-103530,
-62313,
8160,
-103530,
-52020,
-57120,
-111535,
-105060,
-95370,
-66300,
-80325,
-63240,
-66300,
-75735,
-99450,
-61455,
-75480,
-63240,
-72265,
-63240,
-54315,
-85935,
-103530,
-103530,
-103530,
-66300,
-68085,
-63240,
-84915,
-79050,
-99450,
-62484,
-71145,
-83640,
-99450,
-103530,
-80325,
-79050,
-82620,
-103530,
-103530,
-91800,
8160,
-103530,
-53805,
-61455,
-103530,
-72509,
-78895,
-103230,
-103230,
-53805,
-58757,
-76875,
-79050,
-48459,
-60900,
-89505,
-51000,
-79050,
-103530,
-103530,
-103530,
-103530,
-63240,
-80325,
-73285,
-103530,
-72375,
-52965,
-69615,
-87720,
-79050,
-73695,
-79050,
-103530,
-103530,
-78895,
-73285,
-104040,
-99018,
-87720,
-7117,
-79050,
-62484,
-79050,
-103530,
-103530,
-104040,
-103530,
-103530,
-59670,
-99705,
-64269,
-84660,
-80325,
-79050,
-72509,
-62484,
-69870,
-63240,
-80325,
-65025,
-79050,
-54659,
-83640,
-103530,
-103530,
-78285,
-62475,
-79050,
-95124,
-80325,
-65025,
-71145,
-69615,
-79050,
-103530,
-103530,
-104040,
-99450,
-72675,
21884,
-80325,
-103530,
-78895,
-72509,
-103530,
-75225,
-79050,
-79050,
-99450,
-99450,
-79050,
-78895,
-70635,
-87720,
-76289,
-103530,
-103530,
-72675,
-80835,
-62484,
-74205,
-99450,
-103530,
-77099,
-99450,
-65025,
-68085,
-75735,
-99450,
-104040,
-78895,
-70635,
-68085,
-75735,
-97920,
-88230,
-67830,
-72509,
-91800,
4743,
-81855,
-99450,
-65025,
-79050,
-65025,
-68085,
-71145,
-78895,
-104040,
-79050,
-79815,
-79050,
-53040,
-80580,
-79050,
-72509,
-99450,
-78285,
-70845,
-79050,
-67830,
-80325,
-63240,
-80767,
-83640,
-73695,
-80325,
-104040,
-104040,
-79050,
-103530,
-73695,
-87720,
-103530,
-104040,
-99450,
-66300,
-80325,
-91800,
-7650,
-88944,
-99450,
-49470,
-71145,
-62484,
-71145,
-103530,
-65025,
-83640,
-81090,
-87720,
-71145,
-103530,
-44625,
-84915,
-106845,
-91800,
-56496,
-71145,
-71145,
-53805,
-79050,
-103530,
-62484,
-79050,
-99450,
-103530,
-104040,
-99450,
-66300,
-79050,
-95124,
-84660,
-83640,
-98934,
-72509,
-103530,
-53550,
-50822,
29024,
-62730,
-72509,
-73285,
-103530,
-73185,
-49304,
-103530,
-67074,
-80325,
-62484,
-58650,
-103530,
-79050,
-103530,
-103530,
-52785,
-60435,
-48459,
-73650,
-103530,
-33669,
-99450,
-79050,
-103530,
-78895,
-103530,
-79050,
-67830,
-80325,
-99450,
-55080,
-86445,
-62484,
-79050,
-103530,
-103530,
-79050,
-99450,
-79637,
-6989,
-61455,
-103530,
-103530,
-65025,
-58395,
-81855,
-79050,
-103530,
-103530,
-103530,
-103530,
-103530,
-69105,
-52020,
-80325,
-78285,
-83640,
-103530,
-103530,
-65025,
-75090,
-68085,
-66300,
-79050,
-103530,
-104040,
-80325,
-65025,
-79050,
-99450,
-103530,
-104040,
-99450,
-78895,
-104040,
-99450,
-78895,
-103530,
-91800,
8160,
-78895,
-103530,
-104040,
-66300,
-82830,
-103530,
-66300,
-68595,
-99450,
-103530,
-67830,
-79050,
-85425,
-99450,
-115604,
-103530,
-103530,
-103530,
-106335,
-73695,
-62484,
-71145,
-103230,
-78895,
-103530,
-87465,
-108750,
-72165,
-71145,
-103530,
-99450,
-99450,
-99450,
-90270,
-93075,
-112710,
-93075,
-82506,
-91800,
8160,
-103530,
-103530,
-103230,
-74205,
-68085,
-62615,
-80835,
-83640,
-79050,
-103530,
-99450,
-73695,
-79050,
-99450,
-72675,
-80325,
-103530,
-98940,
-57630,
-82110,
-99450,
-103530,
-103530,
-103530,
-103530,
-82884,
-83385,
-105825,
-72509,
-75225,
-80325,
-74415,
-85357,
-69615,
-61200,
-96645,
-78294,
-80325,
-51000,
-7117,
-79050,
-99450,
-87210,
-53805,
-79050,
-103530,
-67074,
-71145,
-69105,
-103530,
-79050,
-62484,
-99450,
-79050,
-78285,
-85935,
-77099,
-99450,
-62484,
-75735,
-65025,
-79050,
-103530,
-79050,
-65025,
-79050,
-103230,
-99539,
-101490,
-69615,
-79050,
-111535,
-55044,
-57330,
-79050,
-103530,
-104040,
-99450,
-62313,
21884,
-80325,
-104040,
-41820,
-39270,
-71145,
-65025,
-83640,
-82620,
-65025,
-79050,
-73695,
-79050,
-62484,
-71145,
-103530,
-79050,
-103230,
-104040,
-99450,
-99450,
-62484,
-71145,
-103530,
-78895,
-66264,
-99450,
-79050,
-68805,
-56100,
-62484,
-71145,
-103530,
-104040,
-99450,
-69105,
-79050,
-99450,
-87210,
-87720,
8160,
-68805,
-82830,
-66264,
-71145,
-85680,
-73695,
-80325,
-73285,
-62484,
-71145,
-62484,
-82021,
-103530,
-99450,
-63240,
-80325,
-103530,
-103530,
-103530,
-103230,
-62009,
-106080,
-72509,
-103530,
-79050,
-73695,
-84915,
-62484,
-71145,
-104040,
-79050,
-103530,
-99450,
-99450,
-78285,
-67320,
-99450,
-73285,
-53805,
8160,
-62484,
-99450,
-79050,
-103530,
-41820,
-72420,
-68595,
-80325,
-103530,
-72509,
-55679,
-78795,
-50745,
-84105,
-65025,
-79050,
-120360,
-91545,
-112830,
-79170,
-79050,
-83385,
-68805,
-103530,
-73695,
-79050,
-53805,
-81855,
-83640,
-99450,
-78895,
-65025,
-79050,
-104040,
-99450,
-99450,
-99450,
-103530,
-51000,
-8718,
-80325,
-65544,
-99450,
-79050,
-62484,
-71145,
-78285,
-85935,
-103530,
-103530,
-73285,
-88585,
-70946,
-99450,
-65025,
-71145,
-111535,
-82374,
-75302,
-77265,
-71145,
-78285,
-66300,
-103530,
-67074,
-99450,
-82110,
-99450,
-83485,
-99450,
-99450,
-62484,
-71145,
-72509,
-99450,
-79050,
-104040,
-79050,
-62313,
-8718,
-84915,
-65025,
-68085,
-71145,
-103530,
-79050,
-104040,
-99450,
-83640,
-99450,
-79050,
-103530,
-99450,
-99450,
-78895,
-72509,
-104040,
-97920,
-99450,
-78895,
-99450,
-104040,
-65025,
-79050,
-99450,
-73695,
-92595,
-65610,
-31065,
-86190,
-103530,
-99450,
-103530,
-103530,
-79050,
-78895,
-104040,
-82110,
-42917,
8160,
-70635,
-86700,
-71145,
-70635,
-77265,
-78895,
-99450,
-99450,
-82110,
-68595,
-49470,
-61455,
-79050,
-103530,
-103530,
-77265,
-99450,
-65025,
-65025,
-84105,
-76289,
-72509,
-45654,
-71145,
-103530,
-103530,
-46410,
-57384,
-44625,
-52530,
-99450,
-73695,
-103530,
-103530,
-78895,
-83640,
-99450,
-78895,
-62313,
8160,
-67074,
-71145,
-63240,
-70890,
-69870,
-103530,
-103530,
-78285,
-80325,
-78285,
-63240,
-70125,
-86445,
-103530,
-79050,
-111535,
-72509,
-66300,
-71145,
-103530,
-103530,
-86700,
-73285,
-63240,
-69105,
-103530,
-70990,
-103530,
-43694,
-103530,
-103530,
-90880,
-72930,
-83640,
-99029,
-89505,
-99450,
-72509,
-87720,
8160,
-99450,
-63240,
-80325,
-103530,
-103530,
-79050,
-65025,
-53805,
-103530,
-103530,
-52020,
-57120,
-71145,
-79050,
-66300,
-80325,
-103530,
-92310,
-92010,
-65025,
-79050,
-73285,
-103530,
-72509,
-103530,
-104040,
-63240,
-80325,
-86700,
-70635,
-79050,
-91545,
-112830,
-122910,
-63240,
-69105,
-104040,
-99450,
-72675,
-7117,
-83640,
-99450,
-69615,
-65025,
-80325,
-79815,
-66300,
-79050,
-75225,
-79050,
-78285,
-81855,
-104040,
-78895,
-103530,
-65025,
-79050,
-103530,
-104040,
-68085,
-86445,
-65025,
-79050,
-103530,
-104040,
-99450,
-99450,
-99450,
-73285,
-67074,
-80325,
-82374,
-87465,
-105315,
-103530,
-103530,
-63240,
-80325,
-78107,
9467,
-65235,
-65025,
-72675,
-85425,
-74460,
-71175,
-67320,
-82110,
-67074,
-71145,
-115604,
-99450,
-99450,
-99450,
-65025,
-68085,
-75735,
-99450,
-63240,
-66300,
-71145,
-68085,
-91035,
-65025,
-79050,
-61289,
-103530,
-103230,
-79050,
-104040,
-79050,
-103530,
-103530,
-103530,
-103530,
-103530,
-79050,
-65025,
-44702,
21884,
-80325,
-52020,
-83551,
-95124,
-69870,
-59670,
-78540,
-82110,
-73695,
-81855,
-65025,
-79050,
-99450,
-104040,
-62484,
-71145,
-103530,
-65025,
-79050,
-103530,
-99450,
-62484,
-71145,
-55080,
-82021,
-90880,
-103530,
-103530,
-78895,
-99450,
-73695,
-79050,
-103530,
-102510,
-99450,
-103530,
-78895,
-62484,
-64098,
-33634,
-100215,
-75735,
-103785,
-113475,
-85935,
-119595,
-113475,
-116635,
-61200,
-95625,
-92829,
-113029,
-75735,
-102000,
-63584,
-102000,
-129795,
-99004,
-110670,
-130879,
-129795,
-100980,
-119595,
-75735,
-97665,
-102854,
-127819,
-129795,
-128265,
-63584,
-79824,
-99514,
-107419,
-129795,
-129795,
-129795,
-129795,
-128265,
-86044,
-50745,
-18360,
-18360,
-18360,
-18360,
-18360,
-20929,
-14535,
-21930,
-14535,
-18360,
-23460,
-14535,
-18360,
-18360,
-18360,
-18360,
-18360,
-18360,
-18360,
-18360,
-18360,
-20625,
-18360,
-18360,
-18360,
-18360,
-18360,
-18360,
-18360,
-18360,
-18360,
-18360,
-18360,
-28305,
-37230,
-28305,
-37230,
-18360,
-10200,
-77775,
-35190,
-48960,
-40290,
-55080,
-38760,
-69615,
-57120,
-70458,
-66045,
-36210,
-70890,
-40290,
-35190,
-35190,
-35190,
-66319,
-45135,
-35190,
-35190,
-35190,
-35190,
-64249,
-36210,
-45135,
-31365,
-42075,
-21675,
-42075,
-35190,
-35190,
-36210,
-37410,
-36210,
-40290,
-45135,
-68850,
-45135,
-63495,
-58905,
-51190,
-40290,
-35190,
-70890,
-64770,
-59160,
-66045,
-40035,
-63495,
-46155,
-40290,
-45135,
-70890,
-63495,
-48960,
-63495,
-40035,
-63495,
-36210,
-45135,
-57375,
-33405,
-40290,
-37785,
-45135,
-62220,
-75225,
-59925,
-68340,
-48960,
-63495,
-41310,
-64249,
-45135,
-64249,
-45135,
-58395,
-60964,
-40290,
-58905,
-71431,
-69360,
-39780,
-35190,
-74715,
-45135,
-35190,
-47685,
-40290,
-70458,
-66045,
-31365,
-45135,
-35190,
-35190,
-60945,
-32940,
-37785,
-52530,
-40290,
-45135,
-70458,
-66045,
-35190,
-37785,
-62220,
-37785,
-37785,
-58969,
-35190,
-35190,
-76755,
-35190,
-35190,
-45135,
-45135,
-36210,
-45135,
-70890,
-59925,
-51445,
-40290,
-45135,
-35190,
-35190,
-66319,
-48960,
-70890,
-66045,
-35190,
-35190,
-64249,
-45135,
-35190,
-35190,
-70458,
-57120,
-45135,
-57375,
-50745,
-45135,
-36210,
-45135,
-47685,
-40290,
-70890,
-40290,
-35190,
-35190,
-35190,
-35190,
-70890,
-40290,
-35190,
-40290,
-35190,
-40290,
-45135,
-36210,
-62897,
-65025,
-61842,
-36210,
-42255,
-45135,
-45135,
-35190,
-35190,
-35190,
-35190,
-40290,
-35190,
-32940,
-35190,
-35190,
-58905,
-36210,
-75405,
-51529,
-11220,
-47685,
-31365,
-40290,
-45135,
-63495,
-40290,
-70890,
-63495,
-35190,
-35190,
-47685,
-40290,
-64249,
-35190,
-54570,
-45135,
-64249,
-35190,
-68850,
-62475,
-71176,
-40605,
-47685,
-63240,
-37785,
-78030,
-47685,
-40290,
-35389,
-40290,
-64249,
-49980,
-47940,
-35096,
-31365,
-67320,
-39780,
-60945,
-40290,
-65280,
-70890,
-80835,
-58140,
-35190,
-70458,
-66045,
-48960,
-63495,
-35190,
-66319,
-70458,
-66045,
-36210,
-45135,
-35190,
-38760,
-40290,
-35190,
-57375,
-53550,
-77775,
-45135,
-78285,
-35190,
-66319,
-35190,
-44703,
-63495,
-34170,
-63495,
-40290,
-35190,
-64249,
-45135,
-63495,
-45135,
-35190,
-70458,
-57120,
-67320,
-41839,
-67320,
-29835,
-57394,
-45135,
-35190,
-66319,
-35190,
-35190,
-35190,
-36210,
-45135,
-35190,
-35190,
-35190,
-70458,
-66045,
-48960,
-54570,
-68850,
-77775,
-35190,
-35190,
-66319,
-47685,
-31365,
-45135,
-66319,
-38760,
-40290,
-70890,
-63495,
-35190,
-35190,
-57394,
-45135,
-38760,
-19683,
-42075,
-48960,
-54127,
-35190,
-36210,
-45135,
-56400,
-58140,
-35190,
-35190,
-35190,
-57375,
-23505,
-18663,
-32130,
-36210,
-66319,
-34935,
-40290,
-35190,
-48960,
-59925,
-75623,
-61965,
-35190,
-35190,
-59925,
-54570,
-45135,
-35190,
-47685,
-66045,
-48960,
-63495,
-48960,
-63495,
-45135,
-45135,
-95703,
-54570,
-62985,
-47685,
-68085,
-63495,
-40290,
-36210,
-67320,
-43605,
-63495,
-45135,
-35190,
-35190,
-99960,
-64770,
-58395,
-36210,
-45135,
-40290,
-70890,
-54570,
-45135,
-66300,
-71431,
-63495,
-35190,
-66319,
-35190,
-37785,
-56400,
-58140,
-64249,
-52275,
-58905,
-45135,
-35190,
-45135,
-45135,
-35190,
-47685,
-40290,
-47685,
-60690,
-55845,
-66319,
-64249,
-36210,
-66319,
-45135,
-35190,
-35190,
-35190,
-35190,
-64249,
-36210,
-34935,
-45135,
-35190,
-70890,
-56145,
-40290,
-45135,
-73097,
-70758,
-63495,
-35190,
-36210,
-45135,
-35190,
-57375,
-29835,
-35190,
-64249,
-58969,
-40290,
-35190,
-46155,
-61965,
-35190,
-70458,
-66045,
-70458,
-66045,
-57394,
-45135,
-40290,
-66319,
-36210,
-45135,
-45135,
-35190,
-35190,
-40290,
-35190,
-48960,
-54570,
-45135,
-35190,
-35190,
-40290,
-55324,
-55080,
-58905,
-51445,
-40290,
-57394,
-47685,
-40290,
-35190,
-35190,
-35190,
-35190,
-21420,
-36720,
-62220,
-51510,
-61533,
-66045,
-35190,
-47685,
-40290,
-37785,
-58140,
-45135,
-36210,
-64249,
-35190,
-48960,
-63495,
-45135,
-48960,
-63495,
-70890,
-63495,
-35190,
-48960,
-63495,
-35190,
-35190,
-64249,
-35190,
-64249,
-58905,
-45135,
-61842,
-36210,
-70458,
-67575,
-45135,
-66319,
-40290,
-45135,
-40545,
-75813,
-66045,
-55324,
-48960,
-63495,
-70125,
-67065,
-66045,
-35190,
-56865,
-63495,
-36210,
-45135,
-35190,
-35190,
-36210,
-45135,
-38760,
-47685,
-63495,
-65280,
-40290,
-35190,
-36210,
-63439,
-35190,
-47685,
-40290,
-88504,
-53550,
-71544,
-47730,
-48960,
-63495,
-35190,
-37785,
-35190,
-68085,
-40290,
-55590,
-69870,
-35190,
-37785,
-31365,
-45135,
-90093,
-60964,
-35190,
-35190,
-35190,
-40290,
-67065,
-66319,
-35190,
-35190,
-45135,
-45135,
-70458,
-66045,
-35190,
-75754,
-64249,
-48960,
-54570,
-47685,
-40290,
-70458,
-66045,
-35190,
-57630,
-71544,
-60690,
-35190,
-35190,
-48960,
-63495,
-35190,
-61533,
-67320,
-86778,
-62220,
-35190,
-35190,
-64249,
-45135,
-35190,
-35190,
-36210,
-47685,
-40290,
-55324,
-61200,
-35190,
-40290,
-62475,
-40290,
-64515,
-48960,
-56145,
-35190,
-66319,
-35190,
-35190,
-36210,
-70458,
-57120,
-38760,
-40907,
-63495,
-85170,
-71431,
-63495,
-35190,
-35190,
-36510,
-35190,
-48960,
-54127,
-45135,
-57375,
-33405,
-40290,
-48960,
-35096,
-40290,
-36975,
-29325,
-64515,
-70458,
-66045,
-35190,
-35190,
-35190,
-62220,
-70968,
-68010,
-45135,
-35190,
-35190,
-60945,
-34935,
-36210,
-45135,
-35190,
-40290,
-48960,
-63495,
-35190,
-35190,
-79548,
-77775,
-35190,
-63750,
-59670,
-47419,
-41055,
-61200,
-70890,
-63495,
-48960,
-70890,
-57120,
-45135,
-32895,
-36210,
-53550,
-50479,
-48960,
-78030,
-29835,
-35190,
-35190,
-35190,
-70890,
-70890,
-48960,
-54570,
-40290,
-45135,
-70458,
-66045,
-31365,
-45135,
-35190,
-63495,
-40290,
-61455,
-35190,
-35190,
-58905,
-77775,
-35190,
-62475,
-34935,
-35190,
-66319,
-64249,
-37785,
-37785,
-62475,
-65371,
-65073,
-40290,
-59493,
-47730,
-24225,
-36720,
-40290,
-35190,
-35190,
-35190,
-35190,
-48960,
-63495,
-45379,
-35190,
-61500,
-62955,
-38760,
-60690,
-40290,
-68085,
-40290,
-35190,
-35190,
-64249,
-45379,
-36210,
-42255,
-68850,
-51445,
-40290,
-70458,
-40290,
-35190,
-35190,
-36210,
-35190,
-35190,
-76755,
-91545,
-93153,
-38760,
-63495,
-40290,
-66319,
-70458,
-67320,
-48960,
-63495,
-47685,
-40290,
-62749,
-62985,
-35190,
-35190,
-57375,
-59925,
-50490,
-53628,
-63495,
-47685,
-66045,
-38760,
-40290,
-35190,
-35190,
-36210,
-45135,
-76755,
-71176,
-63495,
-35190,
-64249,
-66319,
-35190,
-37230,
-40290,
-40290,
-45135,
-45135,
-40290,
-64249,
-46155,
-60690,
-58969,
-35190,
-35190,
-58905,
-32385,
-70458,
-46920,
-45135,
-35190,
-57394,
-45135,
-47685,
-69615,
-57120,
-45135,
-36210,
-64249,
-46155,
-69615,
-57120,
-34935,
-59925,
-55080,
-66319,
-58905,
-75878,
-55590,
-45135,
-47685,
-40290,
-47685,
-69615,
-66045,
-64249,
-36210,
-40290,
-47940,
-40290,
-66810,
-36465,
-40290,
-66319,
-45135,
-57375,
-26055,
-40290,
-40035,
-63495,
-48960,
-35096,
-31365,
-45135,
-63495,
-36210,
-36210,
-40290,
-35190,
-45135,
-60690,
-35190,
-36210,
-45135,
-70890,
-63495,
-58905,
-65025,
-61842,
-45135,
-87210,
-66045,
-70458,
-66045,
-35190,
-47685,
-31365,
-42330,
-60690,
-66045,
-35190,
-82875,
-54570,
-42330,
-50235,
-50689,
-50490,
-66045,
-62475,
-40290,
-35190,
-70458,
-40290,
-45135,
-35190,
-36210,
-45135,
-70890,
-40290,
-53628,
-38760,
-31365,
-37665,
-66319,
-35190,
-38505,
-35102,
-75256,
-58140,
-66319,
-45379,
-35190,
-59925,
-62494,
-35190,
-61533,
-63495,
-70458,
-82110,
-35190,
-40290,
-35190,
-35190,
-47940,
-57885,
-59493,
-59970,
-35190,
-79893,
-39015,
-40290,
-35190,
-64249,
-35190,
-40290,
-40035,
-63495,
-45135,
-85680,
-30855,
-70458,
-40290,
-35190,
-35190,
-40290,
-45135,
-73097,
-77219,
-34935,
-35190,
-35190,
-47685,
-53550,
-39780,
-40290,
-35190,
-35190,
-35190,
-35190,
-35190,
-78285,
-63750,
-63495,
-57375,
-62985,
-35190,
-35190,
-47685,
-42378,
-69615,
-70890,
-40290,
-35190,
-36210,
-63495,
-47685,
-40290,
-45135,
-35190,
-36210,
-45135,
-64249,
-36210,
-45135,
-64249,
-35190,
-58905,
-77775,
-64249,
-35190,
-36210,
-70890,
-32940,
-35190,
-70890,
-44115,
-45135,
-35190,
-40035,
-40290,
-34170,
-45135,
-45664,
-35190,
-35190,
-35190,
-51255,
-68085,
-70458,
-66045,
-37785,
-64249,
-35190,
-48705,
-28608,
-66300,
-66045,
-35190,
-45135,
-45135,
-45135,
-41055,
-47175,
-26520,
-47175,
-35389,
-58905,
-77775,
-35190,
-35190,
-37785,
-67320,
-93585,
-81707,
-62985,
-31365,
-40290,
-35190,
-45135,
-68085,
-40290,
-45135,
-58905,
-31365,
-35190,
-54060,
-50490,
-21165,
-45135,
-35190,
-35190,
-35190,
-35190,
-96723,
-64770,
-59415,
-66319,
-37230,
-63495,
-38805,
-26171,
-38760,
-101235,
-61965,
-105648,
-63495,
-66300,
-51445,
-40290,
-45135,
-52530,
-62475,
-40290,
-35190,
-61533,
-66045,
-78285,
-35190,
-40290,
-70458,
-39015,
-40290,
-57375,
-29835,
-57394,
-45135,
-70458,
-57120,
-47685,
-40290,
-35190,
-40290,
-47685,
-40290,
-37785,
-58414,
-41310,
-38760,
-40290,
-47419,
-77898,
-53340,
-40290,
-35190,
-36210,
-45135,
-79548,
-71176,
-63495,
-36210,
-55590,
-79050,
-66045,
-47685,
-31365,
-61455,
-47685,
-40290,
-68085,
-40290,
-70458,
-66045,
-35190,
-40290,
-37785,
-36210,
-45135,
-45135,
-70458,
-66045,
-35190,
-64249,
-63108,
-39015,
-40290,
-40335,
-76755,
-70458,
-66045,
-35190,
-36210,
-45135,
-78285,
-40290,
-45135,
-52530,
-68850,
-77775,
-40335,
-32940,
-63108,
-66045,
-42330,
-45135,
-63495,
-45379,
-70458,
-66045,
-70458,
-47951,
-35190,
-45135,
-48960,
-63495,
-35190,
-35190,
-35190,
-37785,
-57439,
-32385,
-66319,
-35190,
-40290,
-45135,
-54570,
-70458,
-66045,
-36210,
-40290,
-35190,
-45135,
-45135,
-57375,
-49215,
-45135,
-45379,
-62475,
-77775,
-70458,
-39015,
-40290,
-35190,
-55590,
-46155,
-68850,
-31365,
-35190,
-66319,
-82639,
-60690,
-46155,
-56145,
-47685,
-40290,
-43860,
-38760,
-18663,
-39063,
-40290,
-87720,
-21975,
-35190,
-68085,
-40290,
-62475,
-39780,
-31365,
-45135,
-64249,
-47685,
-40290,
-36210,
-45135,
-45135,
-45135,
-35190,
-59670,
-70758,
-63495,
-51333,
-39015,
-40290,
-70458,
-66045,
-57375,
-29835,
-35190,
-35190,
-45379,
-83884,
-78371,
-45135,
-47685,
-66045,
-47419,
-95703,
-69017,
-64515,
-66045,
-57375,
-52530,
-35190,
-61533,
-39015,
-62220,
-45135,
-55324,
-45135,
-45135,
-70458,
-66045,
-66319,
-45135,
-40290,
-36210,
-40290,
-79548,
-70758,
-54570,
-47685,
-69615,
-66045,
-35190,
-40290,
-36210,
-45135,
-31365,
-45135,
-40290,
-35190,
-45135,
-45135,
-64249,
-66319,
-36210,
-34935,
-45135,
-64249,
-45135,
-36210,
-47685,
-40290,
-45135,
-45135,
-40605,
-30948,
-40845,
-58905,
-35190,
-45135,
-35190,
-35190,
-40290,
-64249,
-36210,
-62220,
-70547,
-77775,
-46155,
-53295,
-66045,
-46155,
-64515,
-64249,
-45135,
-45135,
-62220,
-68850,
-87210,
-34935,
-40290,
-35190,
-35190,
-64515,
-45135,
-47685,
-47685,
-56145,
-58969,
-66319,
-86778,
-66045,
-35190,
-35190,
-65280,
-100803,
-82875,
-48960,
-45135,
-62730,
-35190,
-35190,
-64249,
-31365,
-45135,
-64249,
-79548,
-77775,
-61533,
-66045,
-48960,
-61965,
-67320,
-35190,
-35190,
-57375,
-63495,
-57375,
-48960,
-32385,
-66300,
-35190,
-40290,
-47419,
-66319,
-70890,
-66045,
-35190,
-35190,
-51510,
-45379,
-48960,
-78285,
-35190,
-78529,
-35190,
-75754,
-35190,
-35190,
-50734,
-68595,
-62985,
-57394,
-67320,
-45135,
-66319,
-68850,
-77775,
-45135,
-48960,
-63495,
-35190,
-35190,
-40290,
-47685,
-62475,
-35190,
-35190,
-63750,
-59670,
-66045,
-40290,
-70890,
-63495,
-35190,
-49980,
-52575,
-47685,
-40290,
-45379,
-35190,
-66319,
-35190,
-36210,
-48960,
-63495,
-51510,
-46155,
-40290,
-38760,
-18663,
-32130,
-48960,
-78285,
-36210,
-45135,
-76755,
-51445,
-31365,
-45135,
-38760,
-47685,
-63495,
-47940,
-70890,
-40290,
-37230,
-40290,
-57375,
-39780,
-36210,
-64249,
-35190,
-47685,
-40290,
-35190,
-36210,
-46665,
-66300,
-47685,
-40290,
-35190,
-36210,
-45135,
-45135,
-45135,
-45379,
-61533,
-63495,
-95703,
-54825,
-58395,
-35190,
-35190,
-48960,
-63495,
-62897,
-73839,
-27585,
-47685,
-60690,
-46410,
-56610,
-42600,
-61965,
-62220,
-61533,
-66045,
-45664,
-45135,
-45135,
-45135,
-47685,
-69615,
-57120,
-45135,
-48960,
-70890,
-66045,
-46665,
-57375,
-47685,
-40290,
-81109,
-35190,
-37785,
-40290,
-36210,
-40290,
-35190,
-35190,
-35190,
-35190,
-35190,
-40290,
-47685,
-69272,
-71176,
-63495,
-69360,
-44126,
-53628,
-67320,
-76755,
-63240,
-62220,
-69105,
-39780,
-47685,
-40290,
-45135,
-36210,
-70458,
-66045,
-35190,
-47685,
-40290,
-35190,
-45135,
-70458,
-66045,
-85680,
-47951,
-50734,
-35190,
-35190,
-64249,
-45135,
-68085,
-40290,
-35190,
-26010,
-45135,
-35190,
-64249,
-70458,
-78273,
-54028,
-33660,
-87975,
-85680,
-77775,
-85935,
-61710,
-77775,
-93319,
-73185,
-103275,
-102333,
-67775,
-87975,
-62475,
-109414,
-62475,
-77010,
-75170,
-95370,
-55025,
-77010,
-78030,
-61710,
-87975,
-81090,
-98194,
-74150,
-77010,
-66810,
-109414,
-88053,
-95060,
-69305,
-77010,
-77010,
-77010,
-77010,
-66810,
-84692,
