# 772 (shape [1, 16, 5, 5]),
100215,
56865,
66300,
26775,
26350,
17085,
37230,
42330,
64314,
44370,
30855,
69360,
45050,
44710,
7905,
9690,
27285,
42840,
45135,
1785,
71910,
24480,
19380,
20145,
24645,
47430,
1530,
53805,
31875,
23205,
58140,
29835,
39270,
46505,
36720,
24225,
-7140,
29665,
56695,
32895,
30855,
61625,
50235,
66300,
51765,
-14280,
81600,
64770,
89250,
35733,
124950,
80580,
82110,
74460,
82620,
34680,
-4845,
-35445,
3626,
-31875,
27795,
-17595,
-43435,
-6375,
-1530,
45390,
-14535,
2550,
-5100,
-17595,
51000,
27540,
45135,
-9690,
23763,
-95880,
-45135,
2040,
-54315,
-52020,
-56865,
-9690,
-32130,
-33762,
-19890,
-39270,
15045,
-21165,
-42840,
-31365,
-45390,
7225,
28050,
-78795,
2040,
-66810,
-74205,
-34680,
9945,
-27834,
103275,
6885,
39525,
52530,
37230,
50745,
46665,
19635,
33362,
19635,
49470,
58140,
22780,
63495,
41565,
30090,
45985,
55845,
61710,
40545,
26010,
16320,
62475,
18105,
17523,
-4335,
-12750,
8925,
-35445,
-44540,
-50745,
3570,
-27030,
-14982,
-2040,
-37230,
47430,
24565,
50320,
-37995,
-51510,
30940,
65025,
-5865,
-510,
-35445,
42585,
37485,
-2040,
-43476,
79305,
86445,
104040,
75990,
78370,
-30345,
16320,
15045,
46558,
32640,
4590,
68595,
43945,
62560,
81345,
-2805,
75905,
93075,
13770,
47685,
-29580,
30600,
14280,
5100,
70692,
-117810,
-48960,
-58395,
-32385,
-20655,
-27285,
-52020,
-27030,
-15991,
-39270,
3570,
-30600,
-5865,
-10455,
-41820,
-40800,
-46070,
-50235,
-64515,
-1275,
-42840,
-23460,
-55845,
-56610,
-50805,
-98685,
-46665,
-51765,
-24735,
-34850,
-56355,
-8925,
-12240,
-31052,
-7650,
-46920,
40290,
-11900,
-1190,
3315,
-41055,
0,
14280,
-18105,
-21675,
-33660,
-41055,
-14535,
-9180,
-20238,
12240,
-30090,
-2550,
-6630,
35190,
-17595,
2550,
-10455,
48251,
-26775,
-5100,
-16320,
41905,
49045,
-3315,
-12240,
-29070,
4590,
72420,
-8160,
-23460,
-6375,
4080,
31365,
-5145,
41055,
14280,
-17340,
-10200,
-39015,
85425,
52785,
-5610,
23294,
45900,
59160,
18105,
-1700,
20315,
70635,
56610,
35445,
39525,
29580,
82365,
29070,
44880,
14790,
54315,
73170,
-30855,
21420,
17850,
-22950,
36975,
-73185,
-81855,
-64515,
-60866,
-84150,
-65025,
-93585,
-95370,
-76075,
-20655,
-56865,
-63750,
-75735,
-96900,
-79815,
-24225,
-85425,
-26520,
-71910,
-17640,
-71145,
-27795,
-23970,
10965,
-170,
-43605,
-31620,
3570,
2627,
17850,
-26520,
-20655,
30515,
1615,
-22185,
-42075,
-14110,
25500,
12495,
-11475,
-37995,
-35445,
-3825,
-255,
-53835,
18615,
4590,
33405,
-4335,
31365,
-80070,
-68595,
-113220,
-78923,
-81600,
-83130,
-66810,
-100045,
-40800,
-52275,
-88740,
-81600,
-30600,
-47940,
-121125,
-91800,
-95625,
-39015,
-95115,
-69084,
-16320,
-10200,
0,
62220,
43860,
-11220,
36465,
7140,
7441,
29835,
56355,
16830,
52530,
14025,
92820,
13515,
34000,
48195,
38760,
21675,
41310,
65280,
9690,
115515,
123546,
40800,
58395,
18870,
26010,
31450,
24735,
51765,
33915,
-19368,
11985,
62220,
-19380,
-39355,
-21590,
30600,
53040,
-24310,
-68850,
-6885,
-28815,
39270,
-31110,
1020,
-28305,
-29661,
