# 467 (shape [1, 8, 40, 40]),
-106050,
-55059,
-48056,
-47708,
-48056,
-48705,
-74124,
-73409,
-72165,
-78700,
-56610,
-48276,
-64083,
-53550,
-72791,
-56726,
-80186,
-75851,
-72791,
-72791,
-72791,
-81090,
-80835,
-54060,
-59599,
-56378,
-59786,
-56726,
-72791,
-75851,
-80835,
-33660,
-71817,
-52092,
-71817,
-66488,
-59715,
-73556,
-69453,
-44940,
-105060,
-73661,
-43826,
-65501,
-56138,
-54536,
-69476,
-66326,
-47141,
-70380,
-52241,
-44370,
-81294,
-56831,
-68561,
-49436,
-64515,
-69198,
-74970,
-64515,
-48450,
-40766,
-68661,
-50490,
-50103,
-48382,
-51245,
-65501,
-65501,
-66266,
-64515,
-49467,
-65926,
-53355,
-65926,
-62031,
-51285,
-49769,
-49088,
-15810,
-96135,
-61148,
-54910,
-38471,
-60738,
-55428,
-71052,
-56066,
-63368,
-58140,
-65994,
-61319,
-60435,
-52785,
-75446,
-62441,
-69105,
-71145,
-58488,
-62475,
-58905,
-65280,
-62769,
-64005,
-68850,
-69615,
-74970,
-69870,
-62220,
-67796,
-62730,
-60945,
-57720,
-64124,
-55905,
-66168,
-69615,
-69453,
-66181,
-34680,
-49725,
-70125,
-58140,
-72165,
-64515,
-65025,
-74902,
-65501,
-59585,
-57838,
-60435,
-63240,
-62220,
-61803,
-70856,
-63206,
-71842,
-62220,
-64311,
-65926,
-64005,
-62220,
-61200,
-55845,
-46314,
-62475,
-60180,
-73185,
-68850,
-62441,
-70856,
-56831,
-53550,
-66300,
-55845,
-65535,
-62475,
-62475,
-61200,
-36843,
-95718,
-73117,
-56610,
-71910,
-72930,
-64515,
-63750,
-62441,
-53771,
-63716,
-54536,
-55080,
-71145,
-74205,
-65501,
-63206,
-69870,
-67443,
-71145,
-54315,
-64983,
-70125,
-62475,
-55080,
-63240,
-58704,
-55845,
-60945,
-74970,
-65501,
-65501,
-56066,
-56831,
-65280,
-65994,
-72930,
-58599,
-64005,
-62475,
-19125,
-66555,
-70617,
-63240,
-71910,
-64515,
-69615,
-51432,
-56831,
-59891,
-54536,
-56831,
-64260,
-71910,
-71910,
-65501,
-76211,
-64515,
-57375,
-60180,
-57375,
-64515,
-72165,
-68034,
-68969,
-62441,
-48416,
-62186,
-56831,
-68561,
-63206,
-65501,
-71910,
-63015,
-57494,
-61200,
-62475,
-52785,
-58905,
-71910,
-44064,
-78353,
-76592,
-71145,
-63402,
-61455,
-74205,
-71145,
-65994,
-68400,
-59789,
-54536,
-58919,
-70856,
-65501,
-71910,
-65280,
-71052,
-72821,
-59585,
-46121,
-63206,
-63206,
-38471,
-63240,
-62220,
-54315,
-56066,
-64736,
-65639,
-71910,
-69408,
-52785,
-58008,
-71145,
-69645,
-69615,
-73644,
-57596,
-65501,
-19380,
-72165,
-72386,
-62441,
-69870,
-71910,
-69615,
-53805,
-61200,
-63240,
-41913,
-64481,
-54536,
-63206,
-54026,
-69408,
-66810,
-64515,
-59381,
-53771,
-43199,
-56066,
-65187,
-80835,
-64515,
-72165,
-72675,
-63206,
-62441,
-63206,
-62220,
-79560,
-63750,
-71283,
-67575,
-64515,
-61325,
-61421,
-59126,
-62579,
-42585,
-62313,
-65262,
-76211,
-65501,
-64109,
-71910,
-59160,
-71400,
-68850,
-79560,
-62186,
-56831,
-68561,
-65790,
-64515,
-67443,
-74970,
-63206,
-65501,
-65501,
-66818,
-55845,
-63240,
-59670,
-71910,
-69615,
-69615,
-67575,
-64515,
-69645,
-62220,
-66810,
-71910,
-57630,
-55845,
-60435,
-56831,
-71655,
-64515,
-40290,
-78234,
-70890,
-66266,
-63206,
-69615,
-69105,
-69615,
-69547,
-49436,
-60945,
-63240,
-69105,
-74205,
-68074,
-74478,
-70797,
-48807,
-64481,
-48416,
-62603,
-58010,
-62949,
-65994,
-51255,
-71910,
-74460,
-63750,
-74205,
-71283,
-65501,
-69615,
-62220,
-64515,
-48764,
-76500,
-71910,
-56066,
-60180,
-55983,
-34170,
-67830,
-70125,
-72675,
-71910,
-72600,
-64515,
-71145,
-68850,
-70091,
-66678,
-54060,
-60180,
-56706,
-72165,
-71145,
-74552,
-71910,
-64872,
-56831,
-63206,
-69615,
-71400,
-54315,
-62613,
-71910,
-61803,
-64515,
-74838,
-63240,
-56831,
-60435,
-68850,
-69615,
-63750,
-69615,
-54825,
-62150,
-49725,
-60945,
-51255,
-78285,
-73661,
-58905,
-62475,
-55080,
-65673,
-71910,
-64736,
-62441,
-63750,
-63750,
-65994,
-58905,
-65280,
-71145,
-69615,
-63206,
-60180,
-42723,
-74073,
-62220,
-69453,
-65919,
-63240,
-54060,
-71910,
-67575,
-64515,
-65501,
-59585,
-61200,
-74970,
-61455,
-71145,
-74970,
-73916,
-65501,
-61200,
-63240,
-42075,
-76338,
-80307,
-56610,
-64515,
-65994,
-58905,
-55845,
-63240,
-58905,
-72930,
-65501,
-54536,
-59891,
-65246,
-66680,
-63206,
-73151,
-58599,
-57114,
-71145,
-71910,
-54570,
-52785,
-61200,
-74970,
-61455,
-72930,
-71910,
-63206,
-56066,
-56414,
-65246,
-58905,
-63750,
-64515,
-65501,
-62186,
-56831,
-54536,
-36843,
-78285,
-57630,
-62613,
-68850,
-60180,
-55845,
-71400,
-55845,
-60945,
-63240,
-65246,
-68502,
-63750,
-70797,
-63750,
-62220,
-63206,
-52785,
-38388,
-62475,
-60180,
-52496,
-71145,
-74970,
-69615,
-64515,
-65280,
-69615,
-64736,
-69743,
-72386,
-61625,
-47430,
-79560,
-62475,
-58640,
-64481,
-59585,
-65246,
-41820,
-83733,
-77775,
-74970,
-78795,
-67575,
-71910,
-69615,
-69870,
-63240,
-66300,
-64736,
-64515,
-72675,
-71655,
-62220,
-63750,
-74073,
-64515,
-55845,
-48416,
-55845,
-55590,
-62475,
-63240,
-55845,
-55845,
-62475,
-63495,
-62441,
-72733,
-63206,
-61421,
-58008,
-61593,
-69870,
-59585,
-54910,
-54536,
-64481,
-45645,
-76755,
-62423,
-65294,
-77265,
-67575,
-71145,
-66300,
-61359,
-55845,
-48195,
-65756,
-55845,
-63240,
-57375,
-62475,
-65535,
-72165,
-74970,
-71910,
-65501,
-60870,
-60180,
-70938,
-59585,
-64515,
-65994,
-56610,
-71400,
-62441,
-65501,
-71910,
-74715,
-62220,
-55845,
-60180,
-53771,
-56414,
-64736,
-70091,
-45018,
-71213,
-77996,
-68561,
-69615,
-55080,
-65025,
-58361,
-58599,
-60945,
-58905,
-68561,
-68034,
-58905,
-72165,
-65994,
-64005,
-64515,
-69615,
-69615,
-53771,
-58773,
-70890,
-69615,
-50468,
-58480,
-53550,
-62475,
-60945,
-58905,
-62220,
-72165,
-68850,
-66810,
-69615,
-70890,
-59891,
-53771,
-62789,
-65501,
-53163,
-74460,
-83096,
-65501,
-64515,
-69333,
-61710,
-64464,
-61200,
-63495,
-55845,
-50711,
-52785,
-44115,
-62613,
-62186,
-56066,
-42134,
-53168,
-56066,
-65501,
-64736,
-65501,
-63206,
-57086,
-62441,
-68532,
-72930,
-65994,
-60945,
-58647,
-60435,
-55845,
-60945,
-65673,
-70856,
-56831,
-60945,
-67443,
-64515,
-50235,
-73695,
-52241,
-51731,
-55080,
-63240,
-71910,
-61455,
-63750,
-68850,
-71145,
-67235,
-71400,
-65994,
-54825,
-56066,
-50711,
-65501,
-57290,
-62186,
-65501,
-56831,
-56831,
-59891,
-62789,
-62441,
-65927,
-63206,
-61200,
-63240,
-79908,
-59585,
-67374,
-65994,
-63240,
-54536,
-54536,
-65403,
-56238,
-64515,
-42585,
-93075,
-66248,
-70856,
-67235,
-54536,
-56100,
-63495,
-55428,
-63240,
-60945,
-52182,
-36720,
-56831,
-70856,
-59585,
-56831,
-56321,
-61421,
-66810,
-55080,
-57375,
-65994,
-53550,
-71400,
-74838,
-64515,
-64515,
-65501,
-71910,
-69615,
-61200,
-43724,
-56066,
-63206,
-59585,
-64916,
-55845,
-50201,
-62475,
-53040,
-59415,
-65790,
-67439,
-55080,
-56066,
-58905,
-74970,
-79560,
-63240,
-53550,
-60180,
-63240,
-56066,
-56066,
-47651,
-40001,
-63240,
-62220,
-64998,
-55335,
-46920,
-52785,
-70890,
-74970,
-64515,
-71145,
-71283,
-69615,
-73636,
-55080,
-60180,
-61710,
-64736,
-62441,
-60180,
-66168,
-67350,
-58599,
-63240,
-50745,
-72879,
-76755,
-65280,
-64515,
-59084,
-56831,
-63206,
-61421,
-60435,
-63750,
-71910,
-55089,
-56831,
-57596,
-65501,
-67235,
-55845,
-74970,
-64515,
-71655,
-73576,
-55845,
-62475,
-65535,
-57375,
-63240,
-53550,
-73215,
-51765,
-66933,
-63240,
-60945,
-67541,
-72386,
-63890,
-74970,
-68850,
-63306,
-61559,
-45645,
-69105,
-73440,
-69615,
-68850,
-50873,
-37844,
-64736,
-65848,
-72165,
-71910,
-68595,
-54536,
-55811,
-49226,
-54536,
-53771,
-60435,
-62475,
-62475,
-62441,
-61421,
-64736,
-56831,
-54536,
-62186,
-58599,
-63240,
-63288,
-58905,
-69615,
-69870,
-48705,
-58106,
-57341,
-55845,
-56610,
-62475,
-60738,
-63495,
-45513,
-77588,
-73950,
-71145,
-75735,
-65501,
-70631,
-56066,
-54536,
-54536,
-62441,
-67796,
-60890,
-67079,
-59585,
-57596,
-57086,
-68561,
-59585,
-54536,
-72386,
-65501,
-58106,
-70856,
-56831,
-54536,
-53550,
-65748,
-58599,
-58905,
-62127,
-58140,
-55308,
-38553,
-62730,
-65994,
-63873,
-69870,
-58599,
-64005,
-38505,
-75990,
-74681,
-69615,
-65280,
-64515,
-62441,
-66266,
-59585,
-60945,
-64515,
-67443,
-64481,
-62985,
-62475,
-58905,
-62220,
-61455,
-53771,
-56831,
-70856,
-65501,
-65501,
-69615,
-69870,
-55845,
-64260,
-69615,
-55845,
-65501,
-58599,
-64005,
-71910,
-51476,
-62220,
-61200,
-63240,
-68850,
-54315,
-63240,
-53040,
-59925,
-60146,
-74838,
-47175,
-62220,
-73151,
-63206,
-56066,
-55080,
-65535,
-66300,
-72930,
-55845,
-60945,
-55080,
-79143,
-74838,
-65501,
-65501,
-65501,
-68850,
-61455,
-66678,
-68850,
-60180,
-58773,
-71910,
-69547,
-63579,
-61200,
-66300,
-64515,
-73219,
-70797,
-65820,
-54663,
-63427,
-72930,
-65501,
-43350,
-66045,
-60945,
-58905,
-51476,
-62475,
-53771,
-59126,
-64736,
-64014,
-65994,
-66300,
-65115,
-60435,
-55845,
-60945,
-65535,
-71910,
-71910,
-65280,
-64515,
-64447,
-70890,
-55428,
-66300,
-70890,
-56831,
-63240,
-55080,
-71613,
-71145,
-58140,
-62475,
-65790,
-71910,
-63240,
-35949,
-60180,
-69408,
-69870,
-45645,
-93075,
-72657,
-56610,
-72675,
-73533,
-59585,
-38471,
-63206,
-65699,
-62186,
-55845,
-63240,
-68595,
-54315,
-63240,
-66300,
-70125,
-64201,
-62220,
-62220,
-69870,
-71910,
-65994,
-73916,
-59585,
-73151,
-55845,
-55845,
-62475,
-61965,
-56831,
-58599,
-63873,
-68850,
-69870,
-38250,
-59925,
-48195,
-64515,
-53163,
-66555,
-65280,
-58140,
-71145,
-69615,
-62186,
-56831,
-65501,
-66266,
-73151,
-65501,
-56066,
-56831,
-64379,
-60435,
-65457,
-58599,
-56610,
-71145,
-71145,
-61455,
-62220,
-64226,
-58480,
-50360,
-40826,
-46665,
-63240,
-71910,
-65994,
-53550,
-52785,
-66300,
-71910,
-62220,
-63750,
-55845,
-56610,
-74134,
-54150,
-72930,
-81693,
-63240,
-60945,
-68816,
-64736,
-64481,
-65915,
-65717,
-58265,
-40826,
-40766,
-56015,
-53550,
-74970,
-71493,
-46665,
-58905,
-64515,
-64515,
-63240,
-70125,
-56066,
-64736,
-73916,
-56831,
-54536,
-53771,
-41998,
-59832,
-74460,
-58599,
-55845,
-63240,
-65535,
-69615,
-53550,
-58356,
-73632,
-49215,
-60690,
-60911,
-70856,
-56831,
-54536,
-59891,
-65501,
-70856,
-67664,
-73916,
-65501,
-58820,
-62186,
-64515,
-60180,
-61803,
-65994,
-56610,
-65280,
-72165,
-71910,
-60894,
-64226,
-62441,
-66134,
-70856,
-64481,
-63240,
-72513,
-64447,
-69615,
-61200,
-64515,
-58599,
-60945,
-58140,
-56733,
-65535,
-60527,
-26520,
-66045,
-63206,
-66326,
-57086,
-56831,
-60806,
-62220,
-65673,
-71400,
-69615,
-58044,
-53550,
-64563,
-69811,
-62220,
-63579,
-53550,
-59891,
-69615,
-69870,
-69615,
-60945,
-39780,
-60435,
-63240,
-63495,
-53550,
-63078,
-70524,
-62985,
-71493,
-71145,
-61455,
-60435,
-55080,
-60180,
-63240,
-60750,
-65994,
-44625,
-62985,
-68561,
-65501,
-66266,
-48416,
-73916,
-65994,
-64005,
-66585,
-64515,
-75795,
-65994,
-55845,
-55845,
-62475,
-70380,
-63750,
-68561,
-68546,
-71910,
-76500,
-71910,
-69615,
-79560,
-58599,
-64005,
-76500,
-66609,
-71910,
-66810,
-66393,
-65280,
-71910,
-69198,
-69870,
-71910,
-60945,
-48294,
-68595,
-34680,
-70635,
-60911,
-69476,
-70091,
-65501,
-62789,
-56955,
-58008,
-68850,
-62220,
-72675,
-65259,
-64515,
-58599,
-66300,
-60945,
-60384,
-70344,
-64515,
-71145,
-72165,
-64515,
-71145,
-75120,
-61200,
-66168,
-69615,
-63206,
-62441,
-62441,
-63495,
-66678,
-71145,
-71910,
-63206,
-54536,
-57915,
-63206,
-69615,
-37230,
-62985,
-62220,
-69870,
-64736,
-65501,
-56066,
-62868,
-55845,
-71910,
-68850,
-49436,
-56321,
-63206,
-57245,
-55265,
-55845,
-61200,
-71145,
-68850,
-69105,
-55845,
-56831,
-54536,
-72803,
-64736,
-74205,
-64515,
-69870,
-65433,
-52496,
-63495,
-63240,
-66300,
-65501,
-64736,
-65501,
-62220,
-72675,
-64515,
-51000,
-70331,
-57537,
-66810,
-69453,
-63206,
-64736,
-59585,
-56831,
-56066,
-64481,
-54536,
-57596,
-69615,
-69870,
-64515,
-55080,
-62475,
-60528,
-66300,
-64515,
-64515,
-59585,
-56831,
-54950,
-63240,
-71341,
-62220,
-67575,
-62220,
-75225,
-65246,
-59585,
-57596,
-73151,
-65501,
-68561,
-63750,
-68850,
-69615,
-53040,
-81642,
-72589,
-68715,
-79560,
-65501,
-63206,
-62186,
-41021,
-67235,
-66266,
-65994,
-60945,
-64515,
-62220,
-53550,
-57399,
-65501,
-65994,
-58905,
-69615,
-71604,
-62186,
-65501,
-59585,
-55080,
-55845,
-65535,
-70542,
-62730,
-62127,
-62730,
-52785,
-59126,
-62441,
-62441,
-65369,
-63495,
-55845,
-62475,
-44370,
-76755,
-66045,
-71493,
-68850,
-70091,
-65501,
-62705,
-72458,
-54536,
-61540,
-61200,
-62823,
-62475,
-65535,
-72930,
-64515,
-63206,
-60435,
-55080,
-62475,
-60180,
-66207,
-46155,
-62186,
-64098,
-58599,
-58905,
-63750,
-74745,
-65994,
-65280,
-63495,
-54536,
-59891,
-69615,
-69360,
-65280,
-64940,
-73151,
-36669,
-75225,
-69638,
-46724,
-65501,
-76211,
-53783,
-63206,
-63206,
-56738,
-49946,
-62220,
-71748,
-58599,
-66300,
-69615,
-63495,
-74421,
-63077,
-71910,
-65994,
-63990,
-64515,
-62220,
-65501,
-45485,
-56831,
-60945,
-69615,
-68639,
-56670,
-64889,
-71145,
-56831,
-60945,
-72660,
-69360,
-62220,
-53550,
-49079,
-23205,
-62650,
-46432,
-34680,
-47685,
-37740,
-39270,
-40035,
-40800,
-39202,
-40800,
-39967,
-31620,
-32895,
-32130,
-47430,
-47685,
-40035,
-37740,
-31620,
-36720,
-32130,
-48195,
-55080,
-39967,
-37740,
-39270,
-40035,
-40800,
-47430,
-47685,
-47430,
-37740,
-30600,
-31365,
-45645,
-52275,
-47430,
-47430,
-47430,
3570,
7862,
-28043,
-36738,
-30648,
-36738,
-36210,
-22294,
-26018,
1020,
-28726,
-53550,
-36463,
-17352,
-16575,
-28323,
-39288,
-38268,
-21183,
-28323,
-28323,
-28323,
-43860,
-37740,
-39015,
-31254,
-33198,
-32148,
-39288,
-28323,
-21183,
-37740,
-48450,
-29100,
-30818,
-29100,
-19106,
-18012,
-14553,
-30456,
-46842,
-34935,
-3366,
-8466,
-7191,
-5114,
-12291,
-28008,
-21393,
-25806,
-34935,
-45033,
-51765,
-14070,
-4641,
-51,
-18156,
-5865,
-30966,
-8670,
-5865,
-16830,
-15606,
-10063,
-32130,
-28683,
-15640,
-15186,
-7191,
-7191,
-7701,
-5865,
-39183,
-12880,
-25167,
-12880,
-628,
-21687,
-23212,
-28896,
-45135,
-34935,
-13641,
-12401,
-23256,
-24636,
-10821,
-29610,
-18411,
-28386,
-9945,
-14070,
-21020,
-40800,
-24735,
-29886,
-28611,
-43350,
-29580,
-3681,
-27030,
3825,
-6375,
-12882,
-13770,
-37230,
-23460,
-8670,
-29580,
-13515,
-13821,
-33150,
-20910,
-19722,
-35840,
-31287,
-6428,
-23460,
-37086,
-19000,
-19125,
-48450,
-30600,
-9945,
-21930,
-5865,
-36210,
-7480,
-7191,
-5451,
-5569,
-40800,
-13260,
-13515,
-21021,
-30906,
-14841,
-14620,
-13515,
-15169,
-12880,
-13770,
-13515,
-27030,
-3315,
-31770,
-27030,
-34680,
-35955,
-37230,
-28611,
-30906,
-4641,
-10965,
-6120,
-3315,
-19890,
-27030,
-27030,
-27030,
-11783,
-42441,
-7990,
-3825,
-15810,
-22440,
-5865,
-19635,
-28611,
-26061,
-34476,
-12291,
-33660,
-29580,
-22440,
-7191,
-14841,
-29580,
967,
-29580,
-47430,
-21178,
-43095,
-27030,
-17085,
-13260,
-29734,
-3315,
-20910,
-8670,
-7191,
-7191,
-34986,
-4641,
-6375,
-14070,
-22440,
-4125,
-13770,
-27030,
-46155,
-23715,
-23280,
-13260,
-15810,
-5865,
-23460,
-27403,
-4641,
2499,
-12291,
-4641,
-19890,
-15810,
-15810,
-7191,
-16116,
-5865,
-39780,
-34680,
-26010,
-5865,
-21930,
-8715,
-37085,
-28611,
-31671,
-28356,
-4641,
-51,
-14841,
-7191,
-15810,
-25257,
-12125,
-27030,
-27030,
-24735,
3825,
-15810,
-29370,
-21493,
-23285,
-29580,
-13545,
-27285,
-22440,
-29580,
-14070,
-12927,
-4475,
-12291,
231,
-30906,
-7191,
-15810,
-6375,
-29610,
-36843,
-5451,
-39321,
-14841,
-14841,
-23256,
-13260,
-13515,
-47430,
-18411,
-20961,
-18987,
-15810,
-27186,
-24735,
-10253,
-29580,
-3072,
-23460,
-30135,
-5151,
-7191,
-52275,
-47685,
-24531,
-28611,
-29580,
-15810,
-23460,
-40545,
-27030,
-13260,
-47841,
-20706,
-12291,
-14841,
-55641,
-27186,
-12495,
-5865,
-13821,
-26061,
-19752,
-18411,
-13800,
-40290,
-5865,
-21930,
-16320,
-14841,
-28611,
-14841,
-13515,
-31875,
-19635,
-27096,
1275,
-5865,
-11715,
-42126,
-11271,
-26127,
-21165,
654,
435,
-16116,
-7191,
-48822,
-15810,
-13005,
-35700,
-37230,
-31875,
-28356,
-4641,
-51,
-22440,
-5865,
967,
-8670,
-14841,
-7191,
-7191,
-29022,
-3315,
-13260,
-32640,
-15810,
-23460,
-23460,
1275,
-5865,
-3072,
-13515,
-28560,
-15810,
-28560,
-3315,
-40800,
-4641,
-29835,
-5865,
-28815,
-26310,
-13770,
-7701,
-14841,
-23460,
-43350,
-23460,
-22270,
-18156,
-20910,
-13260,
-43350,
-22440,
-25392,
-21603,
-23490,
-50415,
-20706,
-18921,
-9169,
-32880,
-11085,
-14070,
-18360,
-15810,
-28560,
-19635,
-22440,
-27096,
-7191,
-23460,
-13515,
-5865,
-31629,
-53295,
-15810,
-34986,
-34680,
-15111,
-48195,
-9435,
-30600,
-16320,
-15810,
-21747,
-5865,
-29580,
-37230,
-44676,
-12803,
-41310,
-34680,
-26394,
-21930,
-29580,
-1355,
-15810,
-27976,
-4641,
-14841,
-23460,
-35700,
-47430,
-24546,
-15810,
-21021,
-5865,
-8978,
-13260,
-4641,
-18870,
-37230,
-23460,
-19635,
-23460,
-27540,
-39696,
-9945,
-20910,
-51255,
-29580,
-30396,
3825,
-43605,
-17085,
-17406,
-15810,
-20961,
-28611,
-36210,
-19635,
-14070,
3825,
-6375,
-29580,
-23460,
-14841,
-34680,
-30156,
-7703,
-13515,
-37086,
-19497,
-13260,
-55590,
-15810,
1275,
-5865,
-7191,
-5451,
-27030,
-8670,
-27285,
-29580,
-8670,
-23766,
-7191,
-27030,
-13260,
-29070,
-30966,
-25575,
-3825,
-5865,
-14070,
3825,
-3315,
-13260,
3825,
-22440,
-7191,
-12291,
2499,
-9486,
-35430,
-14841,
-23256,
-4125,
-20233,
-29580,
-15810,
-35700,
-24735,
-27030,
-8670,
-27285,
-22440,
-15810,
-14841,
-34986,
-12147,
-21216,
3825,
-19635,
-5865,
-7191,
-28356,
-4641,
-12291,
-11783,
-29580,
-33405,
-24546,
-37230,
-34680,
-17595,
-35700,
-3315,
-20910,
-13260,
-9486,
-31140,
-19635,
-23490,
-19635,
-13515,
-14841,
-24735,
-13071,
-11985,
-34680,
-30498,
-29580,
-8670,
-23460,
-5865,
-6375,
-23460,
-20961,
-38586,
-37026,
-96,
-17595,
-31875,
-27030,
-1671,
-20706,
-5451,
-21216,
-34935,
-14901,
-6375,
-8670,
-45645,
1275,
-15810,
-23460,
-29580,
-13260,
-6120,
-20961,
-5865,
-16320,
-18105,
-13515,
-19635,
-22748,
-5865,
-3315,
-18921,
-3315,
3570,
-27030,
-13260,
-3315,
-3315,
-27030,
-30090,
-28611,
-15941,
-14841,
-42126,
-10253,
-24801,
-29580,
-5451,
-12401,
-12291,
-20706,
-14025,
-23460,
-26136,
-9969,
-39525,
1275,
-29580,
-6120,
-19530,
-3315,
-30855,
-29121,
-3315,
-13260,
-26010,
-27030,
-19890,
-21930,
-8670,
-15810,
-7191,
-26337,
-34680,
-49881,
-5451,
-5865,
-14070,
-3825,
-35700,
-28611,
-7191,
-15810,
-10965,
-13515,
-3315,
-34680,
-26061,
-12147,
-20961,
-44676,
-25311,
-25063,
-21471,
-51,
-23460,
-34935,
-43350,
-28611,
-4125,
-20910,
-19635,
-51,
-8715,
3825,
-21930,
-14070,
-13770,
-5865,
-23460,
-23460,
-26061,
3517,
-8415,
-23460,
-36354,
-13451,
-10965,
-27030,
-20910,
3825,
-13515,
-21930,
-37230,
-12495,
-23460,
-29325,
2499,
-26061,
-22347,
-7191,
-30398,
-40035,
-19176,
-7191,
-5865,
-37056,
-58650,
-38250,
-27030,
-19380,
-3315,
-11271,
-24735,
-45645,
-24546,
-28356,
-18411,
-53145,
-20389,
-18411,
-21471,
-20961,
-7191,
-14841,
-21471,
-28611,
-10752,
-32232,
-14070,
-20910,
-25290,
-40800,
-3315,
-20910,
-17406,
-30906,
-4641,
-20910,
967,
-5865,
-37230,
-53295,
-15861,
-13413,
-17085,
-27540,
-15810,
-27285,
-19635,
-37230,
-29580,
-21516,
-35700,
-14070,
-27540,
-18411,
-11271,
-7191,
-13101,
-28356,
-7191,
-4641,
-4641,
2499,
-22347,
-28611,
-11735,
-14841,
-27030,
-13260,
-39891,
-5451,
-32284,
-14070,
-13260,
-12291,
-12291,
-20198,
-39336,
-5865,
-21165,
-42075,
-891,
-30906,
-21516,
-12291,
-20145,
-19380,
-10821,
-13260,
-20910,
-19063,
-35700,
-4641,
-30906,
-5451,
-4641,
-35241,
-42126,
-43605,
-34935,
-27285,
-14070,
-10965,
-35700,
-8978,
-5865,
-5865,
-7191,
-15810,
-23460,
-27030,
-15440,
-34986,
-14841,
-5451,
-20523,
-3315,
-23868,
-27030,
-23970,
7905,
-29580,
-20540,
-33660,
-18411,
3825,
-8670,
-31875,
-13260,
-10965,
-34680,
-13260,
-34986,
-18411,
-32691,
-29376,
-13260,
-13515,
-44196,
-48450,
-62730,
-24735,
-29325,
-8670,
-5865,
-29580,
-27096,
-23460,
-6876,
-17085,
-34680,
-57375,
-20961,
-28611,
-34680,
-6428,
-10722,
-4125,
-13260,
-31620,
-2595,
12750,
-6375,
-5865,
-35510,
-4641,
-14841,
-42126,
-40800,
-19635,
-15810,
-27254,
-4641,
-5151,
-7191,
-21516,
-3315,
-8670,
-5865,
-18154,
-28945,
-3315,
-27030,
-19890,
-26010,
-13260,
-10965,
-33927,
-24735,
-18228,
-13260,
-20910,
-13566,
-37026,
-2276,
-8670,
-37230,
-49179,
-39642,
-14025,
5610,
-15300,
-23460,
-37230,
-28039,
-34542,
-20961,
-386,
-21930,
-15810,
-36975,
-12291,
-20706,
-19500,
-12291,
-26061,
-40800,
-27030,
-27030,
-28611,
-42126,
-20961,
-4641,
-12291,
-28356,
-4125,
-13260,
-23106,
3825,
-23460,
-29580,
-24735,
-42636,
-42126,
-3315,
-3825,
-27030,
-24636,
-19380,
-14333,
-20983,
-52020,
-29580,
-45135,
-7191,
-4398,
-18411,
-12291,
-12291,
-28611,
-13821,
-23568,
-13569,
-5451,
-5151,
-21471,
-51,
-5451,
-12291,
-37026,
-7191,
-23613,
-30906,
-4641,
-12291,
-10965,
-9805,
-4125,
3825,
-20940,
-9945,
-49296,
-58296,
-51000,
-14070,
-14078,
-29580,
-4125,
-13770,
-79560,
-26775,
-16881,
-23460,
-6375,
-5865,
-28611,
-43656,
-5451,
-20910,
-5865,
967,
-20706,
-15555,
-43605,
3825,
-13515,
-27285,
-26061,
-4641,
-30906,
-7191,
-7191,
-23460,
-29580,
-3315,
-19890,
-23460,
-29682,
-7191,
-4125,
-13770,
-15810,
-16473,
-13515,
-27030,
-13260,
-37230,
-47430,
-13260,
-23970,
-55335,
-32181,
-8978,
-25755,
-13515,
-23256,
-14841,
-34986,
-17085,
-19890,
-6120,
-22440,
-3315,
-20910,
-17085,
-39381,
-8978,
-7191,
-7191,
-7191,
-37230,
-27285,
-12803,
-37230,
-34680,
3517,
-15810,
-22270,
-8985,
-27030,
-6120,
-5865,
-14382,
-23490,
-23982,
-21786,
2720,
-22440,
-7191,
-21675,
-37230,
-16830,
3825,
-16473,
-27030,
-26061,
-11271,
-20961,
-35924,
-14070,
-6120,
-29667,
-40800,
-3315,
-20910,
-19890,
-15810,
-15810,
-6375,
-5865,
-4675,
-29325,
-10821,
-6120,
-29325,
-4641,
-13260,
-17085,
-37498,
-29580,
-9945,
-27030,
-26010,
-15810,
-13260,
-22783,
-34680,
-27186,
-29580,
-14025,
-42075,
-9510,
-3825,
-16320,
-17961,
-5451,
-23256,
-14841,
-32679,
-28356,
-3315,
-13260,
-36975,
-47430,
-13260,
-6120,
-43095,
-18096,
-13515,
-13515,
-29580,
-15810,
-14070,
-23766,
-5451,
-23256,
-3315,
-3315,
-27030,
-23052,
-4641,
-4125,
-14078,
-37230,
-29580,
-1275,
-13515,
-25500,
-5865,
-30398,
-23715,
-49470,
-9945,
-29580,
-23460,
-28356,
-4641,
-7191,
-7701,
-23256,
-7191,
-34986,
-4641,
-13880,
-40800,
-5233,
-4125,
-3825,
-29580,
-29580,
-27285,
-13515,
-23001,
-13451,
-16815,
-43578,
-31365,
-13260,
-15810,
-14070,
-10965,
-24735,
-6120,
-15810,
-13515,
-36210,
-3315,
-3825,
-8304,
-39867,
-33915,
-25356,
-13260,
-20910,
-21981,
-20961,
-23256,
-49200,
-15515,
-33135,
-43578,
-15606,
-5525,
-10965,
-8670,
-23316,
-31365,
3825,
-5865,
-5865,
-13260,
-43095,
-18411,
-20961,
-23766,
-4641,
-12291,
-26061,
-31922,
-28590,
-28560,
-4125,
-3315,
-13260,
-19890,
-23460,
-10965,
-3989,
-28347,
-44880,
-41565,
-18411,
-30906,
-4641,
-12291,
2499,
-7191,
-30906,
-14129,
-23766,
-7191,
-19221,
-28356,
-5865,
-19125,
-21021,
-14070,
-3825,
-6375,
-21930,
-15810,
-26820,
-23001,
-28611,
-8009,
-30906,
-20706,
-13260,
-29946,
-4675,
-23460,
-27030,
-5865,
-4125,
-20910,
-9945,
-13686,
-19890,
-13595,
-35037,
-26775,
-10761,
-21393,
-21471,
-4641,
-25458,
-29325,
-17406,
-35700,
-23460,
-18039,
-10965,
-22158,
-27786,
-13515,
-8985,
-10965,
2499,
-23460,
-29580,
-23460,
-20910,
-14280,
-40800,
-13260,
-19380,
-10965,
-26886,
-31650,
-49980,
-23316,
-29580,
-27285,
-40800,
-17085,
-34680,
-13260,
-35112,
-14070,
-27540,
-33915,
-34476,
-7191,
-7701,
-18921,
-23766,
-14070,
-13770,
-10212,
-5865,
-22872,
-14070,
-3315,
-3315,
-27030,
-59925,
-19635,
-51,
-11286,
-15810,
-31365,
-15810,
-23460,
-31875,
-4125,
-13770,
-53295,
-46054,
-15810,
-29070,
-36066,
-6375,
-15810,
-30966,
-29580,
-15810,
-20910,
-20645,
-36975,
-19125,
-49980,
-18411,
-28008,
-22746,
-7191,
-22347,
-33492,
-10253,
-37230,
-13515,
-16320,
-40589,
-5865,
-4125,
-6120,
-20910,
-27914,
-21030,
-5865,
-29580,
-36210,
-20145,
-29580,
-50397,
-27030,
-6428,
-23460,
-14841,
-28611,
-28611,
-21930,
-12803,
-29580,
-15810,
-14841,
-12291,
-7662,
-14841,
-23460,
-41055,
-33915,
-9435,
-29580,
-20961,
-21471,
-18411,
-30666,
-3315,
-15810,
-37230,
-32436,
-47991,
-14841,
-46650,
-9861,
-3315,
-27030,
-29580,
-37230,
-43350,
-3315,
-4641,
-12291,
-17166,
-20961,
-22440,
-5865,
-29580,
-6001,
-11016,
-19380,
-13260,
-6120,
-7191,
-20961,
-7191,
-13515,
-16320,
-5865,
-37740,
-48771,
-32160,
-12495,
-37086,
-14841,
-37536,
-5451,
-4641,
-18411,
-20706,
-12291,
-5151,
-23460,
-29580,
-5865,
-33660,
-27030,
-28416,
-6120,
-5865,
-5865,
-5451,
-4641,
-10911,
-13260,
-14526,
-13515,
1275,
-13515,
-14790,
-9486,
-5451,
-5151,
-23256,
-7191,
-51,
-19635,
-37230,
-23460,
-23970,
-30246,
-8320,
-41052,
-31875,
-7191,
-14841,
-28356,
-32436,
-21516,
-7701,
-14070,
-20910,
-5865,
-13515,
-10965,
-15087,
-7191,
-14070,
3825,
-23460,
-16830,
-28356,
-7191,
-5451,
-33660,
-3315,
-19890,
-25785,
-33150,
-20940,
-33150,
-24735,
-11271,
-28611,
-28611,
-21779,
-19380,
-3315,
-27030,
-21420,
-23460,
-35700,
-23316,
-37230,
-44676,
-7191,
-6395,
-23729,
-12291,
-6311,
-27030,
-20766,
-27030,
-19890,
-22440,
-5865,
-14841,
-40800,
-17085,
-27030,
-34680,
-45328,
-24480,
-28356,
-13371,
-4125,
3825,
-19635,
-20667,
-14070,
-6375,
-19380,
-12291,
2499,
-23460,
2295,
-6375,
-29166,
-23256,
-19425,
-26265,
-5826,
-33312,
-7191,
-16116,
-15189,
-14841,
-14841,
-28131,
-14586,
-13515,
-29436,
-4125,
-6120,
-23460,
-30090,
-16484,
8845,
-15810,
-14070,
2750,
-5865,
-13515,
-7191,
-27600,
-4641,
-20910,
6630,
-16384,
-17517,
-22070,
-46155,
-4641,
-20910,
200,
2295,
-13515,
-10965,
-39155,
-53295,
7048,
6770,
3060,
-5865,
2550,
-20145,
10200,
9690,
-18955,
9690,
11390,
-4080,
-9945,
12240,
255,
-5865,
10200,
2550,
-4080,
-10965,
12240,
-255,
-15810,
11390,
2550,
-20145,
10200,
9690,
255,
-5865,
255,
2550,
-17595,
12750,
17850,
8415,
255,
255,
255,
510,
-27094,
-41110,
-13064,
-22460,
-13064,
-13515,
-59980,
-65251,
-78285,
-46455,
-14535,
-13966,
-33774,
-41055,
-41114,
-25559,
-36014,
-68909,
-41114,
-41114,
-41114,
-38250,
-36465,
-35700,
-28234,
-34955,
-53354,
-25559,
-41114,
-68909,
-36465,
-3060,
-33366,
-45739,
-33366,
-55743,
-22428,
-35759,
-43464,
-70558,
-24225,
-41650,
-61285,
-61540,
-48374,
-41650,
-51428,
-52793,
-38590,
-33915,
-20774,
-28815,
-27174,
-49045,
-89335,
-45985,
-62220,
-52644,
-84915,
-62220,
-46665,
-33490,
-38926,
-67320,
-48687,
-48501,
-69749,
-61540,
-61540,
-81940,
-62220,
-34329,
-50430,
-70813,
-50430,
-64426,
-66168,
-37355,
-60736,
-91800,
-64005,
-60742,
-42189,
-26095,
-38679,
-52644,
-73656,
-54400,
-60481,
-82875,
-48594,
-37769,
-44370,
-47685,
-91375,
-59500,
-56865,
-62475,
-80439,
-49980,
-77520,
-82620,
-51887,
-65025,
-55080,
-49725,
-84915,
-51510,
-54825,
-94690,
-51765,
-37230,
-40523,
-48269,
-46333,
-71221,
-49725,
-54429,
-52215,
-90270,
-25245,
-44370,
-82875,
-58905,
-62220,
-46410,
-86751,
-61540,
-53014,
-68785,
-44370,
-44625,
-54825,
-57744,
-50830,
-54145,
-58956,
-54825,
-80525,
-50430,
-65025,
-54825,
-39015,
-49725,
-28109,
-49980,
-42585,
-74460,
-55080,
-59500,
-50830,
-49045,
-42330,
-72420,
-49725,
-77775,
-49980,
-49980,
-39015,
-96466,
-66924,
-48246,
-70125,
-57120,
-79305,
-62220,
-67575,
-59500,
-47005,
-51085,
-41650,
-22950,
-62475,
-90270,
-61540,
-54145,
-51510,
-88816,
-62475,
-28305,
-72761,
-46665,
-49980,
-55080,
-44625,
-32463,
-49725,
-37230,
-84915,
-61540,
-61540,
-22270,
-49045,
-82620,
-48594,
-79305,
-53694,
-65025,
-49980,
-33150,
-35445,
-40767,
-44625,
-57120,
-62220,
-49725,
-28019,
-49045,
-76840,
-41650,
-49045,
-66810,
-57120,
-57120,
-61540,
-86020,
-62220,
-59925,
-42585,
-30345,
-62220,
-58905,
-45279,
-34454,
-59500,
-30175,
-38335,
-49045,
-89335,
-54145,
-61540,
-57120,
-36333,
-48014,
-39015,
-49980,
-47685,
-77520,
-57120,
-68739,
-65421,
-81921,
-62475,
-76971,
-60180,
-90270,
-62475,
-48594,
-81268,
-55409,
-41650,
-68011,
-50830,
-61540,
-57120,
-82620,
-73656,
-84123,
-53014,
-22780,
-54145,
-54145,
-26095,
-44625,
-54825,
-28305,
-54400,
-66895,
-86329,
-57120,
-51174,
-47685,
-81676,
-62475,
-89118,
-49725,
-45279,
-69445,
-61540,
-34935,
-45900,
-61285,
-59500,
-51510,
-57120,
-49725,
-35955,
-39015,
-44625,
-22107,
-45730,
-41650,
-54145,
-40630,
-51174,
-95370,
-62220,
-45475,
-47005,
-65674,
-54400,
-87171,
-55845,
-62220,
-58905,
-77520,
-54145,
-59500,
-54145,
-54825,
-53805,
-67575,
-61509,
-90015,
-62220,
-50578,
-43690,
-82195,
-58534,
-82365,
-50094,
-51477,
-86020,
-61540,
-39154,
-57120,
-66555,
-64260,
-55080,
-53805,
-38335,
-49045,
-89335,
-41055,
-62220,
-88816,
-84915,
-54145,
-61540,
-61540,
-52618,
-49725,
-44625,
-63495,
-57120,
-49725,
-49725,
-90015,
-62220,
-89118,
-54825,
-67065,
-57120,
-67065,
-49725,
-44370,
-49045,
-61710,
-62220,
-74970,
-35334,
-68340,
-81940,
-54145,
-49725,
-56865,
-49725,
-51561,
-45985,
-37230,
-44625,
-56865,
-90270,
-52094,
-89762,
-71871,
-20762,
-45730,
-25585,
-58734,
-27373,
-57174,
-48594,
-61965,
-57120,
-92055,
-67575,
-90270,
-61509,
-61540,
-49725,
-54825,
-62220,
-48683,
-51765,
-57120,
-22270,
-42585,
-74514,
-63495,
-34680,
-44370,
-77520,
-57120,
-79448,
-62220,
-62475,
-55080,
-56185,
-94171,
-26520,
-42585,
-41580,
-58905,
-62475,
-96201,
-57120,
-44140,
-49045,
-54145,
-49725,
-64260,
-28305,
-49014,
-57120,
-57744,
-62220,
-83716,
-44625,
-49045,
-58140,
-55080,
-49725,
-67575,
-49725,
-21165,
-46039,
-33660,
-37230,
-94605,
-39780,
-52870,
-77520,
-17850,
-55080,
-76809,
-57120,
-66895,
-59500,
-35445,
-67575,
-48594,
-77520,
-82620,
-62475,
-49725,
-54145,
-42585,
-59214,
-89836,
-54825,
-54429,
-50522,
-44625,
-46410,
-57120,
-90015,
-62220,
-61540,
-53014,
-39015,
-84915,
-60180,
-62475,
-84915,
-78625,
-61540,
-39015,
-44625,
-85170,
-29949,
-43062,
-70125,
-62220,
-48594,
-77520,
-49725,
-44625,
-77520,
-79305,
-61540,
-41650,
-76840,
-50830,
-39868,
-54145,
-58225,
-53694,
-85941,
-62475,
-57120,
-39270,
-47685,
-39015,
-84915,
-60180,
-79305,
-57120,
-54145,
-22270,
-51964,
-66130,
-77520,
-67575,
-62220,
-61540,
-38335,
-49045,
-41650,
-96466,
-39780,
-59415,
-49014,
-55080,
-42585,
-75480,
-64260,
-49725,
-37230,
-44625,
-50830,
-64476,
-67575,
-71871,
-67575,
-54825,
-54145,
-47685,
-92109,
-50745,
-42585,
-68714,
-62475,
-84915,
-49725,
-62220,
-82620,
-49725,
-66895,
-65581,
-63580,
-49699,
-26265,
-53805,
-49980,
-72809,
-45730,
-53014,
-66130,
-87720,
-53409,
-43860,
-84915,
-59160,
-90015,
-57120,
-49725,
-51510,
-44625,
-72420,
-66895,
-62220,
-77520,
-46410,
-54825,
-67575,
-89071,
-62220,
-49725,
-25585,
-49725,
-74460,
-49980,
-44625,
-49725,
-49725,
-49980,
-33660,
-59500,
-69511,
-54145,
-43690,
-81676,
-59214,
-51510,
-53014,
-42189,
-41650,
-45730,
-110160,
-27030,
-54367,
-73111,
-46410,
-90015,
-62475,
-72420,
-38564,
-49725,
-51255,
-47770,
-49725,
-44625,
-30345,
-49980,
-77775,
-58905,
-84915,
-57120,
-61540,
-39158,
-42585,
-31794,
-53014,
-62220,
-48594,
-70125,
-64260,
-59500,
-61540,
-57120,
-74205,
-54825,
-49725,
-42585,
-47005,
-51964,
-66895,
-56185,
-114549,
-65676,
-48535,
-89335,
-49725,
-43605,
-47685,
-50320,
-53694,
-37230,
-69360,
-89335,
-45279,
-77520,
-58905,
-48594,
-65025,
-62220,
-49725,
-49725,
-47005,
-76321,
-61455,
-49725,
-26989,
-47334,
-42330,
-49980,
-37230,
-77520,
-54825,
-58905,
-55080,
-95370,
-49725,
-41310,
-76840,
-47005,
-57064,
-61540,
-105646,
-53295,
-60010,
-61540,
-62220,
-82614,
-43860,
-44914,
-39015,
-46410,
-49725,
-32980,
-47685,
-27030,
-49014,
-38335,
-54400,
-23654,
-51594,
-54400,
-87295,
-66895,
-61540,
-54145,
-38080,
-59500,
-103869,
-82433,
-48594,
-37230,
-36582,
-44370,
-49725,
-37230,
-76809,
-50830,
-49045,
-37230,
-88816,
-62220,
-79050,
-35700,
-42670,
-32538,
-55080,
-70380,
-57120,
-60180,
-67575,
-55080,
-62475,
-49699,
-64260,
-48594,
-21165,
-54400,
-32980,
-61540,
-45619,
-38335,
-61540,
-49045,
-49045,
-76840,
-57064,
-59500,
-82190,
-54145,
-39015,
-44625,
-77124,
-53014,
-44958,
-48594,
-44625,
-41650,
-41650,
-76576,
-51054,
-62220,
-82365,
-36210,
-50797,
-50830,
-49699,
-41650,
-38760,
-46410,
-52644,
-44625,
-37230,
-52274,
-32130,
-49045,
-50830,
-53014,
-49045,
-43435,
-43690,
-57885,
-43605,
-51000,
-48594,
-42330,
-64260,
-83716,
-62220,
-62220,
-61540,
-57120,
-49725,
-39015,
-39854,
-22270,
-54145,
-53014,
-66273,
-49725,
-35564,
-49980,
-105060,
-44115,
-48960,
-52094,
-22950,
-54400,
-77520,
-84915,
-53805,
-44625,
-42330,
-42585,
-44625,
-22270,
-54400,
-30940,
-38845,
-44625,
-54825,
-43854,
-38760,
-15300,
-47685,
-41310,
-84915,
-62220,
-62475,
-61509,
-49725,
-85835,
-55080,
-42585,
-23205,
-66895,
-59500,
-42585,
-71221,
-81723,
-53694,
-44625,
-97665,
-46044,
-53040,
-82620,
-62220,
-26932,
-49045,
-54145,
-43690,
-44370,
-67575,
-57120,
-21858,
-49045,
-69445,
-61540,
-49699,
-49725,
-84915,
-62220,
-85028,
-47115,
-49725,
-49980,
-77775,
-30345,
-44625,
-42330,
-61578,
-84915,
-84642,
-44625,
-37230,
-73525,
-63580,
-74955,
-84915,
-55080,
-37704,
-42724,
-110160,
-46410,
-48195,
-49725,
-55080,
-44199,
-30484,
-66895,
-93226,
-58905,
-57120,
-33915,
-41650,
-43690,
-38158,
-41650,
-47005,
-44370,
-49980,
-49980,
-59500,
-43690,
-66895,
-49045,
-41650,
-38335,
-53694,
-44625,
-47859,
-77520,
-49725,
-51510,
-38505,
-54910,
-34510,
-49725,
-70125,
-49980,
-38679,
-46410,
-108961,
-45021,
-68595,
-62475,
-70890,
-61540,
-88438,
-54400,
-41650,
-41650,
-59500,
-94690,
-57472,
-82947,
-53014,
-69445,
-38080,
-89335,
-53014,
-41650,
-63580,
-61540,
-37638,
-50830,
-49045,
-41650,
-42330,
-77164,
-53694,
-77520,
-59376,
-82875,
-34929,
-17004,
-40290,
-48594,
-63826,
-51510,
-53694,
-65025,
-56355,
-68340,
-68680,
-49725,
-82620,
-62220,
-59500,
-47515,
-53014,
-37230,
-62220,
-88816,
-45730,
-33915,
-17850,
-77520,
-54825,
-60180,
-47005,
-49045,
-50830,
-61540,
-61540,
-49725,
-51510,
-49725,
-66810,
-49725,
-20723,
-61540,
-53694,
-65025,
-57120,
-53159,
-54825,
-39015,
-44625,
-55080,
-28305,
-44625,
-105060,
-45135,
-60520,
-83716,
-44370,
-54825,
-58225,
-54145,
-22270,
-55080,
-77775,
-72420,
-79305,
-49725,
-37230,
-55080,
-56724,
-83716,
-61540,
-61540,
-61540,
-55080,
-60180,
-94171,
-55080,
-42585,
-76321,
-57120,
-51561,
-59204,
-39015,
-72420,
-62220,
-88754,
-71871,
-66678,
-98034,
-68391,
-79305,
-61540,
-102765,
-39015,
-45645,
-77520,
-53159,
-49980,
-47005,
-82195,
-66895,
-36138,
-48594,
-72420,
-35423,
-44370,
-49725,
-37230,
-77775,
-57120,
-57120,
-82620,
-62220,
-64056,
-41310,
-52644,
-72420,
-41310,
-49045,
-44625,
-55080,
-79646,
-62475,
-82875,
-49980,
-79560,
-57120,
-44625,
-64521,
-42585,
-51174,
-51510,
-110160,
-36210,
-46377,
-70125,
-77520,
-56724,
-53014,
-26095,
-54145,
-57182,
-38335,
-49725,
-44625,
-33915,
-28305,
-44625,
-72420,
-46665,
-78695,
-54825,
-54825,
-51510,
-57120,
-48594,
-78625,
-53014,
-58225,
-49725,
-49725,
-49980,
-36788,
-49045,
-53694,
-63826,
-55080,
-51510,
-67320,
-41565,
-34170,
-62220,
-105646,
-35445,
-56100,
-82875,
-62475,
-49725,
-38335,
-49045,
-61540,
-81940,
-58225,
-61540,
-22270,
-49045,
-65564,
-44370,
-79955,
-53694,
-70125,
-62475,
-62475,
-60180,
-54825,
-35020,
-47334,
-30688,
-30098,
-31620,
-44625,
-57120,
-48594,
-42330,
-47685,
-72420,
-57120,
-54825,
-35445,
-49725,
-70125,
-59344,
-75458,
-40545,
-63609,
-44625,
-37230,
-75565,
-66895,
-56185,
-45223,
-83660,
-48538,
-30098,
-33490,
-46903,
-42330,
-84915,
-60039,
-31620,
-77520,
-62220,
-62220,
-44625,
-46665,
-54400,
-66895,
-78625,
-49045,
-41650,
-47005,
-34698,
-51981,
-92055,
-53694,
-49725,
-44625,
-77775,
-49725,
-42330,
-79240,
-91374,
-82620,
-39780,
-55165,
-50830,
-49045,
-41650,
-76840,
-61540,
-50830,
-93491,
-78625,
-61540,
-58369,
-38335,
-62220,
-92565,
-57744,
-48594,
-70125,
-82620,
-58905,
-57120,
-58539,
-35020,
-59500,
-80741,
-50830,
-45730,
-44625,
-82224,
-64056,
-49725,
-39015,
-62220,
-53694,
-37230,
-82875,
-63096,
-77775,
-48516,
-45968,
-74970,
-62560,
-52793,
-38080,
-49045,
-38933,
-39270,
-76809,
-64260,
-49725,
-43863,
-42330,
-68946,
-63395,
-54825,
-59204,
-42330,
-76840,
-49725,
-51510,
-49725,
-37230,
-34170,
-44370,
-44625,
-46410,
-42330,
-49329,
-60474,
-40800,
-60039,
-62475,
-60180,
-44370,
-55080,
-42585,
-44625,
-65713,
-48594,
-94350,
-47175,
-51850,
-61540,
-81940,
-25585,
-78625,
-48594,
-65025,
-61323,
-62220,
-76168,
-48594,
-49725,
-49725,
-49980,
-35700,
-67575,
-89335,
-59440,
-57120,
-65535,
-57120,
-49725,
-53805,
-53694,
-65025,
-51765,
-50313,
-57120,
-63240,
-69984,
-82620,
-57120,
-52644,
-51510,
-57120,
-37230,
-67517,
-33915,
-90270,
-43860,
-55165,
-51428,
-69955,
-61540,
-57064,
-45878,
-81676,
-55080,
-54825,
-77520,
-25158,
-62220,
-53694,
-72420,
-37230,
-36873,
-52074,
-62220,
-62475,
-84660,
-87975,
-62475,
-52363,
-39015,
-71221,
-49725,
-54145,
-59500,
-59500,
-56865,
-94171,
-62475,
-57120,
-54145,
-41650,
-48828,
-54145,
-49725,
-91290,
-47175,
-63240,
-51510,
-66895,
-87295,
-54400,
-50799,
-49725,
-57120,
-55080,
-71740,
-48025,
-54145,
-32728,
-43999,
-49725,
-39015,
-62475,
-55080,
-56865,
-49725,
-49045,
-41650,
-67621,
-66895,
-90270,
-62220,
-51510,
-63376,
-73780,
-46410,
-44625,
-72420,
-61540,
-66895,
-61540,
-54825,
-77520,
-62220,
-99450,
-38020,
-53001,
-95370,
-54429,
-54145,
-34765,
-53014,
-49045,
-54400,
-45730,
-41650,
-69445,
-49725,
-51510,
-62220,
-22950,
-49980,
-40149,
-72420,
-62220,
-62220,
-53014,
-49045,
-42984,
-44625,
-78440,
-54825,
-90015,
-54825,
-86700,
-50830,
-53014,
-69445,
-58225,
-61540,
-89335,
-67575,
-55080,
-49725,
-105060,
-43098,
-48213,
-31398,
-53805,
-61540,
-54145,
-38335,
-22525,
-49699,
-81940,
-48594,
-37230,
-62220,
-54825,
-42330,
-43327,
-61540,
-48594,
-77520,
-49725,
-56134,
-38335,
-61540,
-53014,
-22950,
-49725,
-77775,
-61161,
-51765,
-59376,
-51765,
-47685,
-82195,
-59500,
-59500,
-86096,
-46410,
-49725,
-49980,
-92565,
-27030,
-50745,
-60039,
-55080,
-56185,
-61540,
-73963,
-57554,
-41650,
-75129,
-39015,
-47544,
-49980,
-77775,
-79305,
-62220,
-54145,
-44370,
-55080,
-49980,
-42585,
-54059,
-39270,
-38335,
-65139,
-53694,
-77520,
-67575,
-76623,
-48594,
-82620,
-46410,
-41650,
-76840,
-49725,
-39015,
-82620,
-42304,
-58225,
-73839,
-47940,
-47617,
-41509,
-61540,
-86020,
-50194,
-54145,
-54145,
-52066,
-74290,
-54825,
-61824,
-53694,
-72420,
-49725,
-33660,
-86635,
-77841,
-57120,
-48594,
-77488,
-62220,
-54825,
-61540,
-34243,
-49045,
-37230,
-86700,
-53873,
-40978,
-42914,
-30345,
-49045,
-37230,
-89983,
-39015,
-54825,
-42330,
-29144,
-43605,
4352,
-42027,
-35955,
-28305,
-24225,
-4845,
-31620,
-52020,
-6681,
-52020,
-33456,
-8160,
255,
-39525,
-26520,
-28305,
-31620,
-24225,
-8160,
-8415,
-39525,
-46920,
-23205,
-33456,
-24225,
-4845,
-31620,
-52020,
-26520,
-28305,
-26520,
-24225,
7650,
-19125,
-28815,
-3315,
-26520,
-26520,
-26520,
-19380,
43650,
56852,
59490,
53922,
59490,
59160,
50705,
41088,
34680,
47830,
38760,
59501,
33282,
31365,
76830,
75555,
77850,
68415,
76830,
76830,
76830,
68595,
77520,
58140,
78005,
69987,
67140,
75555,
76830,
68415,
77520,
66810,
55887,
59615,
55887,
52295,
50030,
48525,
55974,
41911,
26265,
13141,
13906,
39661,
23541,
18751,
28337,
31592,
33541,
31110,
59925,
37740,
18108,
23596,
31246,
38386,
39525,
51129,
32130,
39525,
38250,
22321,
20171,
52020,
51540,
37162,
27330,
39661,
39661,
26401,
39525,
42945,
28495,
30691,
28495,
5891,
22851,
46662,
33838,
45900,
20145,
31360,
19444,
17476,
27294,
38889,
54357,
51901,
38428,
43350,
29583,
20328,
39015,
46920,
51646,
63121,
55080,
68850,
30474,
52785,
15045,
26265,
24254,
11220,
64005,
35700,
32130,
26775,
34680,
59551,
43860,
19635,
14306,
55248,
43696,
16428,
35700,
42204,
19570,
21675,
37485,
53805,
43350,
31620,
39525,
65535,
31042,
39661,
28699,
11392,
39015,
24480,
34680,
50109,
26911,
34816,
39457,
34680,
43212,
28495,
11220,
34680,
10710,
23460,
28159,
52785,
47940,
36465,
64005,
63121,
26911,
23596,
18615,
16065,
23460,
44370,
52785,
52785,
10710,
26883,
35574,
29257,
10200,
40545,
18360,
39525,
67830,
63121,
47056,
43996,
18751,
7395,
68850,
60435,
39661,
34816,
26775,
31473,
68850,
35700,
45888,
44880,
52785,
51765,
24480,
9358,
23460,
19635,
32130,
39661,
39661,
7531,
23596,
26265,
29583,
18360,
28563,
11220,
52785,
31365,
10455,
16179,
24480,
40545,
39525,
35700,
18880,
23596,
15181,
18751,
23596,
2295,
40545,
40545,
39661,
23341,
39525,
55080,
47940,
12240,
39525,
31620,
33918,
12423,
63121,
14416,
10846,
23596,
31246,
34816,
39661,
40545,
17496,
25923,
10710,
52785,
46920,
15045,
40545,
41058,
19237,
33092,
68850,
62262,
62985,
60435,
68850,
29583,
23041,
30768,
18751,
17854,
26911,
39661,
40545,
26265,
54357,
47142,
28699,
9571,
34816,
34816,
17476,
24480,
34680,
35700,
51901,
67966,
49600,
40545,
43359,
46920,
43713,
68850,
28971,
35700,
21678,
10336,
39661,
22440,
49980,
68986,
63121,
26775,
40545,
35700,
25500,
10710,
24480,
32494,
15691,
18751,
34816,
53941,
43359,
59415,
39525,
36346,
47056,
37105,
51901,
38802,
65280,
39525,
31620,
27285,
34816,
63121,
34816,
34680,
32640,
67830,
63744,
31110,
39525,
37399,
39151,
43486,
58015,
51000,
12879,
28929,
23341,
39661,
46795,
40545,
22950,
59925,
64005,
32640,
10846,
23596,
31246,
37230,
39525,
31473,
32130,
34816,
39661,
39661,
36223,
23460,
24480,
32130,
40545,
35700,
35700,
31110,
39525,
28971,
34680,
42840,
40545,
34935,
23460,
39015,
23596,
3315,
39525,
46155,
-9177,
48960,
26401,
34816,
35700,
55080,
35700,
34612,
38386,
19635,
24480,
55080,
60435,
43175,
38975,
63282,
44231,
15691,
15436,
39431,
8584,
36219,
29583,
23715,
40545,
51510,
67830,
60435,
63744,
39661,
35700,
34680,
39525,
56739,
56100,
40545,
7531,
47940,
33399,
41820,
-6375,
53805,
27285,
40545,
18701,
39525,
68850,
64005,
55216,
59778,
44625,
47940,
18237,
31620,
68850,
25442,
40545,
14861,
23596,
34816,
35700,
59925,
35700,
47679,
40545,
50109,
39525,
32493,
24480,
23596,
3825,
64005,
35700,
67830,
35700,
16320,
40690,
20145,
19635,
47940,
53550,
49861,
15045,
8415,
51765,
39264,
40545,
67966,
63121,
23460,
67830,
29583,
15045,
26265,
68850,
35700,
34816,
47940,
55584,
30198,
34680,
42204,
20999,
24480,
62730,
40545,
31110,
39525,
39661,
28699,
10710,
32130,
62985,
68850,
32130,
18496,
39661,
10710,
24480,
22695,
35829,
22044,
10200,
39525,
29583,
15045,
23460,
24480,
15045,
18360,
39661,
18751,
15181,
39151,
24649,
34816,
31756,
28563,
20360,
68850,
40545,
43350,
46920,
10710,
32130,
62985,
18360,
40545,
34816,
7531,
39025,
2431,
15045,
67830,
39525,
39661,
10846,
23596,
18751,
26883,
53550,
55080,
47679,
64005,
47940,
38505,
59925,
23460,
19635,
24480,
39151,
58437,
67830,
63282,
67830,
34680,
34816,
46920,
46149,
22185,
47940,
51000,
68850,
32130,
35700,
39525,
26265,
35700,
67966,
49648,
60061,
33034,
15300,
32640,
52785,
12540,
15691,
28699,
2431,
79305,
35064,
29070,
32130,
60945,
31110,
40545,
35700,
26775,
24480,
16065,
67966,
39525,
27285,
40035,
34680,
67830,
60798,
39525,
23460,
15436,
23460,
16830,
52785,
24480,
23460,
23460,
52785,
32385,
63121,
25068,
34816,
39151,
43713,
57879,
26775,
28699,
19444,
18751,
15691,
42585,
20400,
62470,
29074,
27795,
31110,
68850,
16065,
20509,
23460,
1020,
48331,
23460,
24480,
12240,
52785,
44370,
31620,
32130,
40545,
39661,
11051,
47940,
32139,
28699,
39525,
29583,
10200,
59925,
63121,
39661,
40545,
31620,
34680,
23460,
47940,
47056,
39025,
67966,
55216,
65784,
36322,
57511,
31246,
35700,
42840,
39780,
47821,
28563,
19635,
30855,
31246,
33918,
15045,
31620,
29583,
11220,
39525,
35700,
35700,
47056,
15408,
47175,
35700,
9916,
26059,
18615,
52785,
19635,
15045,
34680,
31620,
64005,
59415,
35700,
16575,
15181,
47056,
50245,
39661,
35043,
54825,
37621,
39661,
39525,
66003,
72165,
48059,
10710,
15555,
23460,
20281,
46920,
46665,
47679,
10846,
51901,
24759,
51671,
51901,
54706,
67966,
39661,
34816,
31501,
63121,
51708,
54536,
29583,
19635,
37647,
39015,
23460,
19635,
39264,
26911,
23596,
19635,
31473,
39525,
43095,
36465,
15436,
19227,
51765,
39525,
40545,
62985,
67830,
64005,
68850,
20794,
59925,
29583,
16320,
51901,
20281,
39661,
23854,
10846,
39661,
23596,
23596,
15181,
50245,
63121,
34423,
34816,
10710,
24480,
34809,
28699,
25423,
29583,
24480,
18751,
18751,
44733,
71394,
39525,
51000,
28560,
29065,
26911,
20794,
18751,
31365,
15555,
38889,
24480,
19635,
51535,
45645,
23596,
26911,
28699,
23596,
59806,
39151,
16320,
42840,
47685,
29583,
18615,
59925,
32493,
39525,
39525,
39661,
40545,
35700,
10710,
29493,
7531,
34816,
28699,
2772,
23460,
31110,
52785,
43605,
-765,
27795,
22863,
7395,
51901,
15045,
32130,
32640,
24480,
18615,
47940,
24480,
7531,
51901,
43741,
50626,
24480,
34680,
32343,
60945,
52785,
46920,
16575,
32130,
39525,
68850,
63744,
35700,
31946,
51765,
47940,
36720,
67966,
63121,
47940,
16428,
24126,
28563,
24480,
38760,
3573,
18360,
26265,
39525,
12777,
23596,
34816,
39151,
39015,
67830,
40545,
16463,
23596,
10336,
39661,
20794,
23460,
32130,
39525,
47329,
20590,
23460,
52785,
44370,
12240,
24480,
18615,
66711,
67065,
39555,
24480,
19635,
7276,
60061,
40496,
32130,
64005,
32205,
34045,
42585,
5100,
21420,
35700,
64005,
46826,
40675,
67966,
19713,
31620,
40545,
11730,
18751,
51391,
26005,
18751,
47056,
39015,
52785,
52785,
63121,
39151,
67966,
23596,
18751,
10846,
28563,
24480,
23214,
15045,
35700,
26775,
31620,
10591,
23851,
23460,
10200,
52785,
27294,
15555,
42948,
32497,
63240,
68850,
49215,
39661,
29107,
51901,
18751,
18751,
63121,
59551,
54865,
33006,
28699,
10336,
31501,
31246,
28699,
18751,
60061,
39661,
30447,
26911,
23596,
18751,
18615,
26729,
28563,
15045,
47217,
43350,
53508,
43104,
34935,
29583,
11583,
26775,
28563,
11220,
66300,
13260,
73831,
35700,
26265,
39525,
63121,
56746,
28699,
19635,
39525,
31473,
15691,
23970,
8415,
15045,
34680,
62985,
47056,
23596,
26911,
39661,
39661,
35700,
26775,
23460,
2295,
35700,
15266,
39661,
28563,
11220,
40545,
46155,
34680,
10710,
24480,
64005,
35700,
24480,
43605,
40800,
59806,
32493,
42330,
34680,
31756,
34816,
7531,
51765,
44370,
16065,
18360,
23460,
19635,
51765,
48069,
32493,
39661,
39661,
39661,
64005,
62985,
59778,
64005,
47940,
15408,
40545,
34612,
37549,
10710,
16065,
39525,
47375,
63282,
65691,
55464,
45067,
18360,
39661,
37740,
44370,
21165,
15045,
46155,
52785,
47056,
43486,
67966,
23603,
29583,
16065,
15326,
39015,
23460,
19635,
44370,
40545,
40545,
26265,
39525,
38437,
16575,
38889,
16065,
16575,
23596,
24480,
51765,
48183,
68850,
43350,
52785,
35445,
40545,
24480,
59120,
47940,
43359,
26775,
42585,
28560,
29949,
10200,
27285,
60309,
28699,
17476,
34816,
54791,
10846,
23460,
24480,
11730,
35700,
24480,
16065,
44880,
44186,
34680,
34680,
26775,
40545,
29583,
18496,
28699,
31756,
23460,
23460,
52785,
18581,
23596,
28563,
11583,
64005,
26775,
36210,
26265,
32130,
39525,
35043,
10455,
47175,
43350,
68850,
35700,
10846,
23596,
39661,
26401,
31756,
39661,
7531,
23596,
11913,
39015,
29322,
28563,
10200,
68850,
68850,
62985,
34680,
15181,
26059,
16489,
42557,
43605,
24480,
40545,
29583,
18615,
46920,
16065,
40545,
34680,
23460,
23460,
10200,
43325,
47711,
21675,
52914,
24480,
19635,
39916,
67966,
67456,
52954,
42193,
60859,
42557,
22321,
23154,
18615,
32130,
55974,
43605,
15045,
39525,
39525,
24480,
44880,
51901,
67966,
18496,
23596,
18751,
47056,
40213,
42372,
51510,
28563,
23460,
24480,
44370,
35700,
18615,
30837,
47883,
80325,
12495,
31501,
26911,
23596,
18751,
15181,
39661,
26911,
59914,
18496,
39661,
57004,
10846,
39525,
28560,
50109,
29583,
10200,
26265,
31620,
40545,
31878,
15181,
63121,
26764,
26911,
15691,
24480,
33789,
38437,
35700,
10710,
39525,
28563,
19635,
43350,
46473,
44370,
12947,
25721,
8925,
36346,
31592,
31501,
23596,
12272,
52275,
39264,
59925,
35700,
32418,
18615,
47043,
68666,
34680,
37549,
18615,
15181,
35700,
26775,
35700,
19635,
22185,
39015,
24480,
15555,
18615,
30984,
67539,
51765,
55974,
68850,
62985,
39015,
51765,
47940,
24480,
31711,
29583,
18615,
17340,
23596,
39661,
26401,
15436,
18496,
29583,
11220,
37386,
39525,
24061,
29583,
23460,
23460,
52785,
52785,
67830,
31246,
40081,
40545,
20910,
40545,
35700,
32640,
28563,
11220,
56100,
53728,
40545,
15045,
58269,
26265,
40545,
51129,
26775,
40545,
19635,
31933,
11730,
21675,
9435,
31501,
28337,
20026,
39661,
50245,
42611,
43713,
64005,
34680,
27285,
9923,
39525,
28563,
16065,
19635,
10268,
37239,
39525,
68850,
46665,
54570,
68850,
57526,
10710,
16428,
35700,
34816,
63121,
63121,
67320,
59778,
68850,
40545,
34816,
18751,
21321,
34816,
35700,
33405,
17340,
36210,
26775,
67966,
54706,
51901,
38754,
23460,
40545,
64005,
53431,
58786,
34816,
36889,
20290,
23460,
10710,
68850,
64005,
55080,
23460,
23596,
18751,
26188,
67966,
60435,
39525,
26775,
38573,
29971,
15555,
24480,
16065,
39661,
67966,
39661,
34680,
27285,
39525,
29835,
36001,
39057,
59415,
42204,
34816,
23596,
28699,
23596,
51901,
15691,
18751,
10336,
35700,
26775,
39525,
7395,
52785,
35064,
16065,
39525,
39525,
28699,
23596,
19625,
24480,
27101,
34680,
31110,
34680,
23205,
39151,
28699,
10336,
31756,
39661,
31246,
67830,
64005,
35700,
43605,
36852,
28861,
26991,
32640,
39661,
34816,
10846,
30226,
20794,
26401,
29583,
19635,
39525,
34680,
18615,
16930,
39661,
29583,
15045,
35700,
39899,
10846,
39661,
28699,
7395,
23460,
44370,
62772,
43860,
47217,
43860,
46920,
43486,
63121,
63121,
55069,
15555,
23460,
52785,
27540,
20400,
18870,
55974,
64005,
55216,
39661,
28074,
31701,
18751,
17644,
10710,
39909,
52785,
44370,
18360,
39525,
34816,
39015,
51765,
52785,
47940,
54850,
33405,
10846,
54954,
28563,
15045,
67830,
25146,
29583,
26265,
15555,
18751,
15181,
35700,
53805,
26265,
15949,
31756,
40038,
26520,
40069,
48970,
39661,
23341,
38731,
34816,
34816,
24913,
13141,
34680,
47049,
28563,
16065,
35700,
32385,
47922,
39467,
40545,
29583,
22225,
39525,
34680,
39661,
32644,
23596,
19635,
35445,
42044,
15391,
26943,
24480,
23596,
19635,
38290,
53805,
34680,
18615,
16743,
20910,
35173,
53773,
30855,
39525,
42585,
31365,
47430,
34170,
30277,
34170,
46342,
39270,
20145,
18105,
48450,
39525,
47430,
42585,
39270,
18615,
18105,
35190,
40545,
46342,
42585,
31365,
47430,
34170,
48450,
39525,
48450,
42585,
15300,
31365,
48450,
62730,
48450,
48450,
48450,
44880,
9168,
21255,
14737,
16825,
14737,
15045,
-4441,
-14527,
-20655,
4458,
-43350,
14660,
3744,
-765,
5812,
12697,
-53,
1732,
5812,
5812,
5812,
-3825,
255,
5610,
20789,
14785,
8617,
12697,
5812,
1732,
255,
7905,
4383,
-2763,
4383,
4069,
22776,
8107,
4104,
-6351,
-16575,
-24242,
-1037,
-5882,
-3545,
-10982,
-21173,
-17078,
-6137,
-13515,
-54893,
-15555,
-35073,
-3842,
-9962,
1003,
-5100,
-19356,
-15045,
-5100,
1785,
3043,
-4060,
-22440,
-2157,
2193,
-6969,
-5882,
-5882,
-17102,
-5100,
-23058,
-9165,
-27516,
-9165,
-9415,
-12126,
3750,
-14249,
-2295,
-1275,
21917,
-11070,
-4097,
-16686,
-4311,
-15252,
-6137,
-13994,
-9435,
-9573,
-16153,
-22440,
-12495,
-22202,
-15317,
-24480,
-13260,
-8391,
-11220,
-7140,
-16320,
-9129,
-20145,
-20400,
-18105,
-15045,
-22185,
-12240,
-12257,
-15300,
-16065,
-15621,
-19288,
-16551,
-12829,
-18105,
-23436,
-13245,
-10965,
24735,
3570,
-9435,
-15045,
-5100,
-21675,
-14637,
-5882,
-4490,
-14974,
-22440,
-8925,
-12240,
-13491,
-22967,
-13022,
-10557,
-12240,
-16835,
-9165,
-20145,
-12240,
-20145,
-3060,
-21917,
-11220,
-18360,
-25245,
-20400,
-15317,
-22967,
-3842,
-10200,
-13005,
-3060,
-15300,
-11220,
-11220,
-20145,
-3649,
-2526,
13413,
-14280,
-10965,
-26265,
-5100,
-7395,
-15317,
-13277,
-16082,
-10982,
-28560,
-13260,
-17340,
-5882,
-13022,
-22185,
-9004,
-13260,
-30855,
-14564,
-21165,
-11220,
-5355,
-8925,
-23577,
-3060,
-16065,
-15045,
-5882,
-5882,
-29342,
-3842,
-16320,
-9573,
-26265,
-3708,
-20145,
-11220,
-7140,
20145,
1279,
-8925,
-10965,
-5100,
-18105,
-11988,
-3842,
-7922,
-10982,
-3842,
-24225,
-10965,
-10965,
-5882,
-19907,
-5100,
-6885,
-18360,
-21420,
-5100,
-15045,
3687,
-26098,
-15317,
-6902,
-20927,
-3842,
-9962,
-13022,
-5882,
-10965,
-18756,
-11128,
-20145,
-11220,
-12495,
-7140,
-10965,
-6258,
7024,
13728,
-13260,
-5307,
-14535,
-17340,
-13260,
-9573,
-20376,
-3988,
-10982,
-6626,
-22967,
-5882,
-10965,
-16320,
-15252,
-28913,
-4490,
-14042,
-13022,
-13022,
-4097,
-8925,
-12240,
-30855,
-6137,
-8177,
-18983,
-10965,
-18726,
-12495,
-9259,
-13260,
-11871,
-18105,
-19518,
-15062,
-5882,
-11220,
8670,
6613,
-15317,
-22185,
-10965,
-18105,
-15300,
-20145,
-8925,
-29355,
-13787,
-10982,
-13022,
-18377,
-18726,
-11475,
-5100,
-14297,
-13277,
-2918,
-6137,
-13212,
-9945,
-5100,
-15045,
-22185,
-13022,
-15317,
-13022,
-12240,
-20910,
-7395,
-12846,
-9180,
-5100,
-11624,
-23222,
-10217,
-14903,
-1785,
25269,
18364,
-19907,
-5882,
-33263,
-10965,
-24735,
-17340,
-20400,
-20910,
-20927,
-3842,
-9962,
-19380,
-5100,
-9004,
-15045,
-13022,
-5882,
-5882,
-15686,
-3060,
-8925,
-27795,
-10965,
-18105,
-18105,
-9180,
-5100,
-11871,
-12240,
-6630,
-10965,
-29325,
-3060,
-22440,
-3842,
-30090,
-5100,
-8925,
2922,
15555,
-17102,
-13022,
-18105,
-24480,
-18105,
-17697,
1003,
-16065,
-8925,
-24480,
-17340,
-17668,
-19947,
-11172,
-20034,
-13787,
-19397,
-4640,
-26669,
-9972,
-9573,
-20145,
-10965,
-21420,
-7395,
-17340,
-12846,
-5882,
-18105,
-12240,
-5100,
-19679,
-30345,
-10965,
-29342,
-18360,
-16161,
-4845,
13515,
3570,
-22185,
-10965,
-25836,
-5100,
-13260,
-20400,
-25262,
-11299,
-26775,
-18360,
-27885,
-15045,
-13260,
-12537,
-10965,
-21167,
-3842,
-13022,
-18105,
-17340,
-30855,
-10806,
-10965,
-13491,
-5100,
-14869,
-8925,
-3842,
-25500,
-20400,
-18105,
-7395,
-18105,
-24480,
-20954,
-11475,
-16065,
-21930,
19635,
5848,
-7140,
-34425,
-5355,
-14886,
-10965,
-8177,
-15317,
-30600,
-7395,
-9573,
-7140,
-16320,
-13260,
-18105,
-13022,
-18360,
-9786,
-10024,
-12240,
-23436,
-13224,
-8925,
-31620,
-10965,
-9180,
-5100,
-5882,
-4490,
-20145,
-15045,
-14535,
-13260,
-15045,
-27047,
-5882,
-20145,
-8925,
-16830,
13539,
2554,
-14280,
-5100,
-9573,
-7140,
-3060,
-8925,
-7140,
-26265,
-5882,
-10982,
-7922,
238,
-28709,
-13022,
-15827,
-3708,
-15142,
-13260,
-10965,
-25245,
-12495,
-20145,
-15045,
-14535,
-26265,
-10965,
-13022,
-29342,
-5093,
-25007,
-7140,
-7395,
-5100,
-5882,
-20927,
-3842,
-10982,
-3649,
19635,
13770,
-10806,
-20400,
-18360,
-16575,
-17340,
-3060,
-16065,
-8925,
238,
-18312,
-7395,
-11172,
-7395,
-12240,
-13022,
-12495,
-8001,
-4080,
-18360,
-21488,
-13260,
-15045,
-18105,
-5100,
-16320,
-18105,
-8177,
-23174,
-18122,
8770,
-18615,
-20910,
-11220,
-11814,
-13787,
-4490,
-25007,
-4080,
12519,
11985,
-15045,
-23205,
-9180,
-10965,
-18105,
-22185,
-8925,
-13005,
-8177,
-5100,
-22185,
-4845,
-12240,
-7395,
-17164,
-5100,
-3060,
-19397,
-3060,
-5355,
-11220,
-8925,
-3060,
-3060,
-11220,
-26520,
-15317,
-13319,
-13022,
-23222,
-9259,
-14121,
-22185,
-4490,
-11070,
-10982,
-13787,
-5865,
14790,
15542,
-15806,
-28050,
-9180,
-13260,
-13005,
-14777,
-3060,
-17340,
-2822,
-3060,
-8925,
-21420,
-11220,
-15300,
-15045,
-15045,
-10965,
-5882,
-19716,
-18360,
-37086,
-4490,
-5100,
-9573,
-14280,
-17340,
-15317,
-5882,
-10965,
-8925,
-12240,
-3060,
-18360,
-13277,
-5093,
-8177,
-25262,
-7746,
13909,
8908,
-9962,
-18105,
-3315,
-6120,
3043,
-3708,
-16065,
-8160,
-9962,
3687,
-7140,
-15045,
-9573,
-20145,
-5100,
-18105,
-18105,
-13277,
-6964,
-2040,
-18105,
-15905,
-11910,
-10200,
-11220,
-16065,
-7140,
-12240,
-15045,
-20400,
-11475,
-18105,
-18870,
-7922,
-13277,
-14273,
-5882,
-15634,
15810,
6103,
-5882,
-5100,
-11250,
-11475,
-2992,
-20145,
-13005,
-3060,
-12257,
-12495,
-11475,
-10806,
-20927,
-6137,
-32891,
-4895,
-6137,
-19397,
-8177,
-5882,
-13022,
-21437,
-15317,
-12078,
-25806,
-9573,
-16065,
-15918,
-22440,
-3060,
-16065,
-14886,
-22967,
-3842,
-16065,
-9004,
-5100,
-11730,
-2040,
-782,
-13583,
-5355,
-22440,
-10965,
-14535,
-7395,
-20400,
-13260,
-14435,
-17340,
-9573,
-24480,
-6137,
-12257,
-5882,
-11630,
-20927,
-5882,
-3842,
-3842,
-7922,
-14273,
-15317,
-17547,
-13022,
-20145,
-8925,
-33381,
-4490,
-25617,
-9573,
-8925,
-10982,
-10982,
-15124,
-19986,
-5100,
-1785,
2805,
17582,
-22967,
-14435,
-10982,
-20655,
-13005,
-4311,
-8925,
-16065,
-4113,
-5610,
-3842,
-22967,
-4490,
-3842,
-23732,
-23222,
-14025,
-3315,
3825,
-9573,
-10200,
-17340,
-14869,
-5100,
-5100,
-5882,
-10965,
-18105,
-20145,
2897,
-29342,
-13022,
-4490,
-24578,
-3060,
-15113,
-11220,
-11730,
28305,
10200,
-13933,
-28560,
-6137,
-7140,
-15045,
-20910,
-8925,
-10200,
-18360,
-8925,
-29342,
-6137,
-21692,
748,
-8925,
-12240,
-16095,
-2295,
-17850,
-12495,
-18870,
-15045,
-5100,
-13260,
-12846,
-18105,
-13987,
-5355,
-18360,
-36720,
-8177,
-15317,
-18360,
-12829,
-19011,
-3708,
-8925,
-18870,
20007,
13515,
-16320,
-5100,
-29627,
-3842,
-13022,
-23222,
-22440,
-7395,
-10965,
-24117,
-3842,
-15062,
-5882,
-14435,
-3060,
-15045,
-5100,
-15054,
-19110,
-3060,
-11220,
-15300,
-21420,
-8925,
-10200,
-15951,
-18615,
-20262,
-8925,
-16065,
-17867,
-18122,
-3213,
-15045,
-20400,
-31959,
-22808,
-5865,
29580,
8925,
-18105,
-20400,
-12035,
-5978,
-8177,
-14594,
-15045,
-10965,
-26010,
-10982,
-17,
-9416,
-10982,
-13277,
-22440,
-11220,
-11220,
-15317,
-23222,
-8177,
-3842,
-10982,
-20927,
-3708,
-8925,
-13626,
-7140,
-18105,
-22185,
5865,
-16082,
-4862,
-3060,
-14280,
-11220,
-16686,
-13005,
-5689,
18244,
1785,
-13260,
-35700,
-5882,
-12653,
-6137,
-10982,
-10982,
-15317,
-12257,
-9476,
-19049,
-4490,
-15062,
-21437,
-9962,
-4490,
-10982,
-18122,
-5882,
-22763,
-22967,
-3842,
-10982,
-10200,
-16910,
-3708,
-7140,
-9132,
-9435,
-12270,
-14901,
-13260,
-9573,
-19969,
-22185,
-3708,
-20145,
-20145,
6885,
13753,
-18105,
-16320,
-5100,
-15317,
-26537,
-4490,
-16065,
-5100,
-9004,
-13787,
-2805,
-34425,
-7140,
-12240,
-14535,
-13277,
-3842,
-22967,
-5882,
-5882,
-18105,
-22185,
-3060,
-24225,
-18105,
-25806,
-5882,
-3708,
-20145,
-10965,
-11288,
-12240,
-20145,
-8925,
-20400,
-30855,
-8925,
-11730,
-3060,
-5117,
-14869,
-19380,
-12240,
-15827,
-13022,
-29342,
-5355,
-15300,
-13005,
-26265,
-3060,
-16065,
-5355,
-22161,
-14869,
-5882,
-5882,
-5882,
-20400,
-14535,
-11299,
-20400,
-18360,
-6964,
-10965,
-17697,
-8012,
-20145,
-13005,
-5100,
-15238,
-11172,
-10086,
-15276,
4233,
-26265,
-5882,
-13005,
7905,
1275,
-7140,
-11288,
-11220,
-13277,
-10217,
-8177,
-30237,
-9573,
-13005,
-21486,
-22440,
-3060,
-16065,
-15300,
-10965,
-10965,
-16320,
-5100,
-4692,
-18870,
-4311,
-13005,
-18870,
-3842,
-8925,
-5355,
-27824,
-13260,
-9435,
-11220,
-19380,
-10965,
-8925,
-4687,
-18360,
-18726,
-22185,
-5865,
2805,
12499,
-14280,
-22185,
1044,
-4490,
-4097,
-13022,
-18959,
-20927,
-3060,
-8925,
-26010,
-30855,
-8925,
-13005,
-21165,
-14242,
-12240,
-12240,
-22185,
-10965,
-9573,
-27047,
-4490,
-15827,
-3060,
-3060,
-11220,
-17391,
-3842,
-3708,
-19969,
-20400,
-22185,
5100,
-7140,
-16065,
-5100,
-15634,
20145,
3825,
-9435,
-13260,
-18105,
-20927,
-3842,
-5882,
-17102,
-15827,
-5882,
-29342,
-3842,
-20233,
-22440,
-13316,
-3708,
-14280,
-13260,
-13260,
-14535,
-12240,
-7667,
-11910,
-16724,
-10448,
-20910,
-8925,
-10965,
-9573,
-10200,
-12495,
-13005,
-10965,
-12240,
-30600,
-3060,
-14280,
-3181,
-13071,
10965,
5634,
-8925,
-16065,
-6902,
-8177,
-2057,
-31004,
-18177,
-21059,
-10448,
3043,
-4964,
-10200,
-15045,
-12216,
-20910,
-7140,
-5100,
-5100,
-8925,
-21165,
-6137,
-8177,
-27047,
-3842,
-10982,
-13277,
-6276,
-16272,
-21420,
-3708,
-3060,
-8925,
-15300,
-18105,
-10200,
-8215,
-25083,
-9945,
-765,
-2822,
-22967,
-3842,
-10982,
-7922,
-5882,
-22967,
-12081,
-27047,
-5882,
-6785,
-20927,
-5100,
-11985,
-13491,
-9573,
-14280,
-16320,
-15045,
-10965,
-5238,
-7667,
-15317,
-16926,
-22967,
-13787,
-8925,
-27516,
-4692,
-18105,
-20145,
-5100,
-3708,
-16065,
-9435,
-4854,
-15300,
-13557,
-16626,
2295,
4318,
-17078,
-21437,
-3842,
-19133,
-5100,
-14886,
-17340,
-18105,
-17982,
-10200,
-14004,
-12202,
-12240,
-8012,
-10200,
-7922,
-18105,
-22185,
-18105,
-16065,
3825,
-22440,
-8925,
-13005,
-10200,
-14256,
-15192,
-32895,
-12216,
-13260,
-14535,
-22440,
-5355,
-18360,
-8925,
-33381,
-9573,
-13770,
6375,
-12767,
-5882,
-17102,
-19397,
-27047,
-9573,
-20145,
-7791,
-5100,
-26241,
-9573,
-3060,
-3060,
-11220,
-38760,
-7395,
-9962,
-8297,
-10965,
-33405,
-10965,
-18105,
-20910,
-3708,
-20145,
-30345,
-27912,
-10965,
-34680,
-7881,
-16320,
-10965,
-19356,
-22185,
-10965,
-16065,
-22799,
-26010,
-10965,
-3570,
-2822,
-21173,
-28322,
-5882,
-14273,
-17916,
-9259,
-20400,
-12240,
-22185,
-30597,
-5100,
-3708,
-13005,
-16065,
-21267,
-15837,
-5100,
-13260,
-28560,
-18615,
-13260,
-28551,
-20145,
-12829,
-18105,
-13022,
-15317,
-15317,
-1275,
-11299,
-13260,
-10965,
-13022,
-10982,
-5751,
-13022,
-18105,
-8925,
6375,
5100,
-22185,
-8177,
-19397,
-6137,
-14886,
-3060,
-10965,
-20400,
-12512,
-11237,
-13022,
-28964,
-8714,
-3060,
-20145,
-13260,
-20400,
-24480,
-3060,
-3842,
-10982,
-13739,
-8177,
-17340,
-5100,
-22185,
-5474,
-3077,
-13005,
-8925,
-13005,
-5882,
-8177,
-5882,
-12240,
-22185,
-5100,
-22950,
628,
-6072,
-11475,
-23436,
-13022,
-31382,
-4490,
-3842,
-6137,
-13787,
-10982,
-15062,
-18105,
-22185,
-5100,
-28560,
-11220,
-17316,
-13005,
-5100,
-5100,
-4490,
-3842,
-9694,
-8925,
-21127,
-12240,
-9180,
-12240,
-19125,
238,
-4490,
-15062,
-15827,
-5882,
-9962,
-7395,
-20400,
-18105,
-11730,
15951,
12907,
-33306,
-20910,
-5882,
-13022,
-20927,
-14552,
-14435,
-17102,
-9573,
-16065,
-5100,
-12240,
-10200,
-11988,
-5882,
-9573,
-7140,
-18105,
-11917,
-20927,
-5882,
-4490,
-28560,
-3060,
-15300,
-5052,
-15300,
-9132,
-15300,
-12495,
-10217,
-15317,
-15317,
-19221,
-13005,
-3060,
-11220,
-9690,
14790,
6120,
-12216,
-20400,
-25262,
-5882,
-18014,
-15530,
-10982,
-15990,
-20145,
-10176,
-11220,
-15300,
-26265,
-5100,
-13022,
-22440,
-5355,
-11220,
-18360,
-23238,
-5355,
-20927,
-6351,
-3708,
-7140,
-7395,
-24876,
-9573,
-16320,
-13005,
-10982,
-7922,
-18105,
15810,
-16320,
-21575,
-15827,
-393,
18105,
6814,
-7388,
-5882,
-19907,
-860,
-13022,
-13022,
-6854,
-20162,
-12240,
-16296,
-3708,
-13005,
-18105,
-26520,
-16120,
6333,
-10965,
-9573,
-3407,
-5100,
-12240,
-5882,
-8414,
-3842,
-16065,
4080,
-9565,
-14256,
-16993,
-36465,
-3842,
-16065,
-5447,
15810,
-12240,
-10200,
-14188,
-9945,
-33358,
-8619,
-53550,
-43860,
-41055,
-59415,
-33915,
-45135,
-59007,
-45135,
-33507,
-49470,
-50235,
-43095,
-39780,
-43860,
-33915,
-41055,
-49470,
-48960,
-43095,
-51000,
-49725,
-33507,
-41055,
-59415,
-33915,
-45135,
-39780,
-43860,
-39780,
-41055,
-57375,
-31875,
-24225,
-18870,
-39780,
-39780,
-39780,
-28050,
525,
-19088,
1273,
2143,
1273,
1020,
-4606,
-6787,
-8925,
-16438,
13260,
1075,
-21075,
-10710,
-2807,
1528,
508,
-11987,
-2807,
-2807,
-2807,
10200,
255,
-13005,
4750,
2398,
-7652,
1528,
-2807,
-11987,
255,
6885,
870,
-6443,
870,
-12055,
923,
-6887,
7069,
23258,
28050,
27217,
-6953,
-1853,
-1921,
7327,
18450,
12990,
11917,
22950,
16048,
28560,
6201,
-2108,
-11033,
2482,
-2295,
12679,
-8160,
-2295,
2040,
2227,
70,
1530,
7852,
2210,
-1555,
-1853,
-1853,
-1598,
-2295,
17697,
1016,
9233,
1016,
-2990,
5883,
4439,
24262,
7905,
6120,
-13385,
7338,
11662,
11304,
-326,
15915,
1972,
16102,
-7650,
846,
10211,
24225,
10965,
6307,
11662,
24480,
5100,
-9506,
4845,
-11730,
-2040,
4759,
1020,
14535,
10455,
-8160,
20400,
7140,
-6953,
14790,
10200,
14113,
14396,
16373,
-8019,
10455,
22624,
10961,
-3060,
-7905,
14535,
-7650,
10965,
-2295,
11730,
-7990,
-1853,
-2027,
-1446,
24225,
765,
7140,
9364,
20842,
7582,
1190,
7140,
1840,
1016,
1020,
7140,
20145,
-2550,
14363,
4845,
14280,
8925,
14535,
11662,
20842,
-2108,
6885,
-8415,
-2550,
-4335,
4845,
4845,
20145,
-12099,
8344,
1190,
-2295,
1020,
11220,
-2295,
1785,
11662,
11407,
15232,
7327,
26775,
5100,
-4080,
-1853,
7582,
20400,
-11079,
5100,
30855,
-2679,
18105,
4845,
1530,
765,
22849,
-2550,
10200,
-8160,
-1853,
-1853,
27217,
-2108,
-2040,
846,
11220,
-2469,
1020,
4845,
10965,
-16320,
20598,
765,
1020,
-2295,
10455,
12767,
-2108,
-11288,
7327,
-2108,
10965,
1020,
1020,
-1853,
2227,
-2295,
-6885,
14280,
17340,
-2295,
10965,
-6294,
23471,
11662,
15487,
20587,
-2108,
-11033,
7582,
-1853,
1020,
13788,
7001,
20145,
4845,
10965,
-11730,
1020,
81,
-21787,
535,
5100,
2655,
11220,
-4080,
5100,
846,
3368,
-2434,
7327,
-8372,
20842,
-1853,
1020,
-2040,
15915,
15170,
-2027,
24922,
7582,
7582,
11662,
765,
7140,
30855,
1972,
2227,
1746,
1020,
11559,
10965,
-7254,
5100,
-7887,
10455,
14106,
-1853,
-1853,
20910,
-2550,
11917,
11662,
20400,
1020,
10455,
24735,
20145,
765,
20588,
11152,
7327,
7582,
29257,
11559,
-7395,
-2295,
4777,
11407,
-3609,
1972,
-3465,
11220,
-2295,
10965,
1275,
7582,
11662,
7582,
7140,
14280,
1785,
4364,
-11475,
-2295,
2671,
24667,
-7208,
10926,
-3060,
-15881,
-2097,
2227,
-1853,
30816,
1020,
4590,
15045,
14535,
14280,
20587,
-2108,
-11033,
7650,
-2295,
-11079,
-8160,
7582,
-1853,
-1853,
13457,
-2550,
765,
12240,
1020,
10455,
10455,
-11475,
-2295,
-7887,
7140,
-10710,
1020,
7140,
-2550,
24225,
-2108,
14280,
-2295,
6375,
7986,
-5100,
-1598,
7582,
10455,
24480,
10455,
10625,
2482,
10200,
765,
24480,
-4080,
10961,
3437,
5970,
21865,
11152,
13957,
-1071,
25111,
4143,
846,
-2550,
1020,
5865,
1785,
-4080,
4364,
-1853,
10455,
7140,
-2295,
14447,
27795,
1020,
27217,
14280,
1049,
14535,
-5355,
14535,
1275,
1020,
10648,
-2295,
5100,
14535,
24922,
-6999,
20910,
14280,
11670,
10965,
5100,
-7115,
1020,
20838,
-2108,
7582,
10455,
15045,
30855,
4109,
1020,
9364,
-2295,
-7764,
765,
-2108,
8160,
14535,
10455,
1785,
10455,
16830,
21670,
4080,
10200,
8160,
-3570,
15487,
-11730,
30090,
1530,
-5071,
1020,
2227,
11662,
27030,
1785,
846,
-11730,
-2040,
5100,
10455,
7582,
14280,
29354,
7536,
7140,
22624,
10219,
765,
30345,
1020,
-11475,
-2295,
-1853,
-2027,
20145,
-8160,
11220,
5100,
-8160,
11662,
-1853,
20145,
765,
255,
4009,
14478,
-2295,
-2295,
846,
-11730,
-2550,
765,
-11730,
11220,
-1853,
7327,
-11288,
442,
25366,
7582,
11407,
-2469,
19973,
5100,
1020,
16320,
10965,
20145,
-8160,
11220,
11220,
1020,
7582,
27217,
116,
11407,
-11730,
1785,
-2295,
-1853,
20587,
-2108,
7327,
-12099,
-3570,
-510,
4109,
14535,
14280,
1785,
15045,
-2550,
10200,
765,
442,
15405,
1785,
5970,
1785,
7140,
7582,
10965,
16859,
16065,
14280,
748,
5100,
-8160,
10455,
-2295,
-2040,
10455,
2227,
25792,
15487,
-9167,
13515,
14280,
4845,
-6145,
11152,
-2027,
11407,
1020,
-17156,
-1020,
-8160,
18360,
-11475,
1020,
10455,
20400,
765,
-8415,
2227,
-2295,
1275,
3315,
7140,
1785,
-3684,
-2295,
-2550,
13957,
-2550,
3060,
4845,
765,
-2550,
-2550,
4845,
17085,
11662,
12452,
7582,
24667,
-7254,
10484,
20400,
-2027,
7338,
7327,
11152,
-12240,
1785,
-11855,
1318,
23715,
-11475,
5100,
-8415,
8498,
-2550,
15300,
8092,
-2550,
765,
17340,
4845,
-4335,
10965,
-8160,
1020,
-1853,
19573,
14280,
31449,
-2027,
-2295,
846,
-2295,
15045,
11662,
-1853,
1020,
-5865,
7140,
-2550,
14280,
11407,
116,
2227,
24922,
-8896,
-27397,
3502,
-11033,
10455,
10455,
14280,
1462,
-2469,
10200,
-3825,
-11033,
-6294,
-11730,
10965,
846,
1020,
-2295,
10455,
10455,
11407,
-11334,
6375,
10455,
23749,
7443,
6885,
4845,
10200,
-11730,
7140,
10965,
14535,
-7395,
10455,
14025,
-11288,
11407,
9806,
-1853,
1416,
-11985,
11662,
-1853,
-2295,
-1818,
17850,
5593,
20145,
10710,
-2550,
4522,
10965,
18615,
4109,
20587,
1972,
29207,
2754,
1972,
2482,
2227,
-1853,
7582,
14212,
11662,
-2937,
7123,
846,
10200,
7513,
24225,
-2550,
10200,
-5071,
20842,
-2108,
10200,
-11079,
-2295,
10200,
14280,
12172,
6290,
1530,
5100,
1020,
11220,
1785,
14535,
5100,
11233,
15045,
846,
16830,
1972,
4522,
-1853,
7408,
20587,
-1853,
-2108,
-2108,
-11288,
9806,
11662,
-98,
7582,
20145,
765,
16759,
-2027,
23104,
846,
765,
7327,
7327,
-3939,
10229,
-2295,
-3060,
15300,
-1655,
20842,
11233,
7327,
13770,
10710,
-326,
765,
10200,
2312,
15300,
-2108,
20842,
-2027,
-2108,
18292,
24667,
8160,
10455,
1020,
846,
6885,
15045,
-7764,
-2295,
-2295,
-1853,
1020,
10455,
20145,
1901,
27217,
7582,
-2027,
10835,
-2550,
5848,
4845,
-8925,
-3315,
-1275,
10826,
26775,
1972,
-11730,
-8160,
14280,
765,
6885,
14280,
765,
27217,
1972,
18037,
6307,
765,
7140,
22662,
8160,
24225,
10965,
14025,
-8160,
-2295,
5100,
4364,
10455,
-8758,
1530,
14280,
34170,
2227,
11662,
14280,
-8019,
1548,
-2469,
765,
510,
-14709,
2550,
-2040,
-2295,
27012,
-2108,
7582,
24667,
24225,
1785,
1020,
16544,
-2108,
-1853,
-1853,
11233,
-2550,
-8160,
-2295,
-5154,
14276,
-2550,
4845,
-4335,
17340,
765,
6885,
8688,
-1530,
3772,
765,
10200,
1972,
15487,
-146,
-8160,
14535,
32934,
23931,
-12240,
-9435,
10965,
10455,
14535,
12189,
15006,
2227,
-553,
10965,
1020,
23460,
7327,
4267,
9808,
7327,
11407,
24225,
4845,
4845,
11662,
24667,
2227,
-2108,
7327,
20587,
-2469,
765,
11814,
-11730,
10455,
20400,
765,
14722,
14467,
-2550,
-2295,
4845,
11304,
10710,
-11844,
-22042,
13005,
5100,
15810,
-1853,
-7445,
1972,
7327,
7327,
11662,
-6953,
5641,
1274,
-2027,
-1853,
14212,
-11033,
-2027,
7327,
15487,
-1853,
15980,
20842,
-2108,
7327,
6885,
1384,
-2469,
-11730,
5715,
-7650,
16542,
20484,
23715,
846,
1416,
20400,
-2469,
1020,
31365,
-15810,
2482,
10455,
-2040,
-2295,
11662,
22117,
-2027,
10200,
-2295,
-11079,
11152,
3060,
30090,
-11730,
7140,
11220,
11407,
-2108,
20842,
-1853,
-1853,
10455,
20400,
-2550,
10965,
10455,
18598,
-1853,
-2469,
1020,
1020,
2788,
7140,
20145,
765,
14535,
30855,
765,
-8925,
2040,
16507,
-7764,
13005,
7140,
11407,
7582,
27217,
1530,
-4335,
-8415,
11220,
-2550,
10200,
1530,
16504,
-7764,
-1853,
-1853,
-1853,
14535,
11220,
-6999,
14535,
14280,
-11334,
1020,
10625,
1553,
20145,
-8415,
-2295,
-6534,
5970,
5373,
19309,
3230,
11220,
-1853,
-2805,
1020,
5610,
-11730,
2788,
4845,
11407,
-7208,
2227,
26744,
846,
-8415,
17428,
24225,
-2550,
10200,
-4335,
1020,
1020,
-2040,
-2295,
-2125,
14025,
-326,
-8415,
14025,
-2108,
765,
1530,
16956,
5100,
-7650,
4845,
5610,
1020,
765,
26093,
14280,
11559,
20400,
-12240,
15300,
1218,
-2295,
1275,
-3896,
-2027,
11662,
7582,
16334,
20587,
-2550,
765,
23460,
30855,
765,
-8415,
18105,
-4933,
7140,
7140,
20400,
1020,
846,
11662,
-2027,
11407,
-2550,
-2550,
4845,
11968,
-2108,
-2469,
1416,
14535,
20400,
13260,
15555,
6630,
-2295,
1416,
-16320,
12750,
-7650,
5100,
10455,
20587,
-2108,
-1853,
-1598,
11407,
-1853,
27217,
-2108,
1031,
24225,
-3381,
-2469,
-2295,
5100,
5100,
11220,
7140,
13447,
7443,
11851,
21150,
17595,
765,
1020,
846,
6885,
10965,
-8415,
1020,
7140,
27030,
-2550,
-2295,
4495,
7483,
-6630,
13444,
765,
10200,
-1088,
2227,
4522,
29446,
1022,
16186,
21150,
2227,
-1224,
6885,
-8160,
3244,
17595,
-11730,
-2295,
-2295,
765,
18105,
1972,
2227,
11662,
-2108,
7327,
11407,
14002,
15150,
5865,
-2469,
-2550,
765,
-4335,
10455,
6885,
-9110,
9813,
4335,
-2040,
12427,
20842,
-2108,
7327,
-11288,
-1853,
20842,
-6557,
11662,
-1853,
2053,
20587,
-2295,
-13770,
9364,
846,
-2295,
-2040,
10965,
1020,
-10884,
13447,
11662,
-1202,
20842,
11152,
765,
13444,
-2125,
10455,
20145,
-2295,
-2469,
10200,
-7650,
3297,
-4335,
11245,
14518,
-20655,
2992,
12990,
14212,
-2108,
18195,
7140,
-5071,
15045,
10455,
11664,
6885,
-1419,
4502,
7140,
1553,
6885,
-11288,
10455,
20400,
10455,
10200,
1785,
24225,
765,
10710,
6885,
12934,
7653,
31110,
3244,
5100,
11220,
24225,
1530,
14280,
765,
12548,
846,
765,
-11475,
25687,
-1853,
-1598,
13957,
11662,
846,
1020,
1293,
-2295,
6683,
846,
-2550,
-2550,
4845,
34425,
1785,
-11033,
-488,
1020,
11730,
1020,
10455,
14280,
-2469,
1020,
27795,
27184,
1020,
17850,
-8486,
-2040,
1020,
12679,
20400,
1020,
10200,
4450,
23460,
-3060,
1785,
12427,
18450,
8857,
-1853,
9806,
18193,
-7254,
14535,
7140,
1275,
27074,
-2295,
-2469,
-8415,
10200,
21029,
7458,
-2295,
5100,
15300,
2040,
5100,
25403,
20145,
-8019,
10455,
7582,
11662,
11662,
4080,
-6999,
5100,
1020,
7582,
7327,
1038,
7582,
10455,
5355,
-11475,
2550,
20400,
2227,
2482,
1972,
14054,
-2550,
1020,
14535,
6817,
19822,
7582,
29191,
4330,
-2550,
20145,
5100,
14535,
24480,
-2550,
-2108,
7327,
12277,
2227,
-4080,
-2295,
20400,
-1683,
-6698,
10710,
765,
-8415,
-1853,
2227,
-1853,
7140,
1275,
-2295,
10455,
12772,
19995,
-7395,
22624,
7582,
27472,
-2027,
-2108,
1972,
11152,
7327,
-1853,
10455,
20400,
-2295,
26775,
4845,
12424,
-8415,
-2295,
-2295,
-2027,
-2108,
5625,
765,
677,
7140,
-11475,
7140,
1785,
442,
-2027,
-1853,
11407,
-1853,
-11033,
1785,
14535,
10455,
-8925,
4600,
1388,
26133,
14280,
-1853,
7582,
20587,
18547,
11233,
-1598,
846,
10200,
-2295,
7140,
6885,
9296,
-1853,
846,
-11730,
10455,
2278,
20587,
-1853,
-2027,
26775,
-2550,
-4335,
8265,
14790,
5715,
14790,
10965,
-7208,
11662,
11662,
2878,
10710,
-2550,
4845,
-9180,
1785,
8670,
3244,
14535,
24922,
-1853,
-4689,
11594,
7327,
-1737,
20145,
2989,
4845,
-4335,
11220,
-2295,
7582,
24225,
1530,
4845,
14280,
25262,
11475,
20587,
-71,
-2469,
-11730,
1785,
4863,
846,
-2040,
10710,
7327,
-11288,
10455,
-1275,
-2040,
20668,
11407,
-3234,
-16065,
178,
14141,
-1853,
2227,
1309,
7582,
7582,
16612,
-13073,
7140,
13189,
-2469,
-8415,
10455,
17085,
-5540,
4105,
1020,
846,
-3889,
-2295,
7140,
-1853,
13711,
-2108,
10200,
-18615,
15579,
12293,
10316,
30345,
-2108,
10200,
-3634,
-1275,
7140,
6885,
24596,
23715,
12929,
-3499,
10965,
17340,
13515,
33405,
4080,
4335,
33575,
4335,
4250,
20145,
23715,
4080,
7395,
17340,
4080,
13515,
20145,
26520,
4080,
7650,
20655,
4250,
13515,
33405,
4080,
4335,
7395,
17340,
7395,
13515,
33150,
3825,
5355,
8415,
7395,
7395,
7395,
2550,
-43767,
-14155,
-10730,
-7424,
-10730,
-10455,
-565,
-8776,
-3570,
2176,
4080,
-10697,
1698,
-6375,
-14045,
-16850,
-5885,
-10730,
-14045,
-14045,
-14045,
-10710,
-5610,
-13005,
-14907,
-13544,
-13535,
-16850,
-14045,
-10730,
-5610,
-16830,
3816,
-10831,
3816,
-4731,
-10847,
-9710,
-38318,
-31137,
-40800,
-44557,
-17782,
-24412,
-18413,
-10132,
-13744,
-15004,
-19057,
-6885,
-4760,
-15300,
-4494,
-18292,
-21097,
-27217,
-25500,
-11543,
-14025,
-25500,
-28305,
-21097,
-8162,
-18615,
-29840,
-27659,
-19454,
-24412,
-24412,
-12937,
-25500,
-16446,
-12518,
-19152,
-12518,
-4847,
-16002,
-21615,
-37681,
-69360,
-48960,
-61470,
-10396,
-12937,
-4233,
-21743,
-23469,
-22627,
-16261,
-20400,
-13164,
-3324,
-12495,
-15555,
-22372,
-20587,
-18615,
-21675,
-18428,
-15555,
-16065,
-14025,
-19656,
255,
-13515,
-9180,
-14025,
-14280,
-17340,
-25432,
-20655,
-3060,
-9552,
-10179,
-14307,
-8048,
-9180,
-16643,
-17618,
-27540,
-71655,
-54060,
-20400,
-22440,
-25500,
-12240,
-13379,
-24412,
-20236,
-7224,
-12495,
-11220,
-17340,
-19703,
-13192,
-16252,
-16694,
-17340,
-16986,
-12518,
255,
-17340,
-8160,
-19380,
-10907,
-15555,
-7395,
-9180,
-13515,
-20587,
-13192,
-18292,
-11220,
-7905,
-19380,
-12240,
-15555,
-15555,
-8160,
-35843,
-51323,
-57239,
-7905,
-17340,
-10965,
-25500,
-29835,
-20587,
-14467,
-19567,
-10132,
1275,
-21675,
-18360,
-24412,
-16252,
-14280,
-22328,
-21675,
-3060,
-12838,
-12495,
-15555,
-23715,
-11220,
-4312,
-19380,
-3060,
-14025,
-24412,
-24412,
2363,
-18292,
-14025,
-13164,
-10965,
-21324,
255,
-15555,
-24225,
-64515,
-54143,
-11220,
-17340,
-25500,
-9180,
-4721,
-18292,
-14977,
-10132,
-18292,
-4845,
-17340,
-17340,
-24412,
-18037,
-25500,
-12750,
-7395,
-6885,
-25500,
-22440,
-17499,
-264,
-20587,
-18037,
-7072,
-18292,
-21097,
-16252,
-24412,
-17340,
-2232,
-14004,
-8160,
-15555,
-15555,
-16065,
-17340,
-32799,
-61245,
-62329,
-21675,
-26529,
-21675,
-18360,
-21675,
-13164,
-12777,
-22164,
-10132,
-16030,
-13192,
-24412,
-17340,
-14025,
-23469,
-14344,
-20236,
-9877,
-16252,
-16252,
-12937,
-11220,
-17340,
-3060,
-22627,
-28747,
-16490,
-17340,
-10353,
-15555,
-20543,
-21675,
-21357,
-9180,
-10104,
-6817,
-24412,
-29325,
-66810,
-67252,
-20587,
-14280,
-17340,
-9180,
-17085,
-8160,
-11220,
-1105,
-15232,
-10132,
-16252,
-20332,
-10353,
-26520,
-25500,
-14977,
-14467,
-21335,
-22627,
-8934,
-22950,
-25500,
-22440,
-5865,
-16252,
-20587,
-16252,
-17340,
-14280,
-29835,
-20893,
-22185,
-25500,
-17974,
-11407,
-19312,
-19805,
-45135,
-85748,
-65363,
-18037,
-24412,
-7310,
-17340,
-4590,
-26775,
-13515,
-14280,
-7072,
-18292,
-21097,
-7905,
-25500,
-22328,
-14025,
-16252,
-24412,
-24412,
-19539,
-19380,
-11220,
-7905,
-17340,
-9180,
-9180,
-22185,
-25500,
-21357,
-17340,
-14535,
-17340,
-12240,
-19380,
-12495,
-18292,
3315,
-25500,
-36975,
-65949,
-70125,
-12937,
-16252,
-9180,
-18615,
-9180,
-8534,
-27217,
-3060,
-11220,
-18615,
-18360,
-11825,
-21620,
-18369,
-6498,
-15232,
-697,
-24918,
-634,
-19932,
-13164,
-14280,
-17340,
-23460,
-29835,
-18360,
-20893,
-24412,
-9180,
-17340,
-25500,
-25228,
-10455,
-17340,
2363,
-7395,
-11458,
-44880,
-67065,
-54060,
-5865,
-17340,
-11097,
-25500,
-21675,
-13515,
-17527,
-26663,
2040,
-7395,
7464,
-22440,
-21675,
-10054,
-17340,
-8370,
-18292,
-16252,
-9180,
-26775,
-3060,
-14773,
-17340,
-19703,
-25500,
-14168,
-11220,
-18292,
-3570,
-13515,
-9180,
-29835,
-9180,
6375,
-13999,
-9945,
-3060,
-28815,
-61710,
-66232,
-16065,
9435,
-23715,
-11458,
-17340,
-28747,
-20587,
-4845,
-29835,
-13164,
-16065,
-14025,
-21675,
-9180,
-16252,
-7395,
-7633,
-30233,
-17340,
-16643,
-18396,
-11220,
-24990,
-17340,
-22185,
-25500,
-24412,
-20236,
-8160,
-14025,
-21675,
-21675,
-14025,
-9877,
-24412,
-8160,
-11220,
-19380,
-51578,
-54143,
-7905,
-25500,
-13164,
-16065,
-19380,
-11220,
-16065,
-10965,
-24412,
-10132,
-14977,
-20587,
-6754,
-16252,
-21352,
-21324,
-5821,
-21675,
-17340,
-15555,
-15555,
-8160,
-14025,
-21675,
-10965,
-17340,
-16252,
2363,
-20655,
-3757,
-16065,
-29835,
-25500,
-24412,
-7072,
-18292,
-10132,
-35843,
-61710,
-59415,
-14773,
-13515,
-7395,
-12240,
-26775,
-19380,
-3060,
-11220,
-20587,
-10209,
-29835,
-18369,
-29835,
-17340,
-16252,
-15555,
-12478,
-27285,
-7395,
-17765,
-21675,
-14025,
-9180,
-25500,
-14025,
-9180,
-28747,
-14221,
-25687,
-24571,
-1785,
-14280,
-15555,
-10529,
-15232,
-20236,
-3757,
-49470,
-21743,
-36465,
-14025,
-18615,
-22185,
-17340,
-9180,
-14280,
-11220,
-7905,
-28747,
-25500,
-5865,
-13515,
-17340,
-29835,
-18503,
-25500,
-19380,
-697,
-19380,
-18870,
-15555,
-11220,
-19380,
-19380,
-15555,
255,
-20587,
-17381,
-16252,
-11407,
-20543,
-20893,
-14280,
-20236,
-10396,
-10132,
-15232,
-41820,
-49215,
-31125,
-13990,
-6120,
-22185,
-21675,
-7905,
-4532,
-19380,
-7650,
-23902,
-19380,
-11220,
-6885,
-15555,
-12240,
-22440,
-14025,
-17340,
-24412,
-8292,
-7395,
2142,
-20236,
-25500,
-13164,
-7905,
-26775,
-20587,
-24412,
-17340,
-10200,
-17340,
-19380,
-7395,
-14467,
-20655,
-28747,
-17527,
-45373,
-67620,
-39712,
-21097,
-9180,
-17340,
-22440,
-24412,
-21324,
-3060,
-16830,
-21097,
-17499,
-16065,
-22440,
-13164,
255,
-25500,
-9180,
-9180,
-14467,
-16208,
-28305,
-9180,
-9118,
-12916,
-11220,
-15555,
-3060,
-16065,
-17340,
-22440,
-13515,
-26520,
-9180,
-8160,
-14977,
-14467,
-18615,
-24412,
-38903,
-74970,
-68017,
-24412,
-25500,
-18360,
-13515,
-16252,
-8160,
-16320,
-19380,
-8857,
-15555,
-10200,
-14773,
-7072,
-22627,
-5525,
-23133,
-22627,
-17272,
-28747,
-24412,
-16252,
-6817,
-20587,
-22386,
-9792,
-13164,
-3060,
-7145,
-12495,
-19380,
-3060,
-11458,
-13192,
-18292,
-3060,
-22328,
-25500,
-42075,
-42840,
-40987,
-8449,
-23715,
-4080,
-17340,
-21675,
-29835,
-13515,
-21675,
-17176,
-26775,
-13164,
6375,
-22627,
-8857,
-24412,
-12076,
-7072,
-24412,
-18292,
-18292,
-14977,
-18615,
-20587,
-14253,
-16252,
-8160,
-11220,
-5168,
-20236,
-10432,
-13164,
-11220,
-10132,
-10132,
-12383,
-27268,
-25500,
-45135,
-52275,
-64275,
-13192,
-17176,
-10132,
-7905,
-16320,
-21743,
-11220,
-3060,
-24221,
-18360,
-18292,
-13192,
-20236,
-18292,
-11152,
-11407,
-4845,
-17340,
-25500,
-13164,
-11220,
-26775,
-14168,
-25500,
-25500,
-24412,
-17340,
-9180,
-8160,
-24969,
2363,
-16252,
-20236,
-3889,
-19380,
-16745,
-15555,
-33660,
-86190,
-46920,
-19104,
1275,
-22627,
-16065,
-14025,
-14280,
-11220,
-11220,
-7395,
-11220,
2363,
-22627,
-5032,
-25432,
-11220,
-17340,
-14280,
-15555,
2040,
-15555,
-8160,
-14025,
-25500,
-21675,
-20893,
-9180,
-15497,
-23715,
-7395,
5100,
-28747,
-20587,
-7395,
-8048,
-13197,
-21324,
-11220,
-25500,
-77169,
-68595,
-14025,
-25500,
12,
-18292,
-16252,
-11407,
-12495,
-29835,
-17340,
5968,
-18292,
-6817,
-24412,
-17176,
-19380,
-14025,
-25500,
-16894,
-9458,
-19380,
-15555,
-12240,
-6885,
-11220,
-11220,
-20847,
-32895,
-15560,
-11220,
-3060,
-11917,
-25687,
-22702,
-14025,
-13515,
5409,
-10625,
-41820,
-86190,
-62985,
-9180,
-13515,
-14973,
-16490,
-28747,
-8966,
-22440,
-17340,
0,
-10132,
-18802,
-12196,
-10132,
-14467,
-12495,
-15555,
-15555,
-20587,
-11407,
-28747,
-18292,
-10132,
-7072,
-21324,
-11220,
-17493,
-16065,
-9180,
-14280,
-19380,
-3757,
-15232,
-19380,
-7905,
-15555,
-4233,
-16320,
-41963,
-72720,
-62475,
-21675,
-5865,
-24412,
-20269,
-22627,
-10132,
-10132,
-20587,
-25432,
-23743,
-13702,
-20236,
-6817,
-6817,
-21097,
-20236,
-10132,
-25687,
-24412,
-6409,
-13192,
-18292,
-10132,
-11220,
-14215,
-21324,
-16065,
-12249,
-20400,
-7395,
-10608,
-14280,
-13164,
112,
-14280,
-21324,
255,
-32895,
-59160,
-75412,
-9180,
-14025,
-25500,
-20587,
-16252,
-20236,
-3060,
-25500,
-22328,
-15232,
-7395,
9435,
-16065,
-17340,
-21675,
-14467,
-18292,
-13192,
-24412,
-24412,
-9180,
-14280,
-19380,
-4845,
-9180,
6783,
-24412,
-21324,
255,
-17340,
-31025,
-17340,
-8160,
-11220,
-13515,
-3060,
-11220,
-33660,
-51000,
-51442,
-14168,
-23715,
-17340,
-21352,
-16252,
2363,
-23715,
-12240,
-7905,
-10965,
-19380,
-3060,
-23715,
-16643,
-14168,
-24412,
-24412,
-24412,
-13515,
-21675,
-26663,
-13515,
-7395,
-16208,
-17340,
-8534,
-22172,
-8160,
-7905,
-25500,
-17860,
-18369,
-29007,
-9248,
-35819,
-10965,
-24412,
-33660,
-45900,
-42075,
-16065,
-31025,
-15555,
-14467,
-19312,
-28747,
-5252,
-13164,
-7905,
-1392,
-12495,
-19380,
-3060,
-12240,
-17340,
-17340,
-14025,
-25500,
-24854,
-8160,
-21743,
-7905,
-8160,
-18292,
-11220,
-23715,
-15898,
-21675,
-20400,
-15555,
-17340,
-17340,
-11220,
-16531,
-7395,
-10353,
-14280,
-41820,
-52275,
-57203,
-7905,
-5865,
-24038,
-20236,
-12937,
-16252,
-18557,
-7072,
-19380,
-11220,
0,
-3060,
-11220,
-7905,
-12495,
-13712,
-17340,
-17340,
-14280,
-17340,
-13164,
-9877,
-20236,
-21352,
-19380,
-19380,
-15555,
-2652,
-18292,
-21324,
112,
-13515,
-14280,
-20400,
-14025,
-17595,
-25500,
-38903,
-64515,
-56355,
-20400,
-21675,
-9180,
-7072,
-18292,
-24412,
-12937,
-21352,
-24412,
2363,
-18292,
-9,
-12495,
-17215,
-21324,
-7905,
-21675,
-21675,
-21675,
-17340,
-11407,
-12916,
-3694,
-16024,
-6120,
-11220,
-17340,
-13164,
-11220,
-15555,
-7905,
-17340,
-17340,
-4845,
-19380,
-7905,
-15672,
-35307,
-62475,
-71468,
-11220,
-3060,
-20587,
-28747,
-24922,
-11089,
-15443,
-14149,
-16024,
-21097,
-17034,
-11220,
-14025,
-19703,
-6120,
-16065,
-25500,
-25500,
-11220,
-12495,
-22627,
-28747,
-9877,
-18292,
-10132,
-14467,
-18084,
-4089,
-23460,
-21324,
-19380,
-11220,
-12240,
-9180,
-11220,
-18571,
-6066,
-41310,
-46665,
-47107,
-13192,
-18292,
-10132,
-14977,
-24412,
-13192,
-25575,
-9877,
-24412,
-24571,
-7072,
-25500,
-11220,
-19703,
-13164,
-7905,
-14025,
-22440,
-17340,
-10359,
-11407,
-20587,
-13080,
-13192,
-15232,
-11220,
-13328,
-24854,
-9180,
-8160,
-25500,
-21324,
-3060,
-20400,
-18201,
-12240,
911,
-21012,
-51510,
-55267,
-15004,
-6817,
-18292,
-7624,
-11730,
-11458,
-26775,
-9180,
-10902,
-11220,
-13293,
-23147,
-17340,
-22172,
-11220,
-14977,
-9180,
-14280,
-9180,
-3060,
-22185,
-12495,
-11220,
-16320,
-11220,
-18683,
-19467,
-9180,
-19703,
-21675,
-21675,
-12495,
-23715,
-7395,
-11220,
-10992,
-13164,
-32640,
-54825,
-44047,
-24412,
-12937,
-697,
-9877,
-13164,
255,
-24672,
-25500,
-4617,
-13164,
-19380,
-19380,
-15555,
-1020,
-29835,
-21097,
-21052,
-17340,
-1530,
-17340,
-9180,
-14280,
-21324,
255,
-10455,
-14767,
-17340,
-1530,
-16898,
-14025,
-17340,
-11543,
-14280,
-17340,
-3060,
-16299,
0,
-27540,
-51765,
-47107,
-13744,
-8602,
-24412,
-18615,
-13887,
-20543,
-13515,
-17340,
-5865,
5143,
-25500,
-21324,
-7905,
-3060,
-6902,
-11772,
-25500,
-21675,
-15300,
-18360,
-21675,
-11007,
-8160,
-8048,
-9180,
-16252,
-20587,
-20587,
-26010,
-26663,
-21675,
-17340,
-16252,
-10132,
-18552,
-16252,
-9180,
-41565,
-54825,
-56355,
-14280,
-28747,
-17272,
-22627,
-19873,
-19380,
-17340,
-13515,
-20077,
-28492,
-16252,
-4969,
-12724,
-19380,
-8160,
-21675,
-13515,
-18615,
-19380,
-18292,
-10132,
-18046,
-28747,
-18360,
-25500,
-14280,
-23766,
-23902,
-16320,
-11220,
-7905,
-24412,
-28747,
-24412,
-17340,
-5865,
-25500,
-30600,
-46552,
-34944,
-26520,
-16643,
-16252,
-3757,
-20236,
-18292,
-22627,
-15232,
-10132,
-6817,
-9180,
-14280,
-25500,
1275,
-15555,
-5423,
-7905,
-25500,
-25500,
-20236,
-18292,
-11604,
-11220,
-7337,
-17340,
-22185,
-17340,
-19125,
-20587,
-20236,
-6817,
-21352,
-24412,
-21097,
-29835,
-13515,
-9180,
-33660,
-66782,
-56557,
2343,
-14280,
-24412,
-16252,
-7072,
-9622,
-17176,
-12937,
-13164,
-3060,
-25500,
-17340,
-11220,
-12564,
-24412,
-13164,
-16065,
-9180,
-16252,
-7072,
-24412,
-20236,
1275,
-19380,
-12240,
-14544,
-20655,
-12249,
-20655,
-15555,
-19312,
-20587,
-20587,
-17415,
-16320,
-19380,
-15555,
-27540,
-49215,
-52020,
-19703,
-13515,
-17527,
-24412,
-12069,
-21473,
-10132,
-9601,
-8160,
-13583,
-15555,
-12240,
-10965,
-25500,
-16252,
-12495,
-23715,
-15555,
-7395,
-19121,
-20145,
-7072,
-27863,
-21324,
-16065,
-29835,
-5037,
-13164,
-14025,
-16320,
-10132,
-14977,
-9180,
-43605,
-14025,
-9016,
-21352,
-40959,
-70635,
-22897,
-21420,
-24412,
-18037,
-26458,
-16252,
-16252,
-20851,
-18802,
-17340,
-24803,
-21324,
-7905,
-9180,
255,
-16531,
-32494,
-17340,
-13164,
-19869,
-25500,
-17340,
-24412,
-16504,
-18292,
-3060,
-26520,
-19672,
-9972,
-5844,
3315,
-18292,
-3060,
-25989,
-43605,
-17340,
-11220,
-13749,
-30600,
-45515,
-58895,
6120,
-11730,
-6630,
5865,
-14790,
-3315,
6511,
-3315,
-14144,
2805,
3825,
2805,
-6630,
-11730,
-14790,
-6630,
2805,
2550,
2805,
4845,
-3570,
-14144,
-6630,
5865,
-14790,
-3315,
-6630,
-11730,
-6630,
-6630,
11985,
-8670,
-21420,
-24735,
-6630,
-6630,
-6630,
-32895,
-14653,
-56314,
-37228,
-31834,
-37228,
-36975,
-42897,
-24131,
-14280,
-58670,
-46920,
-36172,
-55869,
-43350,
-32128,
-37993,
-33148,
-32128,
-32128,
-32128,
-32128,
-27540,
-32895,
-69105,
-44690,
-32599,
-37993,
-37993,
-32128,
-32128,
-32895,
-42840,
-26736,
-37228,
-26736,
-31616,
-51318,
-38503,
-26615,
-34442,
10200,
6239,
-14416,
-9316,
-8804,
-17476,
-14688,
-16473,
-24106,
-25245,
-9418,
-12495,
-15288,
-8551,
-9316,
-15181,
-9180,
-15650,
-10200,
-9180,
-15045,
-14416,
-19582,
-8925,
-10397,
-13991,
-20046,
-9316,
-9316,
-18241,
-9180,
-26853,
-8624,
-22202,
-8624,
-27487,
-22797,
-16601,
2453,
-9180,
-10965,
-32859,
-17509,
-23341,
-16635,
-4940,
6924,
-2176,
7553,
-2040,
-9678,
-18393,
-6630,
-10965,
1394,
-11866,
-7395,
-3825,
-4940,
-3060,
-8415,
-18105,
-6295,
-18360,
-12750,
-19125,
-10200,
-13770,
-18105,
-2941,
2295,
-18360,
-14977,
-12333,
-9197,
-9435,
-19125,
-10295,
-3269,
-26775,
-6885,
-11985,
-2040,
-4845,
-9180,
-7140,
-9146,
-9316,
-8794,
-17509,
-6630,
-9435,
-18105,
-14630,
-13906,
-18241,
-9146,
-18105,
-14630,
-8624,
-18360,
-18105,
-13005,
-8415,
-22615,
-3060,
-11985,
1275,
-12750,
-11866,
-13906,
-8551,
-17340,
-9435,
-8415,
-3060,
-3060,
-3060,
-13005,
-17850,
-7490,
-8381,
-17340,
-10200,
-13770,
-9180,
-2805,
-11866,
-11101,
2159,
-17476,
-16320,
-3825,
-3825,
-9316,
-18241,
-13770,
-9180,
-3825,
-9945,
-3060,
1275,
-3060,
-2040,
-9435,
-14357,
-8415,
-18360,
-10200,
-9316,
-9316,
-16456,
-8551,
-18105,
-9678,
-13770,
-8658,
-18360,
-3060,
-28050,
-7395,
-12323,
-9435,
-10200,
-9180,
-19125,
-21833,
-8551,
-8551,
-17476,
-8551,
-13005,
-10200,
-10200,
-9316,
-4981,
-9180,
-28050,
-11985,
-7395,
-9180,
-4845,
-2028,
-14058,
-11866,
-10081,
-13141,
-8551,
-9316,
-18241,
-9316,
-10200,
-17187,
-17688,
-13005,
-3060,
-10965,
-8415,
-10200,
-19113,
-18614,
-23356,
-3825,
2589,
-11730,
-3825,
-3825,
-9678,
-16337,
-8763,
-17476,
-8551,
-13906,
-9316,
-10200,
-18105,
6924,
-7718,
-8794,
-19006,
-18241,
-18241,
-23341,
-9435,
-18105,
-9945,
-2176,
-2941,
-13016,
-10200,
-17400,
-10965,
-2040,
-3825,
-8007,
-19125,
-5343,
-17476,
-9316,
-22695,
-10710,
-11866,
-11866,
-13770,
-10200,
-19125,
-19635,
-13005,
-9435,
-4063,
-4216,
-17476,
-18241,
-13396,
-17400,
-2805,
-9180,
-12631,
-11101,
-9191,
-2176,
2334,
8160,
-9180,
-4845,
-19125,
-18241,
-11866,
-18241,
-18105,
-5865,
-2805,
-4975,
-9180,
-9180,
-11578,
-6766,
-2176,
-13016,
-18615,
-4940,
-7733,
-4981,
-9316,
-11996,
-10200,
-21420,
1530,
-12750,
-5865,
-13141,
-8551,
-9316,
-13515,
-9180,
-9180,
-10200,
-18241,
-9316,
-9316,
-984,
-8415,
-9435,
-1020,
-10200,
-19125,
-19125,
-9180,
-9180,
-8007,
-18105,
-35190,
-10200,
-24990,
-8415,
-6630,
-8551,
-14025,
-9180,
-27540,
-14268,
-30090,
-18241,
-18241,
-19125,
-7395,
-19125,
-18071,
-15181,
-18360,
-9435,
-7395,
-3825,
-17216,
-1557,
1569,
-8290,
-4216,
-20791,
-10374,
-15403,
-15270,
-9678,
-15300,
-10200,
1530,
-2805,
-3825,
-4975,
-9316,
-19125,
-18105,
-9180,
-19713,
-8415,
-10200,
-16456,
-11985,
-12115,
-20145,
-18360,
-11985,
-19125,
-10200,
-13957,
-9180,
-3825,
-12750,
-7531,
-2805,
-15300,
-11985,
-19950,
-4845,
-3825,
-3721,
-10200,
-12330,
-8551,
-18241,
-19125,
1530,
-9945,
-4210,
-10200,
-14630,
-9180,
-10200,
-9435,
-8551,
-7395,
-12750,
-19125,
-2805,
-19125,
-21675,
-3931,
-11730,
-18360,
-8160,
765,
2159,
-8415,
-17340,
-2040,
-4210,
-10200,
-2941,
-11866,
-17085,
-2805,
-9678,
-8415,
-18105,
-3825,
-19125,
-18241,
-11985,
-7015,
-13515,
-18105,
-10295,
-4510,
-9435,
-13260,
-10200,
-9180,
-9180,
-9316,
-8794,
-13005,
-10200,
-11730,
-3825,
-10200,
-13906,
-9316,
-13005,
-9435,
-27795,
-11060,
-4418,
-17340,
-9180,
-9678,
-8415,
-8415,
-9435,
-8415,
-13770,
-9316,
-17476,
-8551,
-10591,
-16168,
-18241,
-4981,
-8658,
756,
-3825,
-10200,
-24990,
-10965,
-13005,
-10200,
-11730,
-13770,
-10200,
-18241,
-16456,
-5076,
-13141,
-8415,
-2805,
-9180,
-9316,
-13141,
-8551,
-17476,
-17850,
765,
-35955,
-4210,
-12750,
-11985,
-10965,
1530,
-8415,
-18360,
-9435,
-10591,
-7356,
-2805,
1569,
-2805,
-18105,
-18241,
-10965,
-5995,
-12750,
-11985,
-8143,
-3825,
-10200,
-19125,
-9180,
-18105,
-19125,
-2941,
-2137,
1394,
-1144,
-20655,
-5865,
-3060,
-13416,
-4216,
-8794,
-13141,
-12240,
-19220,
-12240,
-10200,
510,
-9180,
-10200,
-19125,
-13770,
-9435,
-9435,
-2941,
-9180,
-19125,
-11475,
-18105,
-2805,
-3825,
-9180,
-8415,
-20791,
-8415,
-26010,
-3060,
-9435,
-8415,
-8415,
-3060,
-22440,
-11866,
1498,
-18241,
-6766,
-2040,
-12880,
-13770,
-8794,
-17509,
-17476,
-4216,
-18615,
-14535,
-43569,
-18241,
-14790,
-9180,
-3825,
-9435,
-16750,
-8415,
-18870,
9809,
-8415,
-9435,
-7395,
-3060,
-3060,
-4845,
-10200,
-10200,
-9316,
-13192,
-11985,
-16380,
-8794,
-9180,
-9678,
-17340,
1530,
-11866,
-9316,
-10200,
-11475,
-18105,
-8415,
-11985,
-11101,
-5076,
-2941,
-7531,
-13390,
-2549,
-6001,
-9316,
-19125,
-32385,
-19125,
-23596,
-8658,
-18360,
-16065,
-9316,
-2028,
-8415,
-4845,
-9678,
-18360,
-9180,
-19125,
-19125,
-11101,
-8415,
-18870,
-19125,
-17419,
-17824,
-17340,
-3060,
-18360,
-8415,
-18105,
-4845,
-12750,
-2805,
-19125,
-5100,
-8551,
-11101,
-14766,
-9316,
-14280,
-1785,
-4981,
-9316,
-9180,
-13569,
-27030,
-25670,
-13005,
-4080,
-8415,
-11866,
-10965,
-17850,
-4210,
-13141,
-2176,
578,
-3234,
-2176,
-11866,
-2941,
-9316,
-18241,
-21556,
-11866,
3762,
-12172,
-9678,
-18360,
-8222,
-6630,
-8415,
-18360,
-4210,
-13906,
-8551,
-18360,
-9180,
-9180,
-14280,
20910,
-1666,
-11288,
-2040,
-11985,
-10200,
-11730,
-2805,
-12750,
-3825,
-4459,
1530,
-9678,
-21675,
-2176,
-11866,
-9316,
-17719,
-13141,
-9316,
-8551,
-8551,
-8551,
-14766,
-11866,
-16516,
-18241,
-13005,
-9435,
-11315,
-8794,
-15122,
-9678,
-9435,
-17476,
-17476,
-3060,
-10840,
-9180,
-18615,
-10965,
-7869,
-13906,
-4459,
-17476,
-21420,
-4080,
-4940,
-9435,
-18360,
-3098,
-16830,
-8551,
-13906,
-8794,
-8551,
-15181,
-6766,
-19380,
-32385,
-23460,
-9678,
-17340,
1530,
-10200,
-9180,
-9180,
-9316,
-10200,
-19125,
-13005,
-14628,
-16456,
-18241,
-8794,
-13328,
-8415,
-14518,
-3060,
-19635,
-26010,
-43350,
-4428,
-16320,
-2176,
-8415,
-10200,
-5865,
-9435,
-17340,
-11985,
-9435,
-16456,
-2176,
-14416,
-8041,
-9435,
-18105,
-23514,
-17340,
-29580,
-10965,
-5100,
-10200,
-9180,
-3825,
-4975,
-19125,
-10016,
-2040,
-11985,
-10965,
-2941,
-11866,
-11985,
-9435,
-16932,
-8658,
-9435,
-28560,
-9678,
-11475,
-18105,
-9180,
-16556,
-8551,
-18241,
-6766,
-6630,
-2805,
-10200,
-21532,
-8551,
-17476,
-9316,
-4459,
-8415,
-10200,
-9180,
-7783,
-4289,
-8415,
-3060,
-3060,
-7395,
-9435,
-17340,
-2652,
-8670,
-13457,
-9435,
-18360,
-4216,
1394,
-976,
-10200,
-12750,
-4518,
-7916,
-18615,
-18105,
-4080,
-19125,
-12750,
-12159,
-18116,
-2941,
-11762,
-4845,
-10200,
-14025,
-17476,
-3451,
-17614,
-17476,
-11101,
-6630,
-3060,
-3060,
-11866,
-6766,
-2941,
-8551,
-17476,
-13141,
-8658,
-9435,
-2355,
-8415,
-19125,
-13770,
-22695,
-27421,
-18496,
-8415,
-17340,
-3060,
-16635,
-4080,
-18615,
-9689,
-32385,
-3825,
-2805,
-9316,
-8143,
-2176,
-17476,
-17476,
-11866,
-2941,
-1246,
-15938,
-8794,
-17476,
-21556,
-9316,
-8794,
-17476,
1394,
-9316,
-20978,
-13906,
-8551,
-17476,
-17340,
-17527,
-8658,
-8415,
2334,
-2040,
-21729,
-36780,
-28050,
-9678,
-18360,
-13770,
-8658,
-18360,
-23715,
-17085,
-2941,
-19125,
-18105,
-9180,
-11866,
-1921,
-8794,
-18360,
-9180,
-9180,
-4216,
-10710,
-17340,
-8415,
-18105,
-11730,
-11101,
-8551,
-13906,
-9316,
-9316,
-19125,
-13770,
-8415,
-13005,
-19125,
-21097,
-9316,
-8658,
-18360,
-10200,
-14263,
-18105,
-13005,
-9435,
-12750,
-9945,
-9435,
-19635,
5100,
3944,
-10200,
-23970,
-18105,
-4981,
-18241,
-16456,
-2040,
-3060,
-9435,
-13770,
-8415,
-18360,
-2040,
-2390,
-10200,
-9316,
-9316,
-9316,
-12750,
-11730,
-2805,
-12750,
-11985,
-8415,
-10200,
-18071,
-12820,
-13005,
-9435,
-9180,
-6541,
1569,
-1632,
-9530,
-16796,
-13770,
-9316,
-27540,
16575,
6375,
-8415,
-14263,
-3060,
-11101,
-2176,
-2941,
-16942,
-9678,
-9435,
-15997,
-6630,
-8415,
-18360,
-3060,
-10200,
-10200,
-18105,
-9180,
-8126,
-5100,
-4940,
-9435,
-5100,
-8551,
-9435,
-2040,
-7395,
-3825,
-2040,
-3060,
2295,
-10200,
-9435,
-5109,
-11985,
-17400,
-13770,
-18615,
-10965,
-8753,
-17340,
-19125,
925,
-8794,
-23341,
-18241,
-11248,
-13141,
-8415,
-9435,
-14025,
-9945,
-9435,
-9435,
1275,
-2876,
-18105,
-18105,
-13770,
-10200,
-9678,
-13906,
-8794,
-4981,
-8415,
-8415,
-3060,
-17782,
-8551,
-8658,
-18360,
-12750,
-13770,
-2295,
-27030,
-15300,
-9180,
-14280,
-7395,
-31620,
-2040,
-3825,
-19125,
-13141,
-8551,
-9316,
-18241,
-4981,
-9316,
-16456,
-8551,
-18393,
-6630,
-15270,
-8658,
-17340,
-3825,
-3825,
-11730,
-18105,
-5491,
-17824,
-19738,
-15198,
-14280,
-9435,
-10200,
-9678,
-17340,
-10965,
-9435,
-10200,
-18105,
-17085,
-8415,
-17340,
-17150,
-17272,
-17085,
-1370,
-9435,
-18360,
9809,
-2941,
-4216,
-9793,
-14766,
-14128,
-15198,
-14416,
-8993,
-17340,
-10200,
-6725,
-14280,
-8415,
-9180,
-9180,
-9435,
1275,
-2176,
-2941,
-13906,
-8551,
-17476,
-11101,
-20214,
-6591,
1530,
-8658,
-8415,
-9435,
-3060,
-19125,
-17340,
-4940,
-6183,
-13260,
-1275,
-2431,
-13906,
-8551,
-17476,
-8551,
-9316,
-13906,
-2941,
-13906,
-9316,
-2419,
-13141,
-9180,
-43095,
-14630,
-9678,
-17340,
-18105,
-4845,
-10200,
-34668,
-5491,
-11866,
-18241,
-13906,
-4216,
-9435,
-10295,
-8126,
-19125,
-13005,
-9180,
-8658,
-18360,
-2040,
3078,
-3060,
-11881,
-29512,
7650,
6494,
-16473,
-21556,
-8551,
-13923,
-4335,
-4210,
1530,
-19125,
-20367,
-17340,
-3060,
-3641,
-18105,
-12820,
-17340,
-8551,
-19125,
-13770,
-19125,
-18360,
-14280,
-6630,
-9435,
-4080,
-17340,
-605,
-6240,
-10710,
-6725,
-3825,
-11730,
-6630,
-2040,
-11985,
-9435,
-23222,
-9678,
-13515,
7650,
1904,
-9316,
-18241,
-20791,
-13906,
-9678,
-18360,
-8007,
-9180,
-17357,
-9678,
-8415,
-8415,
-3060,
-11730,
-2805,
-9316,
-9736,
-10200,
-9180,
-10200,
-19125,
-5865,
-8658,
-18360,
-8415,
-8747,
-10200,
-17085,
-31715,
-18105,
-10200,
-15650,
-13770,
-10200,
-18360,
-21182,
-14025,
-26775,
11985,
-2431,
-14688,
-8296,
-9316,
-14766,
-8602,
-2040,
-12750,
-18105,
-19125,
-15832,
-9180,
-8658,
-9435,
-18360,
-13447,
-16290,
-9180,
-3825,
-7395,
-11730,
-3825,
-9197,
-13005,
-9435,
-19125,
-18241,
-11866,
-11866,
-4080,
-2805,
-3825,
-10200,
-18241,
-17476,
-7242,
-18241,
-19125,
-20145,
7650,
6630,
-13770,
-2941,
-11866,
-2176,
1145,
-8415,
-10200,
-12750,
-17731,
-4471,
-18241,
-9028,
-14641,
-8415,
-13005,
-3825,
-12750,
-7395,
-8415,
-8551,
-17476,
413,
-2941,
-3825,
-9180,
-13770,
-8262,
-15181,
-4080,
-9435,
-9435,
-9316,
-2941,
-9316,
-18105,
-19125,
-9180,
-23205,
21374,
9219,
-2805,
-10295,
-18241,
-17221,
-8794,
-8551,
-2176,
-4216,
-17476,
-17476,
-19125,
-13770,
-9180,
-16320,
-3060,
-14885,
-9435,
-9180,
-9180,
-8794,
-8551,
-15866,
-9435,
-18941,
-18105,
-9180,
-18105,
-4845,
-10591,
-8794,
-17476,
-4981,
-9316,
-9316,
-2805,
-12750,
-19125,
-19635,
2977,
-7699,
-19482,
-5865,
-9316,
-18241,
-13141,
-27421,
-4459,
-18241,
-9678,
-18360,
-9180,
-18105,
-17340,
-12737,
-9316,
-9678,
-8415,
-19125,
-11390,
-13141,
-9316,
-8794,
-16320,
-8415,
-3060,
294,
2295,
2334,
2295,
-10965,
-2176,
-11866,
-11866,
-11866,
-4080,
-8415,
-3060,
-18870,
-14535,
-37995,
-6725,
-12750,
-7531,
-9316,
-12488,
-5234,
-17476,
-17824,
-13005,
-5960,
-3060,
-3060,
-13770,
-9180,
-18241,
-6630,
-2040,
-3060,
-11985,
-8453,
-23970,
-13141,
-5705,
-8658,
-8415,
-2805,
-17952,
-9678,
-18105,
-4080,
-17476,
-8551,
-19125,
-1020,
-18105,
-13384,
-4981,
-18093,
-8160,
-31084,
-20631,
-9316,
-4981,
-13594,
-18241,
-18241,
-5452,
-14416,
-18105,
-1370,
-8658,
-9435,
-19125,
-22440,
-6725,
-11371,
-10200,
-9678,
-17547,
-9180,
-18105,
-9316,
-25003,
-8551,
-18360,
-1530,
-27421,
-15572,
-18708,
-18105,
-8551,
-18360,
-18312,
-1020,
-18105,
-17340,
-19218,
-28305,
-37468,
-46343,
-42585,
-26010,
-39270,
-38250,
-30345,
-39270,
-37196,
-39270,
-29291,
-42585,
-28560,
-38505,
-31365,
-26010,
-30345,
-39270,
-42585,
-34170,
-38505,
-40290,
-27030,
-29291,
-39270,
-38250,
-30345,
-39270,
-31365,
-26010,
-31365,
-39270,
-37485,
-29580,
-31110,
-23205,
-31365,
-31365,
-31365,
-43095,
