# 470 (shape [1, 8, 32, 32]),
-10438,
-52530,
-57120,
-37994,
-39525,
-59160,
-48960,
-26948,
-46155,
-83313,
-48476,
-65535,
-61200,
-49980,
-46950,
-60759,
-45133,
-41166,
-27682,
-21420,
-65349,
-26244,
-35453,
-38505,
-29070,
-35190,
-47940,
-29878,
-22695,
-47430,
-34898,
-40785,
-46410,
23573,
17457,
17934,
43972,
15276,
50745,
46920,
74002,
-10710,
29376,
20655,
35813,
14163,
30601,
46155,
8415,
63729,
41760,
28666,
-7419,
48426,
26343,
21906,
56718,
57351,
18211,
20288,
54036,
28726,
45111,
62860,
7446,
48450,
9625,
6375,
33915,
17214,
37383,
7395,
21,
765,
7720,
10200,
34102,
28305,
2805,
51000,
37621,
29580,
18081,
5841,
39246,
30511,
20655,
35955,
23340,
48450,
54825,
36465,
58395,
33729,
13491,
83640,
32202,
-830,
23205,
6630,
945,
11961,
20376,
3803,
11961,
45609,
-5100,
6885,
26265,
47310,
30600,
25245,
55515,
43581,
10686,
41346,
21396,
30795,
55335,
13260,
24405,
32182,
15300,
14535,
32260,
27701,
40576,
105706,
41823,
28560,
33660,
4440,
19125,
-3084,
32616,
18336,
21906,
42255,
6885,
21165,
29325,
45780,
20400,
18870,
28281,
14922,
33660,
16326,
45016,
26496,
31110,
35040,
11665,
53401,
38250,
-32385,
23385,
31365,
36111,
52032,
30855,
8346,
29835,
10674,
23205,
33891,
25731,
62706,
50109,
26010,
33660,
9945,
16086,
21165,
2740,
42330,
6096,
56586,
9945,
11920,
51000,
25500,
24990,
29325,
49087,
44476,
57033,
-15045,
22440,
21165,
57885,
48348,
-9392,
13701,
45088,
7650,
14280,
48426,
45576,
34588,
1251,
45264,
15531,
45876,
24711,
50976,
45756,
42674,
42330,
20145,
6885,
21420,
8925,
16117,
-3315,
23460,
21165,
49701,
41055,
44880,
18513,
40680,
12822,
46155,
15555,
42231,
62706,
29742,
44601,
31341,
1891,
21491,
25119,
14766,
51163,
44856,
27516,
34587,
39756,
22998,
5610,
22695,
38760,
15276,
25500,
8100,
12495,
7977,
16830,
26775,
38760,
22695,
21420,
25500,
45726,
52173,
27130,
43020,
14256,
-6957,
-5444,
41713,
58881,
9921,
7080,
22801,
61578,
-20270,
36050,
27540,
18846,
43581,
43035,
13005,
3765,
18081,
43095,
34935,
23472,
-1299,
38250,
-4910,
51126,
36720,
33170,
37206,
29159,
62730,
30630,
61686,
41286,
22161,
19101,
25476,
26964,
11013,
3031,
46641,
32802,
510,
16320,
255,
34401,
52761,
45519,
48171,
29520,
47151,
15531,
46386,
34029,
17850,
28249,
7235,
35955,
59880,
29835,
48585,
42585,
77775,
-1904,
57204,
1275,
50116,
32871,
32616,
-10479,
28791,
-24,
-6144,
-35469,
27865,
-2040,
17850,
-4104,
57895,
7881,
43972,
40356,
46266,
16737,
39246,
46386,
40221,
31620,
28323,
28050,
63631,
28305,
-6099,
2295,
60880,
38250,
48960,
9625,
42585,
8646,
46386,
12216,
16551,
46896,
36186,
33126,
26241,
10431,
29046,
3036,
54036,
36117,
44805,
13236,
54801,
52514,
40629,
54756,
31620,
-7140,
33762,
64515,
54549,
64260,
4343,
15490,
28995,
41019,
41624,
45135,
429,
-534,
33636,
9945,
21420,
30090,
15531,
13491,
79927,
44856,
27261,
42442,
15531,
44044,
19611,
-10479,
55497,
43167,
27285,
33030,
34911,
28914,
765,
-5865,
34706,
11706,
46386,
-1542,
24790,
46641,
53526,
14001,
-15207,
24735,
57120,
64312,
1465,
20325,
33057,
42138,
44091,
28731,
32792,
56331,
-13386,
26496,
48579,
16236,
26548,
-510,
19635,
17085,
17826,
40635,
18360,
24480,
17826,
66786,
49377,
12741,
82110,
27516,
20376,
-16089,
-8694,
26265,
21165,
28236,
26265,
9180,
36322,
36186,
37647,
46896,
60366,
30174,
12301,
35676,
46266,
17502,
26686,
44673,
17061,
4776,
48705,
-1785,
15300,
-10224,
50211,
16584,
67739,
20489,
83592,
35886,
44246,
35356,
30321,
5574,
16575,
22179,
42330,
23877,
25221,
26056,
-12009,
49072,
30066,
11196,
47661,
44731,
23276,
37971,
20886,
35166,
-4359,
21482,
-4495,
20400,
9876,
7812,
13005,
30276,
52020,
28863,
54570,
-5822,
69105,
47685,
26010,
15276,
64644,
41031,
54936,
51024,
17571,
85911,
28886,
37716,
42816,
36696,
52506,
57606,
19356,
67041,
34170,
27795,
3492,
24480,
52275,
49350,
34425,
9375,
13005,
21930,
50421,
45876,
121056,
5100,
46155,
1530,
28560,
21930,
45135,
-1095,
45366,
46386,
78261,
69216,
54223,
14766,
30648,
-3594,
15531,
1506,
26496,
43972,
34170,
19125,
34680,
43836,
20631,
45297,
38634,
21651,
40186,
-6755,
-1530,
45434,
54327,
11184,
58760,
12430,
29325,
3505,
9945,
40266,
46572,
4756,
57885,
5671,
35279,
29556,
8925,
18360,
60705,
68595,
18801,
26520,
39270,
-4910,
9180,
43972,
-1878,
36186,
46386,
46386,
34935,
16152,
13260,
29046,
63495,
31851,
29835,
38760,
47940,
2550,
19380,
21141,
6732,
-1095,
77520,
14040,
48705,
-6038,
35700,
6682,
8035,
14051,
26265,
-1275,
27900,
14535,
20145,
38991,
17178,
40776,
55756,
24966,
25552,
33433,
37505,
46267,
85425,
255,
57351,
28536,
43071,
25731,
27597,
21651,
40521,
43173,
8058,
26775,
34935,
48936,
27285,
9180,
37995,
41358,
56745,
26520,
17595,
17595,
68502,
12403,
5832,
38866,
67646,
33891,
28815,
27030,
23460,
27516,
63766,
30345,
73494,
75852,
79758,
-279,
231,
62995,
58296,
41991,
-3849,
19254,
7371,
60037,
68826,
28026,
20022,
43972,
55080,
13587,
-17902,
23391,
-6654,
22695,
61353,
45503,
41796,
44414,
14025,
42075,
24225,
43326,
70890,
-22808,
-5408,
-2482,
23175,
28139,
9411,
57351,
59901,
34401,
45111,
19866,
162,
38671,
42969,
3291,
25152,
46335,
59913,
59752,
39246,
32301,
48426,
29580,
4845,
36975,
27447,
36000,
47661,
41796,
26751,
18405,
69540,
-43593,
63350,
32385,
21162,
5403,
29325,
28305,
10710,
53781,
85362,
19611,
27924,
48521,
41476,
32037,
2656,
-537,
17898,
-9435,
43860,
30819,
-6654,
53227,
9274,
34010,
45016,
25476,
3226,
37206,
24966,
53781,
87975,
17157,
9038,
27216,
34656,
55311,
32130,
29835,
4335,
16347,
16992,
29236,
3822,
10200,
60945,
16545,
12809,
25221,
-315,
46665,
28236,
5542,
11451,
36720,
26265,
27285,
44727,
510,
35445,
33267,
31110,
64134,
88360,
38436,
24225,
42975,
43836,
30771,
51136,
17850,
11730,
5796,
34950,
30507,
49701,
45016,
9437,
29580,
52387,
-3060,
47430,
20910,
-380,
35795,
-2829,
35120,
34680,
7140,
6120,
12444,
10665,
2550,
23205,
30507,
66237,
37347,
60156,
10941,
70611,
33381,
57351,
31341,
31365,
-255,
15300,
54801,
63096,
57375,
16065,
6885,
42996,
36975,
27795,
23205,
25491,
53271,
12981,
15531,
15531,
5535,
22440,
13118,
40800,
37995,
30600,
33660,
98685,
60436,
49191,
-10734,
68418,
43972,
38412,
47661,
23613,
28560,
-11535,
18867,
4056,
8706,
17826,
36951,
11803,
-3357,
-834,
25500,
34350,
20631,
46386,
13168,
74946,
34401,
48681,
37971,
22416,
21114,
31491,
27759,
56877,
23511,
85911,
40266,
17061,
43407,
37230,
43095,
43986,
24201,
766,
47031,
37461,
47814,
27030,
23205,
22575,
-520,
45986,
25500,
29956,
24065,
4821,
24201,
46062,
39237,
30852,
32361,
12916,
6561,
37693,
31365,
46680,
38841,
62337,
32616,
39501,
34911,
25635,
21165,
37621,
29997,
48936,
34401,
41286,
42696,
12240,
21165,
19788,
68595,
54825,
39015,
1275,
33660,
46410,
-1044,
42445,
43734,
34146,
25731,
50976,
-2898,
45390,
48585,
44115,
28422,
-3315,
51000,
45900,
21247,
-2295,
28815,
48450,
24201,
31782,
38617,
40521,
24966,
33660,
33660,
14706,
18651,
42773,
25500,
18615,
17485,
23970,
33567,
43972,
28026,
37591,
29301,
6861,
8901,
47654,
12216,
55080,
5489,
52275,
66555,
94350,
54246,
44370,
105825,
96390,
71841,
79815,
60435,
92055,
47175,
59922,
92310,
27285,
44625,
86955,
38505,
75480,
34680,
24126,
53061,
72831,
66555,
84405,
65301,
57120,
56796,
47087,
75060,
148665,
24182,
28050,
15045,
-22641,
1020,
14280,
-21675,
9722,
-5100,
-15825,
3600,
18360,
9435,
-38505,
15804,
-798,
-48547,
18180,
-2995,
17850,
-798,
-23775,
9909,
-23205,
-6630,
-5355,
5610,
-6690,
-6120,
53805,
-45713,
3780,
40545,
22987,
18558,
-2425,
-6449,
-3444,
-9435,
-26520,
-88641,
-9180,
2805,
8415,
-190,
772,
15269,
1020,
-5100,
-44870,
-34671,
-5202,
12111,
-3699,
5039,
-12624,
-28623,
-20784,
31780,
-16213,
-45774,
-23079,
-46822,
25534,
47151,
-15555,
20655,
8160,
1275,
37679,
-561,
3060,
-26511,
-19125,
12568,
2295,
8500,
26520,
-11475,
-11220,
-14990,
-30345,
-6504,
-17469,
-31239,
8796,
-33915,
-36720,
-3246,
-6885,
-33150,
-9945,
-5100,
13711,
-17214,
510,
22827,
3570,
-2040,
45135,
3489,
-7524,
-12114,
195,
-18999,
-5982,
37995,
32385,
-9180,
7464,
7905,
5355,
-31239,
-5739,
-894,
-33764,
10326,
18114,
11220,
27285,
-3651,
-40701,
22950,
-17340,
10744,
-5798,
-27247,
20200,
28659,
-12750,
765,
8151,
-5100,
-10329,
-40164,
8796,
-12624,
1449,
36210,
6120,
-30600,
-15231,
5610,
-6630,
-31494,
-19656,
-29580,
19669,
-5045,
15936,
2295,
14016,
-10965,
-49207,
1020,
-8415,
-5436,
33150,
-7287,
9651,
58395,
41532,
8670,
31503,
16320,
-639,
20016,
-12879,
-18948,
-15300,
765,
2550,
-22941,
-44115,
5865,
-12240,
6246,
-12114,
17850,
23460,
-18105,
-21930,
-14025,
16065,
-22816,
35095,
-32717,
-3315,
6120,
6120,
-36210,
-55794,
62324,
19602,
-3785,
17595,
6375,
27921,
-2029,
-30644,
-15174,
-15888,
10071,
-5306,
12876,
-15174,
2490,
13451,
-20655,
-8925,
-12240,
-18870,
-17085,
-5766,
23205,
-7140,
-15810,
-7524,
-8415,
20910,
12308,
-16251,
-2565,
2550,
44115,
-9837,
-2424,
603,
-8544,
-8544,
6280,
-32263,
-5535,
19761,
-15344,
-14154,
-27414,
-3222,
-32514,
-3969,
9435,
12240,
3570,
-6504,
-3570,
26292,
5865,
5595,
32895,
5865,
-765,
8670,
-4080,
-22950,
-2943,
14331,
1982,
-2979,
19251,
-21573,
-49089,
-16308,
-27414,
-5229,
-2796,
160,
-57154,
13039,
-6379,
7650,
-9819,
-11094,
-9153,
-4590,
15165,
-35829,
-27030,
-6630,
-4808,
-4974,
-12495,
21165,
15958,
16065,
-6208,
-5994,
-5419,
18105,
19545,
-11604,
13386,
-13134,
5226,
19251,
-12366,
-32274,
10537,
2393,
6987,
510,
13260,
-14535,
-21549,
-10839,
11669,
-7014,
-22431,
-16194,
10071,
-5739,
-6951,
4080,
-19661,
3056,
2040,
-19240,
5865,
30159,
-13005,
-12750,
34735,
-22695,
-9435,
-17795,
-14664,
-639,
19251,
-31239,
-15939,
-3189,
21036,
33733,
27285,
-22950,
11856,
-11090,
-5994,
-6449,
-4264,
6060,
5967,
-23334,
-5739,
19356,
-20910,
-7376,
-42075,
-1475,
7395,
11484,
-6120,
19890,
31620,
7650,
38505,
-20400,
15171,
-4464,
636,
-26649,
-77394,
-7269,
-2424,
-4974,
-22824,
-9564,
16956,
15936,
-2193,
-7269,
14151,
-18744,
-17637,
-22158,
-33,
-5610,
6885,
-14467,
-12240,
31188,
14535,
-24330,
-13515,
-31992,
8812,
-16640,
4845,
-15489,
-20784,
-17214,
-21930,
7395,
-49215,
10071,
-5994,
-2114,
-894,
-37359,
-29144,
10071,
-5189,
50106,
7266,
-27702,
-27045,
-7140,
-32316,
-8289,
22779,
7395,
-36975,
-13288,
-21804,
-22569,
-11499,
-16635,
25968,
12366,
36336,
-19956,
-13515,
-22440,
-13161,
6630,
-43176,
24582,
27208,
-4464,
17586,
-4996,
-8544,
-9624,
4716,
21087,
22083,
-27315,
10710,
-765,
-4845,
-31239,
-15355,
-8415,
-11220,
-31239,
13896,
-13668,
-5529,
-18105,
23163,
10836,
10071,
-129,
-22185,
6120,
21897,
-9180,
1530,
-22514,
14406,
-25143,
-15174,
-18859,
-30726,
3322,
14661,
6060,
-7803,
10581,
-11619,
3696,
14511,
-6120,
50745,
18870,
-3954,
-16194,
-7234,
-25220,
31556,
-10722,
71622,
-1796,
-1149,
11091,
-39387,
11475,
-52059,
-20655,
7242,
13641,
15062,
-1914,
-19199,
7776,
-5994,
-21039,
37645,
-898,
7011,
6246,
-7524,
-10074,
-5746,
-13519,
19890,
741,
-7803,
-23715,
3282,
-20145,
2151,
-5610,
74054,
26520,
12240,
-15300,
-6504,
-3495,
-14919,
8610,
-6579,
636,
3951,
-5998,
-1914,
-26649,
-5739,
-34554,
-36594,
8796,
3951,
-7140,
21420,
21730,
-32640,
14025,
-13701,
7140,
-14016,
-21930,
18360,
-43884,
-3444,
58881,
68085,
-26775,
35955,
-16830,
7650,
-11985,
16446,
-37869,
-5739,
-17979,
20748,
-5399,
-11604,
-26154,
24096,
-13899,
-24099,
15681,
-6449,
-7140,
32130,
-12750,
-13899,
3441,
-36372,
8099,
3696,
-17412,
1302,
-20655,
8681,
32091,
21307,
-7415,
47175,
-30600,
6885,
-12240,
13131,
4437,
-2424,
-3825,
-12239,
-40588,
21036,
15810,
14535,
-46200,
-26775,
-279,
3825,
10455,
19635,
1530,
-6449,
18972,
-30984,
-5739,
-5739,
-44880,
-3263,
-24225,
-30474,
1020,
24438,
-16320,
-1785,
-5865,
-22185,
11475,
-23844,
20616,
1259,
-15300,
6585,
-38250,
-47296,
-16830,
-7551,
8194,
-12532,
-9180,
40035,
17586,
-2295,
-2295,
-1659,
-1581,
11601,
4971,
16701,
-27951,
21403,
-45730,
-14099,
35700,
35190,
381,
-4719,
-26904,
17721,
-13671,
3696,
14916,
-2611,
-18037,
-13260,
-46155,
-4464,
-14025,
1530,
-10200,
-12570,
-3756,
21420,
6885,
2040,
-20307,
-13049,
-18665,
2200,
-5233,
28686,
-14790,
2295,
-28305,
-7269,
10985,
96135,
41007,
3548,
-32882,
636,
-3444,
-23840,
-11685,
-6732,
33786,
-10533,
28686,
-17414,
15426,
-1914,
-39291,
-6449,
4845,
19365,
11174,
-15069,
-3699,
-22440,
-36261,
-20845,
10836,
1286,
-22695,
-10455,
-22950,
-16449,
-12495,
61845,
13789,
3493,
-678,
-8224,
22821,
-9564,
-3444,
-33534,
-6504,
-4464,
24837,
-9054,
-15123,
-58524,
8262,
15426,
-7308,
-5476,
23586,
9078,
8796,
-33150,
7395,
-49725,
-16218,
-35124,
30726,
-4719,
-2679,
-7584,
-12102,
86406,
745,
-2040,
-13380,
4191,
-4080,
-22950,
-11730,
-13899,
23707,
2676,
8354,
-57550,
17976,
-19287,
-26870,
9362,
-29979,
21675,
-20400,
-3497,
14151,
-21762,
11647,
-49474,
-5045,
-3444,
23586,
-20784,
-12114,
-9819,
-10200,
23337,
22760,
-27309,
-23844,
-29454,
-11220,
8670,
-6630,
-8544,
-11382,
-25884,
-26130,
-28560,
32385,
-36450,
-31440,
34296,
22212,
10710,
21897,
-12155,
-2169,
-20655,
16065,
-20145,
5678,
9180,
29070,
7338,
6120,
942,
11764,
18327,
-3825,
-9111,
-22059,
-3417,
-11675,
4080,
-15045,
25221,
20100,
-26427,
-34554,
-5045,
28731,
-18105,
-33479,
-2805,
-3060,
0,
-3026,
-43864,
-17214,
-2885,
8160,
-10710,
-13005,
-9435,
1670,
15300,
-2040,
-4998,
-11595,
28791,
-13899,
-14919,
-34044,
2676,
-2679,
-14919,
5100,
-11985,
-16065,
-18744,
-3885,
765,
-18615,
-9690,
-20865,
-1530,
29835,
-2040,
-35621,
-15684,
-1149,
10071,
-15939,
-18625,
-13770,
-2230,
-22440,
-13515,
7905,
765,
-1275,
6492,
-37359,
9306,
-29805,
-6449,
-2958,
-17469,
-20094,
-16830,
1047,
-5730,
17721,
-11994,
-31239,
-13899,
-3867,
-16317,
-29868,
-9690,
-24272,
12876,
-21039,
18316,
-11604,
-22314,
-22824,
-23589,
24096,
13770,
3150,
13398,
4041,
15786,
-12624,
-15174,
-4719,
-6443,
-14280,
-27030,
-2205,
12621,
17844,
-5925,
-18234,
-28128,
11220,
-2040,
27864,
-19935,
-22844,
-9690,
41933,
-21934,
-25629,
3951,
1368,
-18155,
-41430,
-31239,
-21549,
17599,
-13730,
14790,
-19680,
30151,
-12417,
-51639,
-46284,
-8289,
27609,
6120,
-14990,
-14178,
-639,
-5484,
-12369,
19065,
-10965,
6120,
1071,
1530,
-5610,
-20910,
6630,
3570,
-23460,
-3954,
1656,
-20988,
-13134,
-1659,
1146,
35037,
6885,
69,
16320,
49956,
23715,
-11985,
15300,
-32506,
2550,
-24225,
-20400,
12621,
-21582,
-30164,
1401,
-16704,
765,
765,
22383,
7353,
-30446,
31620,
-4080,
-8020,
-19125,
-27447,
-6449,
-27924,
12145,
-8544,
-4209,
22311,
14030,
-21294,
-36720,
31184,
1275,
27795,
-4590,
19611,
32130,
-10200,
34170,
24711,
32895,
8925,
94860,
67575,
-7594,
11985,
25500,
18105,
4080,
74715,
28815,
31110,
56718,
21534,
28413,
35190,
-7650,
15819,
3570,
4302,
-13534,
14673,
69615,
28813,
57885,
40800,
94082,
79050,
28050,
62730,
103017,
74205,
60276,
73261,
48705,
44370,
102510,
59478,
33378,
23081,
30606,
11229,
50745,
16803,
7032,
39416,
59415,
39780,
54315,
39270,
61833,
84660,
48705,
95106,
17750,
-16320,
50171,
71372,
4970,
33961,
22140,
45390,
47430,
100661,
18870,
50048,
7395,
24234,
11471,
90583,
67320,
91545,
67556,
53502,
42358,
43815,
34125,
57619,
25965,
89622,
51720,
36893,
68953,
50700,
48265,
60062,
70598,
10737,
57120,
-1925,
21420,
98940,
23551,
51119,
62475,
64365,
70380,
76070,
22950,
11781,
49980,
28560,
35955,
38341,
52020,
14745,
70335,
56820,
44695,
20400,
48960,
40272,
50235,
91290,
73440,
93075,
84062,
47385,
105315,
15945,
25870,
1020,
18615,
13386,
54270,
32595,
72217,
87165,
59667,
37995,
-33915,
28815,
33642,
-4080,
62730,
74194,
44325,
69315,
49400,
82065,
48147,
79815,
16830,
44241,
50171,
11730,
48195,
78503,
80122,
68162,
24826,
11583,
27795,
23715,
8089,
14025,
56565,
49680,
23415,
25965,
42456,
-23460,
13515,
30855,
53022,
-6885,
75735,
65745,
43152,
26265,
75517,
33241,
30300,
38505,
21859,
61315,
103235,
38505,
48195,
80451,
54315,
44982,
24452,
20145,
17313,
26010,
25752,
80325,
25710,
67785,
89205,
55494,
27030,
23715,
31875,
40905,
79560,
37600,
71400,
57075,
54015,
17340,
31735,
60180,
30090,
32895,
27795,
49443,
90698,
87910,
12750,
24480,
13515,
58140,
15504,
-65796,
21903,
31297,
46155,
33915,
88440,
41440,
64521,
100170,
45039,
44070,
66628,
63450,
65745,
64452,
49944,
47685,
22440,
15810,
60180,
28560,
-6184,
10710,
47940,
82620,
82575,
55590,
46410,
-10574,
33387,
23301,
-255,
72420,
59007,
77220,
102948,
83850,
55545,
77183,
73702,
66374,
113430,
63756,
52740,
22905,
50418,
55545,
19686,
19380,
26265,
51510,
21630,
26010,
-15597,
61200,
46506,
47430,
105315,
48195,
28305,
48960,
70635,
49609,
-15606,
20695,
36981,
39990,
52818,
56935,
53619,
121590,
64470,
60642,
136343,
76188,
100688,
61507,
61710,
65745,
45345,
5823,
59670,
68295,
49170,
62985,
41310,
99311,
38460,
54060,
-8810,
35309,
25500,
83093,
30810,
25974,
11475,
65028,
60900,
89970,
76200,
41520,
9645,
129576,
46716,
76616,
98822,
124904,
65535,
34680,
14025,
65490,
73140,
53896,
100680,
71097,
57075,
44070,
37440,
15790,
60945,
61697,
33967,
42075,
65455,
16830,
37977,
35445,
765,
346,
41748,
40035,
23296,
19845,
24435,
66510,
32595,
79005,
30300,
38970,
115850,
60690,
24225,
33870,
38160,
47385,
33961,
59925,
34362,
70844,
37950,
37440,
95369,
60435,
14087,
55590,
33496,
46665,
34275,
43095,
-8300,
64005,
78285,
27400,
68850,
20865,
35910,
-6165,
48915,
105270,
72885,
39225,
114960,
83085,
45090,
76710,
74925,
113684,
53284,
61410,
59370,
34553,
97103,
39498,
11730,
51765,
67354,
71910,
65143,
87720,
71994,
30460,
40116,
30294,
42600,
62730,
61910,
77475,
31320,
32385,
30345,
45645,
44070,
64215,
37021,
49170,
64980,
53341,
44070,
32017,
18060,
42540,
56793,
40386,
48960,
36702,
31830,
38733,
-17085,
53805,
46560,
57075,
26220,
90021,
20340,
58524,
39735,
68040,
133232,
59415,
63495,
31301,
6235,
51636,
80024,
7439,
83340,
78960,
75008,
83850,
82128,
50190,
66459,
65703,
75371,
23970,
62475,
86190,
49170,
300,
61200,
76755,
49170,
97875,
108329,
84515,
50745,
57759,
46620,
62430,
67530,
58395,
13515,
10683,
28815,
48450,
37276,
12450,
117509,
73650,
37870,
64398,
14490,
26220,
34362,
65489,
38065,
62271,
49425,
85424,
64770,
14280,
37230,
73905,
76200,
28267,
61947,
46374,
59090,
31593,
43164,
34750,
70590,
45897,
43350,
54285,
47685,
63194,
56055,
68762,
82830,
24016,
30300,
6075,
52230,
88403,
86707,
33615,
45600,
67785,
40245,
25259,
65842,
18870,
65024,
79514,
15045,
66528,
51765,
71451,
22695,
-65031,
62475,
28305,
27030,
21630,
50564,
47895,
46857,
47313,
35145,
81555,
117562,
41265,
62940,
119805,
142245,
60135,
51210,
56310,
20910,
44880,
65671,
107865,
64515,
45882,
13515,
24177,
67320,
28815,
110669,
43305,
21674,
25245,
48450,
-15810,
36210,
44880,
59925,
46399,
72885,
37440,
87675,
97627,
52536,
23925,
38046,
39225,
32595,
45855,
35655,
33961,
20910,
26775,
39525,
58350,
61920,
53733,
12841,
26730,
48869,
-12932,
50235,
17692,
73157,
1224,
10164,
-3965,
30855,
14650,
43095,
39735,
99149,
61270,
67065,
132281,
110437,
76455,
51255,
2550,
76145,
41820,
66554,
62730,
8415,
-3200,
48450,
33961,
66764,
44325,
37440,
37440,
83895,
41144,
107100,
66255,
37740,
61329,
38250,
49470,
33915,
21420,
72165,
67275,
81281,
73687,
69360,
70535,
62220,
85340,
53295,
11411,
66518,
47455,
28815,
-13005,
22114,
49980,
66810,
38205,
55095,
109860,
55660,
74415,
39716,
49552,
134308,
41356,
25245,
55590,
85380,
41775,
54525,
975,
52728,
26730,
58605,
41044,
62101,
33660,
66555,
91500,
52020,
48450,
100215,
70053,
40782,
11730,
19890,
37740,
83313,
32901,
64352,
79733,
99457,
62685,
40800,
47175,
36975,
78240,
34051,
31365,
33789,
67423,
66519,
19590,
39735,
28215,
79131,
27708,
62430,
33564,
77220,
49516,
138420,
88185,
64062,
33961,
71400,
18456,
20622,
59414,
48660,
33915,
116144,
70644,
98385,
22027,
85425,
17850,
70380,
39990,
40800,
-38435,
79874,
82982,
42255,
32094,
56565,
55800,
46365,
51210,
25710,
35910,
16784,
48265,
69519,
65235,
62174,
33904,
80252,
51170,
49170,
5268,
38970,
48195,
-7905,
67830,
109349,
58884,
57585,
72885,
25710,
15789,
55671,
6857,
94059,
80835,
35760,
65841,
44625,
34425,
36720,
73140,
48756,
69060,
9781,
73496,
73510,
60108,
66728,
50290,
47226,
51255,
57885,
30569,
-8970,
36383,
60650,
138772,
33241,
70845,
14605,
94815,
34125,
68550,
1785,
47565,
23979,
85424,
87930,
97110,
54315,
26010,
43350,
67088,
56793,
95185,
42135,
48195,
29835,
66430,
101005,
46365,
68553,
40545,
10683,
16626,
37695,
25755,
52530,
59160,
58684,
24480,
75990,
115742,
72930,
46314,
19853,
11958,
32130,
29562,
43560,
4503,
49306,
60945,
19125,
56609,
28460,
78468,
79005,
33241,
20557,
70380,
52831,
61710,
35190,
11730,
67028,
122452,
22140,
20868,
19380,
34170,
78030,
-4556,
12160,
-1020,
1020,
85634,
19988,
26105,
63960,
5310,
90990,
69315,
90480,
83850,
52020,
40290,
44625,
59370,
33342,
64260,
25755,
29325,
84231,
36210,
13770,
1020,
115397,
105780,
32850,
44070,
47130,
51363,
39525,
46164,
72420,
23715,
-4080,
23715,
26265,
69497,
108840,
12705,
26390,
33961,
77729,
32850,
-5406,
36210,
38718,
28365,
38460,
52146,
49170,
-5910,
66862,
68931,
77238,
8415,
84833,
44070,
68040,
34431,
69570,
66510,
59880,
41520,
59625,
32419,
31346,
28047,
24962,
45672,
81045,
66510,
81555,
49797,
48705,
62985,
41546,
56565,
66788,
38697,
40755,
52434,
56355,
1020,
65517,
91985,
24144,
8415,
124285,
58192,
37440,
63450,
38178,
89852,
55395,
86400,
42910,
30663,
36397,
38760,
5510,
60807,
40599,
70590,
41265,
31830,
1767,
13515,
38341,
95069,
39225,
27750,
11175,
62922,
24990,
13515,
27999,
91800,
45390,
24735,
65025,
92310,
73950,
49680,
51614,
80739,
67020,
88440,
83340,
80789,
58905,
51237,
-5865,
4430,
118575,
88485,
85680,
100130,
68850,
47175,
102000,
56565,
42258,
44671,
16530,
27750,
23715,
23715,
23769,
16732,
46437,
36975,
27285,
35990,
66555,
61638,
33961,
84360,
107783,
70080,
61920,
1995,
27741,
53250,
5355,
43367,
68595,
101490,
113730,
126734,
48960,
132855,
119085,
146624,
109395,
150960,
82365,
90525,
106435,
115260,
97410,
102255,
144075,
80580,
79050,
85170,
70482,
141366,
134742,
152490,
122910,
107205,
99450,
107583,
101638,
125047,
95880,
-31923,
-5610,
46920,
20858,
64005,
81090,
106590,
65980,
53295,
9813,
90355,
77265,
69615,
64260,
-16128,
-768,
48011,
31675,
85402,
61455,
21672,
26313,
24378,
110670,
37740,
70380,
95880,
90363,
51000,
23460,
43550,
44020,
44115,
56502,
45066,
88380,
6657,
72564,
91035,
115770,
77543,
112710,
110483,
74460,
64747,
104705,
-5096,
60435,
50235,
44290,
105147,
21713,
67719,
90414,
49699,
32784,
38937,
-13116,
-13810,
32944,
-28671,
-9046,
10259,
20216,
-26829,
79050,
96125,
68340,
26775,
30336,
51017,
34170,
33436,
28815,
18618,
72420,
83963,
31620,
74970,
56100,
7533,
63240,
16974,
30744,
20289,
-23071,
35955,
62475,
29325,
37230,
57120,
85680,
57885,
33441,
399,
29580,
17928,
116525,
83640,
86445,
108153,
71799,
21819,
84295,
113109,
64968,
57375,
109905,
92055,
47940,
82620,
55845,
57655,
70269,
51399,
23349,
-1386,
74547,
40800,
52020,
72963,
56378,
96390,
102765,
9251,
63266,
57164,
-372,
1605,
88740,
91035,
89282,
16830,
46809,
4479,
21564,
32784,
56133,
98685,
113985,
115515,
36720,
100725,
-16065,
53439,
-123,
89505,
43875,
6513,
23604,
78285,
94637,
51755,
49674,
51255,
13260,
25278,
34680,
71133,
57176,
-42075,
84912,
97920,
71853,
55080,
19014,
54204,
25899,
48645,
83130,
91035,
24735,
41086,
-16320,
1010,
25500,
11364,
41709,
55335,
77765,
69105,
69615,
97920,
93840,
6623,
9395,
68553,
12240,
71910,
113985,
90270,
87261,
-65708,
1272,
5361,
13770,
28815,
45534,
90454,
80537,
48849,
50940,
16464,
-23741,
48339,
68994,
58794,
62596,
85170,
90015,
39525,
72420,
29580,
87233,
85680,
136425,
59415,
-23061,
79560,
78795,
106692,
77265,
12108,
71400,
-1020,
34923,
36609,
33801,
62874,
58029,
11690,
50671,
46061,
22839,
5312,
46554,
33804,
21561,
-23061,
38262,
19125,
80835,
43095,
85059,
61200,
92724,
58905,
26388,
72675,
37485,
84405,
55335,
51510,
34170,
53726,
108681,
-11312,
52854,
54204,
38167,
31754,
84382,
53949,
91689,
27372,
-41605,
33864,
1091,
91327,
82365,
74604,
20544,
73599,
33150,
4975,
47574,
58905,
75990,
28142,
92199,
27285,
64760,
-8560,
27540,
59980,
112854,
77386,
88740,
1083,
38394,
43749,
82254,
61089,
105204,
59943,
1287,
57441,
48254,
49803,
20145,
109395,
89505,
79704,
33549,
23196,
68739,
18447,
67464,
16464,
2184,
58202,
1275,
-13873,
95917,
94605,
64045,
71910,
59160,
33915,
59925,
-17967,
49443,
2295,
8808,
53949,
91179,
43494,
34314,
-5976,
26154,
-14391,
-19122,
-28050,
88230,
15189,
-5056,
8559,
6657,
50479,
48084,
45723,
41964,
2184,
34104,
75735,
23760,
42075,
-33267,
2805,
24001,
21165,
1775,
-29325,
27795,
74450,
32895,
46044,
89139,
76644,
41454,
60324,
83274,
45279,
-19491,
60069,
5754,
55989,
71544,
45213,
74740,
21309,
80979,
70467,
65520,
48192,
58650,
6630,
43180,
12495,
20677,
67830,
92320,
38495,
75399,
-53270,
1836,
49980,
-6585,
-43461,
37119,
24735,
86700,
43860,
16464,
42984,
19152,
18504,
9834,
-4563,
16464,
5505,
15699,
4479,
80466,
93198,
81855,
69360,
86334,
54357,
99450,
64770,
38290,
-34026,
-9546,
-11078,
7125,
-39969,
26664,
52929,
47507,
21165,
61965,
63263,
115250,
73473,
37563,
84087,
14934,
27559,
57384,
1929,
23778,
68229,
78990,
23508,
-35023,
34425,
66555,
42330,
1674,
78640,
64770,
59925,
1674,
30489,
46488,
28609,
29580,
-24414,
48849,
25389,
15699,
35955,
113985,
100977,
92055,
17340,
-1248,
71034,
43428,
78174,
75409,
101424,
77018,
27684,
48084,
74028,
94994,
21687,
-13626,
59094,
60180,
43095,
36210,
-3936,
44769,
47911,
11015,
86056,
34895,
-31623,
52177,
74594,
82509,
92253,
16320,
48854,
85170,
7728,
38394,
20436,
-48051,
8952,
4989,
44004,
30744,
26480,
53476,
22839,
48084,
68229,
-6996,
-11336,
66847,
85680,
61899,
69438,
74715,
48702,
25245,
26022,
73950,
-27203,
14280,
69870,
83130,
85059,
31526,
83019,
32019,
39426,
-10311,
-21531,
691,
49614,
114894,
16209,
3969,
77919,
15699,
66954,
62730,
82875,
75524,
55590,
74970,
61200,
85425,
90102,
36465,
65025,
86124,
96789,
-11796,
1785,
77265,
80325,
87210,
47940,
49470,
6400,
16974,
2184,
41709,
-9413,
76202,
60069,
24237,
32019,
28449,
23094,
35589,
6657,
62730,
80070,
67065,
69249,
-2151,
7281,
67821,
73839,
50555,
108524,
47940,
6215,
32951,
-9665,
22311,
63230,
115515,
56600,
45645,
29214,
49038,
30734,
-26775,
20978,
15231,
55734,
75225,
78285,
20815,
60690,
82809,
66810,
66555,
59915,
17340,
6657,
39858,
7029,
2184,
2184,
80835,
58698,
28815,
43749,
5355,
-18039,
0,
75990,
49725,
84660,
55080,
65424,
56828,
22085,
45390,
67990,
73185,
51348,
21165,
118598,
59741,
92089,
92055,
71400,
77552,
48960,
83385,
77409,
12756,
32274,
2429,
-9801,
7673,
41908,
9505,
1812,
42840,
4335,
11874,
21054,
6519,
38394,
73188,
73839,
-5976,
112684,
76602,
27540,
-10710,
38649,
-15045,
17340,
7140,
66567,
60180,
117300,
115770,
35700,
25131,
85127,
3059,
-12790,
17521,
71799,
63750,
95880,
42840,
58539,
72476,
-44370,
40287,
54241,
92015,
72564,
13404,
-2761,
32052,
108933,
37629,
20085,
45789,
5382,
3459,
23349,
24612,
6657,
-21675,
-10842,
27332,
102954,
67974,
90525,
59687,
15022,
45279,
-415,
-30600,
32385,
44370,
47319,
20145,
-41495,
-63046,
16532,
17888,
-22319,
55224,
68229,
63894,
41199,
-47796,
41199,
77088,
47309,
-12555,
60324,
81933,
85960,
70835,
87558,
24369,
81648,
48084,
89760,
84150,
-3825,
55668,
6090,
32784,
41709,
87864,
16290,
64179,
-25954,
-19254,
13005,
-18185,
18627,
-5355,
78285,
96900,
56499,
27656,
60069,
80571,
100796,
67199,
46041,
-19930,
-7475,
522,
58395,
82110,
81526,
75624,
82133,
74474,
65062,
6513,
10854,
35069,
8559,
-5466,
36354,
24735,
30168,
89737,
73629,
48849,
70014,
54315,
97920,
61455,
9902,
8811,
-8791,
14965,
19125,
-6630,
29530,
84672,
6774,
48099,
60690,
100977,
-1717,
104694,
114495,
67575,
112965,
13855,
23205,
39525,
62916,
52275,
76695,
24806,
-6888,
96390,
51510,
29214,
76803,
3198,
1275,
17850,
52209,
69520,
43491,
68739,
6513,
66366,
90270,
-2523,
19125,
88995,
105060,
88046,
52567,
7539,
91692,
97665,
29835,
53550,
93466,
111985,
119340,
83640,
70713,
91124,
47651,
35334,
80979,
33804,
47829,
-12096,
-8271,
55080,
86700,
77265,
80979,
54204,
23460,
103020,
90270,
44802,
32385,
84660,
83640,
49835,
50379,
20034,
16464,
-10566,
6196,
25245,
34147,
-41310,
19635,
82620,
91035,
41055,
-13034,
-72531,
-52386,
36041,
6657,
41388,
71544,
99246,
87210,
14949,
-13340,
-4446,
45666,
1674,
80214,
67523,
-8031,
17847,
78795,
32513,
-11076,
44769,
22142,
74604,
45789,
51654,
31509,
46554,
72046,
94424,
31563,
56156,
-65589,
55224,
36354,
55479,
75017,
71145,
58905,
71474,
399,
16129,
76644,
80979,
91995,
52785,
83640,
28305,
-44360,
41580,
78795,
1456,
-8378,
14424,
55989,
77151,
23204,
31030,
-876,
17219,
3251,
6381,
64770,
88135,
-39622,
76710,
-15921,
43494,
86334,
33660,
113985,
7533,
28128,
88629,
59049,
90159,
35079,
107355,
113985,
107151,
58650,
93330,
75735,
63750,
60945,
41310,
16719,
64275,
39465,
56244,
-2661,
654,
28383,
45645,
32895,
85170,
27251,
50235,
25500,
13260,
36048,
1785,
30600,
-10455,
399,
25131,
-6093,
61854,
83274,
91035,
91035,
86385,
99734,
13421,
47175,
92565,
94890,
89505,
46041,
6657,
-11586,
6335,
34569,
65169,
73584,
75091,
6774,
41310,
-55123,
-10710,
66300,
38250,
45069,
54825,
8925,
56610,
42009,
60435,
21675,
-41820,
-11730,
24511,
9690,
4845,
21930,
10710,
6630,
35700,
-13770,
-1542,
26615,
6618,
33405,
28815,
10231,
26775,
6627,
57280,
9851,
12750,
65887,
-1275,
30600,
-3994,
-20655,
-12750,
-14790,
70387,
28815,
-1098,
28111,
-8415,
-11475,
-5100,
-39336,
-81393,
-37910,
-47949,
-15897,
-4335,
-27588,
-49527,
-28015,
-8670,
-24735,
-19890,
4080,
5454,
41565,
14280,
-16689,
12540,
30345,
-3714,
-11228,
-354,
-48061,
-1338,
4590,
-9180,
-55270,
-54060,
-43860,
-49980,
-52872,
-20778,
-56503,
-25755,
-117810,
-71148,
-3780,
-61832,
-61773,
-36018,
-420,
-7713,
-58923,
-15873,
-22596,
-67683,
-28878,
-7898,
-40155,
-13353,
104697,
-31875,
-27980,
17850,
-72675,
-34199,
-17646,
-6375,
-84471,
-40800,
-42602,
-46155,
-12393,
-30855,
-65280,
-40545,
-53098,
-35955,
-50808,
-68148,
-60498,
-10958,
-8415,
-30090,
-40428,
-36465,
-26520,
-9690,
-3315,
-21578,
-70188,
-3570,
99894,
-2225,
-24990,
-5100,
-25368,
-53358,
-49533,
-3557,
-69678,
-46302,
-49215,
-20910,
-20910,
-25383,
-19125,
-73695,
-70256,
-20973,
-84213,
-48478,
-65853,
-52230,
-19890,
-45900,
-49338,
-57055,
-19890,
-33915,
-32988,
-55935,
-32855,
8357,
96276,
-10710,
-15045,
-46452,
-49980,
-85743,
-62283,
-21993,
-7713,
-50358,
-26520,
-30345,
-30345,
-43743,
-41565,
-40800,
-11028,
-13680,
-23715,
-53691,
-47233,
-55398,
-52020,
-25287,
-64190,
-38361,
-9945,
-55335,
-69483,
-37995,
-14892,
-35377,
105315,
2502,
-28305,
-24627,
-50235,
-39078,
-57183,
-18423,
-21687,
-24990,
-15045,
-20145,
-41631,
-53805,
-41240,
-19890,
-16638,
-32958,
-25245,
-34865,
-57885,
-10455,
4590,
-3570,
-48184,
-16476,
-38338,
-63495,
-39270,
-30345,
-13770,
-47889,
79108,
-17643,
-46801,
-53550,
-52530,
-19188,
27,
-5316,
-58968,
-47187,
-54123,
-37386,
-34233,
-37293,
-21876,
-19020,
-59925,
-13515,
-60945,
-55845,
-46155,
-13960,
-12495,
-510,
-72420,
-49788,
-61200,
-12495,
-33881,
-33543,
-52098,
-31620,
80070,
-17442,
-58968,
-52641,
-44943,
-54888,
-61356,
-57660,
-8019,
-24543,
-30561,
-29643,
-32958,
-33006,
-41118,
1644,
-13515,
-35190,
-28560,
-24288,
-63240,
-35064,
-34680,
-31188,
-10200,
-65280,
-54060,
-13515,
-14535,
-19635,
-55440,
-16524,
74734,
-18912,
-20463,
-102177,
-53798,
-39197,
-55653,
-77583,
-79515,
-20301,
-38470,
-60273,
-15012,
-58650,
-69423,
-22248,
-3954,
-16065,
-57660,
-30153,
-38505,
-18870,
-74117,
-70953,
-50235,
-40475,
14976,
-12750,
-875,
-7968,
-11625,
21930,
54900,
-5928,
-12558,
-53103,
-52083,
-54888,
-103854,
-58281,
-66052,
-67695,
-94118,
-81345,
-25500,
-8415,
9627,
-61773,
-23999,
-23268,
-42540,
-36018,
-54123,
-47493,
-29205,
-57120,
-66636,
-42552,
-36720,
-17760,
-9690,
12357,
-5610,
-19125,
50942,
3540,
-34680,
-42898,
-34998,
-15873,
-64833,
-38823,
-88038,
-86253,
-56163,
-34187,
-46410,
-13005,
-55398,
-49387,
-64068,
-48061,
-2418,
-26211,
-65048,
-46728,
-47493,
-60650,
-64770,
-60112,
-5610,
-9493,
-19380,
-53871,
-60180,
-3755,
103785,
18615,
-16250,
-65535,
-55653,
-47748,
-28368,
-72228,
-62283,
-77583,
-62028,
-37803,
-81153,
-47493,
-65088,
-33213,
-60968,
-39911,
-56418,
-63303,
-26421,
-67739,
-29883,
-27030,
-64260,
-58497,
-4335,
-21500,
255,
-54470,
-32315,
-42767,
65867,
-45556,
-50235,
-74433,
-31428,
-3378,
-13005,
-9690,
-45390,
-54123,
-70188,
4214,
-32193,
-25308,
-66421,
-54123,
-47629,
-19953,
-73503,
-44991,
-12828,
-17340,
-43488,
-23013,
-43773,
-42840,
-80325,
-29058,
-24798,
-18423,
-95031,
-32225,
57654,
-27348,
-12558,
-106291,
-46665,
-11475,
3890,
-15230,
-24093,
-53063,
-18307,
-2103,
-17943,
-41642,
-21738,
-57282,
-38823,
1773,
-43032,
-21418,
-24480,
-13515,
-35955,
-46473,
-25560,
-15300,
-10455,
-46473,
-18678,
-8693,
-36993,
-23205,
77544,
1467,
-70698,
-66873,
-49725,
-30345,
-23508,
-20910,
-59160,
-58006,
-4653,
-12263,
-21483,
-29298,
-29117,
-38160,
-13578,
-26211,
-67343,
-31868,
-52671,
-38313,
-4550,
-57120,
-18615,
-25755,
-59988,
-58968,
-55803,
-10766,
-3975,
-20206,
106032,
16067,
-19628,
-47493,
-16212,
-53295,
-81399,
-59925,
-48218,
-39078,
-20466,
-46218,
-43726,
-36528,
-31173,
-14853,
609,
-11505,
-20718,
-53358,
-39843,
-56418,
-49971,
-32352,
-28050,
-23165,
-65048,
-26265,
-39318,
-36465,
-40431,
-49215,
75793,
19890,
-26265,
-24990,
-24288,
-27909,
-31428,
-24171,
-40644,
-49023,
20592,
-21960,
-36783,
-51063,
-20973,
-48768,
-52338,
-43668,
-13833,
-30090,
9945,
-50381,
-79560,
-31110,
-31503,
6885,
-15765,
-41565,
-17850,
6415,
-5928,
34975,
126735,
-31620,
-25755,
-28050,
-52530,
-62985,
-58271,
-68913,
-47493,
-12813,
2626,
-45351,
-57693,
-43236,
-69168,
-18423,
-19188,
-52083,
-48061,
-30090,
-29325,
-22950,
-16638,
-46473,
-67176,
-17369,
-15108,
-55948,
-24794,
-50490,
-36484,
-11917,
75557,
-13447,
-19565,
-30345,
-56030,
-61455,
-46218,
-56633,
-56858,
-19380,
-42216,
-50766,
-58458,
-7395,
-13770,
-23160,
-765,
-62435,
-40035,
-17085,
-40730,
-59160,
-48061,
-63008,
-67893,
-47493,
-47493,
-3060,
-18244,
-22185,
-41883,
-18360,
58929,
-34680,
-6885,
-35955,
-15555,
-62220,
-28623,
-14650,
-54131,
-4335,
-24180,
-44370,
-72339,
-58650,
-25180,
-31203,
-32655,
-20910,
-30090,
-32172,
-58395,
-64515,
-32448,
-47994,
-45963,
-10703,
-25308,
-47365,
-30234,
-15645,
-55201,
4335,
93585,
25947,
7587,
-48513,
-24798,
1860,
-15108,
-22503,
4935,
-41531,
-26775,
-65280,
-65598,
-62985,
-59160,
-73185,
-62001,
-25638,
-11220,
-35445,
-57630,
-20766,
-3786,
-68844,
-28206,
-21195,
1977,
-56100,
-41565,
-64005,
-67383,
-31612,
125205,
21981,
-8946,
2883,
-12303,
-30918,
-45052,
-64701,
-8607,
-52593,
-30102,
-37548,
-41176,
-15363,
-30153,
-36120,
-48061,
-11985,
-45468,
-29324,
-74420,
-38568,
-59415,
-40596,
-25332,
-17148,
-45409,
-28560,
-14790,
-65280,
-31173,
-13515,
95532,
-20571,
-40768,
-12867,
-30240,
-11538,
-52848,
8607,
-573,
-15108,
-49533,
-55613,
-20648,
-27807,
-72993,
-57398,
-21551,
-23200,
-12159,
-26838,
-9372,
-19443,
-22950,
-24480,
-44625,
-63263,
-37026,
-9498,
-29643,
-49023,
-51816,
-19052,
45968,
13583,
-57630,
-31749,
-84546,
-25755,
-32130,
1530,
-4143,
-11730,
-47493,
-40574,
-11565,
-21668,
-51111,
-60846,
-19636,
-46041,
-33150,
-52020,
-24678,
-7713,
-21238,
-22935,
-81822,
-47233,
-28878,
-55838,
-45963,
-52338,
-18423,
-9945,
78219,
-3402,
-65495,
-23778,
-37038,
-59925,
-28305,
-45645,
-69933,
-63351,
-42833,
-45774,
-47430,
-28560,
-22715,
-75439,
-38313,
-61584,
-44625,
-23508,
-59823,
-31683,
-24480,
-39270,
-37485,
-48297,
-61710,
-40035,
-2813,
-31875,
16053,
-7998,
89712,
-7650,
627,
-13578,
-28497,
-55648,
-57120,
-55845,
-55550,
-25710,
-33006,
-50298,
-47233,
-20087,
-15555,
-51121,
-64260,
-46920,
-34425,
-29418,
-76467,
-15618,
-13804,
-6120,
-23715,
-47430,
-50558,
-27705,
-22695,
-24990,
4057,
-7705,
81770,
-23268,
-6438,
-22758,
-8223,
-47238,
-48258,
-40290,
-52785,
-60690,
-63303,
19689,
-7140,
-22440,
-16065,
-25686,
-35190,
-22185,
-24990,
-66231,
-50298,
-57438,
-54123,
-14853,
-48921,
-48705,
-22272,
2805,
-32895,
-19125,
-15045,
4080,
36638,
-43668,
-13578,
-35538,
-48061,
-5123,
-40863,
-31059,
-28050,
-61839,
-24609,
-37548,
-54069,
-46473,
-22758,
-28920,
-47181,
-48243,
-32130,
-58395,
-43923,
-70953,
-77481,
-21738,
-34233,
-22503,
-828,
-28878,
-28628,
-33457,
-55227,
-41497,
48087,
-9498,
-19953,
-75033,
-38520,
-26010,
-38505,
-18157,
-52083,
-65171,
-21366,
-34743,
-38007,
-55080,
-24990,
-6768,
-54835,
-38500,
-32130,
-1554,
-51477,
-37548,
-74523,
-46776,
-21669,
-39654,
-72738,
-25493,
-51159,
-52666,
-33150,
-17550,
79098,
-32649,
-35253,
3762,
-23013,
-27423,
-30345,
-53098,
-88763,
-41118,
-32958,
-27348,
-8361,
-24735,
-30345,
-42279,
-20145,
-12750,
-14025,
-24735,
-510,
-3570,
-73758,
-50296,
-42342,
-38058,
-50553,
-16128,
-6143,
-37740,
-29208,
-20400,
88910,
-31365,
-44115,
-14535,
-52959,
-71910,
-22185,
-23205,
-52083,
-65136,
-65146,
-25053,
-25818,
-15045,
-15045,
-32142,
-32220,
-46658,
-22695,
-13260,
-22025,
18615,
-61056,
-48061,
-33723,
-16986,
-60753,
-68403,
-39078,
2517,
-39588,
-32385,
-36065,
-74715,
-77775,
-69105,
-111650,
-84150,
-47940,
-45390,
-87425,
-62730,
-109650,
-15555,
-82620,
-81793,
-54825,
-94605,
-93840,
-67830,
-40290,
-51255,
-81090,
-43707,
-81596,
-62067,
-64770,
-66555,
-96966,
-76755,
-52578,
-85215,
-60726,
-29835,
101865,
102255,
77265,
47041,
53550,
33150,
73950,
89098,
83895,
55770,
41789,
38505,
50490,
97155,
109671,
143367,
80481,
90649,
51410,
93075,
103587,
87159,
80012,
56355,
80580,
48960,
47940,
73255,
84915,
57885,
77521,
92930,
81345,
56262,
29188,
49284,
80864,
45858,
58905,
71145,
94957,
53550,
59976,
80835,
59060,
73372,
94170,
123675,
31365,
76014,
53656,
90090,
62178,
82323,
65561,
58608,
74448,
98898,
42515,
90768,
124143,
99948,
81820,
18332,
41364,
4080,
56895,
43605,
76755,
32037,
79900,
72420,
99262,
103275,
56426,
40800,
36550,
33150,
31110,
111435,
83711,
61200,
77988,
117513,
83598,
84138,
49725,
41055,
79410,
51000,
34170,
56355,
38505,
83463,
101193,
69615,
76116,
65055,
29580,
56100,
67824,
98898,
54528,
70043,
87168,
65173,
41310,
42840,
38760,
65130,
26265,
70380,
73415,
45093,
74418,
90898,
77223,
76606,
19890,
13260,
72669,
70732,
16320,
23715,
31082,
42703,
50595,
82181,
69543,
43605,
35445,
62446,
77520,
81048,
102213,
78243,
58608,
48699,
32130,
53040,
52275,
85020,
53295,
110670,
82833,
112251,
36465,
57519,
80396,
71613,
46155,
53266,
90555,
105661,
88230,
56610,
58644,
27795,
54408,
98108,
75225,
39582,
52785,
41458,
70635,
61668,
57588,
41778,
60104,
48705,
35445,
61965,
60757,
117810,
91065,
96135,
96093,
68808,
42585,
48990,
57630,
49215,
45900,
50235,
86805,
3500,
23806,
54315,
68340,
53040,
34935,
113186,
39634,
37032,
80576,
85680,
47940,
54273,
48578,
76798,
96858,
50414,
87678,
78836,
82578,
20613,
46473,
1133,
57885,
64260,
81090,
107610,
63750,
25597,
37485,
57375,
77520,
47133,
29835,
52530,
45084,
72525,
75660,
75225,
80835,
91128,
57333,
85185,
83853,
81048,
71585,
78093,
76033,
61413,
65833,
89718,
85128,
104055,
114453,
64143,
62220,
58395,
79815,
42288,
51255,
43437,
92310,
76680,
69615,
92055,
20400,
52020,
74970,
110160,
54754,
56066,
93607,
35427,
82578,
93412,
101733,
51607,
71358,
58863,
86806,
56285,
58810,
32867,
46515,
61200,
74928,
71868,
54912,
71145,
65125,
69318,
64515,
38505,
77520,
94053,
49725,
46440,
47059,
71400,
47094,
36168,
60293,
39270,
67653,
88953,
64728,
35913,
43308,
57333,
56055,
76128,
82166,
21895,
39799,
29580,
38505,
48960,
59373,
61158,
53967,
75438,
49066,
23418,
87678,
80793,
41485,
90270,
69134,
22800,
59415,
51170,
22185,
70740,
61200,
83640,
73001,
122292,
98685,
68666,
49173,
35913,
66258,
86403,
82578,
64728,
85128,
72746,
57375,
43605,
84618,
78654,
100938,
80864,
76513,
65598,
70144,
97878,
80793,
62791,
67575,
51573,
76755,
84476,
67830,
71977,
53295,
83925,
62475,
85680,
38535,
66810,
67278,
45603,
33108,
70338,
123633,
76203,
51468,
74673,
84363,
54273,
56568,
50958,
32404,
82085,
81813,
61668,
76539,
84177,
62787,
39270,
91545,
78098,
71910,
64061,
53295,
78009,
69390,
102282,
94046,
116765,
65790,
106774,
100683,
72378,
82110,
65535,
107100,
87678,
81558,
75254,
104253,
120063,
100754,
87678,
81044,
53763,
101448,
56625,
48375,
57630,
85785,
45348,
33576,
50235,
104805,
68126,
100428,
82833,
70873,
103160,
58647,
76458,
57333,
91862,
66300,
30855,
11317,
43380,
55839,
56629,
47394,
72378,
18418,
65484,
87678,
86256,
74928,
74384,
79095,
64315,
60690,
78030,
114240,
102213,
26830,
64515,
84150,
102213,
66258,
76774,
44948,
76755,
42072,
76203,
44838,
64983,
74970,
53040,
47997,
38760,
90525,
94124,
19338,
56374,
42288,
11093,
79097,
81864,
71868,
65598,
74224,
87198,
75363,
46368,
66361,
65790,
53805,
95115,
77223,
81048,
98258,
64386,
73298,
64535,
39327,
72438,
92298,
71868,
78688,
87210,
82613,
57885,
71164,
100683,
59102,
84363,
69134,
76203,
80793,
68298,
18800,
65088,
81303,
81048,
79518,
107313,
40857,
54420,
48960,
50296,
87994,
78285,
91602,
104550,
66183,
88230,
33769,
79305,
7905,
48705,
42288,
78583,
51978,
65343,
92352,
108078,
25458,
47748,
66003,
87168,
71868,
68808,
53253,
78243,
42033,
38760,
46665,
71240,
69615,
35700,
72270,
48705,
57481,
69615,
17340,
52846,
35913,
8476,
66810,
46155,
23715,
48195,
80580,
60945,
87440,
90228,
80793,
34383,
61232,
26308,
99408,
93468,
53253,
98388,
84618,
75948,
80864,
38760,
20910,
48450,
43563,
88698,
103035,
27702,
32598,
54328,
54177,
89505,
87324,
90968,
79766,
87926,
38280,
52275,
62505,
94605,
48153,
67849,
107343,
60690,
98204,
58493,
54783,
76500,
56355,
72785,
21675,
63811,
33660,
26010,
33945,
90525,
80864,
61729,
100938,
80793,
80793,
73950,
57891,
94860,
113433,
90780,
60942,
93840,
48705,
84150,
58395,
60435,
127458,
67711,
95191,
117045,
31985,
71145,
82414,
57630,
52372,
27257,
24387,
38760,
31365,
58876,
83895,
64515,
76713,
89974,
75438,
101478,
105018,
82972,
24537,
54924,
90299,
58650,
64005,
75438,
51213,
118533,
59118,
53568,
32598,
92013,
46946,
80784,
83385,
104805,
74928,
91800,
90525,
68085,
28899,
68955,
42585,
50490,
94350,
55605,
65833,
107602,
68525,
19953,
54273,
55080,
23460,
63240,
74673,
83630,
50235,
35781,
42770,
28886,
81303,
102213,
66924,
64977,
46965,
59883,
74129,
60648,
85199,
63708,
95838,
113271,
80864,
113985,
81015,
75158,
97981,
85383,
68850,
61030,
46820,
59628,
81969,
125970,
85680,
80835,
85893,
95370,
38654,
52937,
68690,
97361,
99053,
80283,
54783,
49683,
73908,
91758,
33618,
39289,
89238,
70304,
127458,
60964,
62195,
88886,
117349,
97623,
38805,
71358,
51765,
40035,
96135,
101254,
95640,
29538,
71613,
42543,
79320,
77037,
18038,
38201,
54570,
101770,
81228,
72165,
58140,
54825,
41778,
49199,
52998,
44787,
65707,
76743,
63510,
92495,
94340,
102393,
37995,
57885,
81336,
59628,
71602,
33780,
64875,
80396,
69318,
65268,
71103,
89973,
108843,
80070,
59541,
32540,
81406,
83853,
58353,
59160,
52785,
60945,
56364,
103035,
80313,
67855,
66045,
43860,
112445,
143100,
54018,
53892,
41055,
47997,
89845,
83853,
48960,
19380,
53040,
51323,
71400,
33150,
24853,
74715,
38174,
83357,
80892,
31620,
49320,
71103,
38040,
87026,
90270,
80835,
53356,
64880,
85950,
97113,
80396,
63008,
88995,
98459,
88485,
45135,
62985,
45107,
70995,
81813,
32087,
40800,
85170,
71400,
65297,
52445,
55335,
29580,
36739,
82037,
96605,
65748,
58098,
47643,
61413,
91248,
78498,
46665,
33660,
87975,
61668,
41373,
101490,
39525,
37995,
72627,
80835,
45645,
29580,
85969,
55548,
58353,
87678,
98388,
109489,
67065,
115670,
60435,
58905,
26265,
35445,
75990,
85014,
101448,
101958,
77587,
80864,
36739,
74673,
43061,
48195,
89337,
92335,
34383,
52038,
102213,
24438,
95198,
100212,
12807,
39015,
120859,
45093,
70848,
58948,
76458,
76713,
69828,
62943,
59118,
66572,
59593,
72313,
80513,
75534,
81048,
75438,
41013,
81497,
47940,
64515,
41998,
87423,
78666,
61008,
42798,
26954,
64515,
29580,
51105,
93420,
72839,
39015,
59676,
81195,
90228,
70848,
43875,
87457,
75505,
121338,
108108,
88982,
83891,
58140,
51365,
67514,
93984,
126693,
62178,
45348,
47535,
53040,
83711,
89779,
73908,
61923,
39993,
86253,
63495,
53040,
59381,
69870,
66300,
32640,
30855,
66300,
74715,
105273,
46925,
44804,
68553,
52233,
29028,
74479,
78795,
68190,
55845,
67790,
48195,
47685,
77265,
68899,
71400,
104295,
97920,
87423,
68100,
103559,
35913,
49173,
35445,
35445,
45582,
55108,
86103,
21420,
48960,
50945,
54570,
127005,
80864,
126948,
75155,
26988,
112158,
35148,
70853,
118533,
91290,
105742,
47430,
38505,
65280,
46471,
36975,
27540,
9690,
37546,
47430,
70380,
45645,
72420,
71687,
27795,
60945,
75225,
58650,
35700,
52020,
68340,
92913,
50939,
70983,
35700,
46410,
92887,
70635,
86247,
84180,
35578,
27795,
-51646,
-74970,
-99960,
-112698,
-68340,
-71145,
-112710,
-131755,
-105825,
-93666,
-108318,
-76245,
-102765,
-106590,
-49254,
-83589,
-134990,
-81298,
-97739,
-92820,
-60894,
-85749,
-59890,
-83385,
-71400,
-73950,
-87465,
-117208,
-116790,
-115770,
-111379,
-95070,
-71145,
-143163,
-155333,
-130649,
-98982,
-117933,
-157080,
-155805,
-82110,
-130050,
-160769,
-100725,
-129614,
-141796,
-85476,
-91035,
-146880,
-116289,
-138044,
-107331,
-103908,
-108753,
-83882,
-115893,
-83589,
-92943,
-112350,
-113296,
-116403,
-79968,
-103942,
-135687,
-38415,
-184365,
-120645,
-88485,
-65025,
-93640,
-117997,
-115515,
-123190,
-110160,
-117769,
-138465,
-124831,
-100980,
-121635,
-98685,
-91974,
-103530,
-89373,
-60303,
-101613,
-78183,
-106080,
-96645,
-91959,
-107610,
-75480,
-107610,
-100215,
-78286,
-83508,
-140760,
-62106,
-177510,
-117555,
-139740,
-112731,
-75858,
-81978,
-99215,
-74073,
-98141,
-64515,
-122910,
-120870,
-98589,
-125715,
-91035,
-83321,
-113598,
-66423,
-82808,
-75093,
-97499,
-82365,
-129795,
-97431,
-100725,
-131580,
-137445,
-82647,
-103280,
-125942,
-106764,
-52620,
-151725,
-129030,
-102144,
-90525,
-72798,
-79683,
-103653,
-115893,
-104061,
-130560,
-121125,
-117045,
-86094,
-109650,
-59670,
-107478,
-88449,
-109905,
-88912,
-100134,
-78153,
-106590,
-122289,
-74235,
-67667,
-129540,
-122400,
-117321,
-75480,
-144681,
-65888,
-72165,
-172584,
-115005,
-116501,
-82875,
-106458,
-82488,
-83253,
-117865,
-125970,
-129030,
-105570,
-132370,
-80580,
-59445,
-91545,
-88863,
-82233,
-105825,
-110955,
-87720,
-96645,
-122400,
-131580,
-93976,
-114390,
-146874,
-92310,
-113730,
-121125,
-107610,
-79492,
-61456,
-154479,
-99450,
-74970,
-85425,
-79938,
-136868,
-108379,
-69483,
-93640,
-89373,
-42419,
-72033,
-120228,
-110187,
-131522,
-93840,
-93585,
-101745,
-84150,
-89250,
-111690,
-115515,
-139230,
-70635,
-135018,
-108375,
-94095,
-118252,
-94764,
-100296,
-118320,
-66045,
-131166,
-80958,
-69177,
-89118,
-95748,
-83535,
-90775,
-103075,
-123543,
-103024,
-94473,
-73053,
-72492,
-77643,
-126174,
-112965,
-108630,
-66810,
-105693,
-99195,
-121968,
-112965,
-118401,
-83385,
-56355,
-116535,
-111945,
-103020,
-101490,
-95637,
-133297,
-50716,
-137301,
-116148,
-94957,
-77673,
-108321,
-75858,
-69993,
-71234,
-81495,
-117040,
-77547,
-116407,
-87975,
-83763,
-79428,
-112788,
-108885,
-86410,
-147258,
-102255,
-114750,
-57796,
-100083,
-82875,
-114015,
-106201,
-126990,
-97186,
-116658,
-128717,
-133620,
-50424,
-152358,
-79428,
-87843,
-85293,
-115893,
-107904,
-90474,
-64635,
-123577,
-72377,
-105060,
-134895,
-117045,
-124053,
-86058,
-59980,
-74328,
-98264,
-121503,
-89373,
-97278,
-111531,
-76245,
-110055,
-137317,
-105570,
-104105,
-115770,
-123834,
-131070,
-77775,
-73614,
-121026,
-124185,
-97329,
-107223,
-127878,
-49338,
-86058,
-56733,
-86313,
-77898,
-66514,
-96135,
-103275,
-75348,
-102739,
-86313,
-98982,
-77653,
-97437,
-77732,
-105948,
-97278,
-66389,
-153000,
-111032,
-129030,
-77694,
-99450,
-124720,
-95115,
-106620,
-47685,
-113475,
-104835,
-80325,
-87078,
-109008,
-102378,
-94218,
-52908,
-74838,
-91923,
-47043,
-65913,
-75858,
-61833,
-77133,
-98132,
-74141,
-77898,
-91413,
-93270,
-76011,
-91749,
-116535,
-78795,
-78914,
-67830,
-60047,
-85935,
-93046,
-85710,
-63278,
-28867,
-91804,
-84660,
-71195,
-71523,
-129153,
-118065,
-110160,
-84915,
-89373,
-85548,
-71697,
-80448,
-107223,
-86487,
-89373,
-98298,
-75348,
-61323,
-99012,
-120186,
-116025,
-91704,
-119718,
-109083,
-95625,
-58395,
-84758,
-93453,
-87333,
-94009,
-81415,
-41823,
-127368,
-123798,
-80609,
-68085,
-103275,
-116280,
-118860,
-90801,
-74672,
-91316,
-112578,
-118663,
-113181,
-81468,
-75135,
-77643,
-90835,
-88431,
-96003,
-122400,
-103020,
-89760,
-107478,
-110680,
-107100,
-106335,
-107478,
-67953,
-69572,
-112023,
-101490,
-28818,
-106458,
-156948,
-90138,
-96135,
-121125,
-127449,
-120870,
-82365,
-95922,
-122778,
-90227,
-110028,
-126158,
-98046,
-120041,
-125838,
-97437,
-82067,
-90933,
-81804,
-85038,
-82964,
-91035,
-112455,
-104040,
-95748,
-91413,
-91481,
-80367,
-103472,
-96056,
-52734,
-124481,
-119238,
-94218,
-118541,
-90525,
-86705,
-93840,
-60902,
-57243,
-116716,
-69993,
-96177,
-85548,
-93453,
-120483,
-111585,
-97660,
-117678,
-87588,
-72543,
-67953,
-93238,
-143437,
-116790,
-96479,
-66002,
-87720,
-91239,
-86955,
-114444,
-91800,
-62986,
-96645,
-114750,
-125970,
-105693,
-97210,
-110283,
-91317,
-57129,
-76878,
-107988,
-52015,
-88863,
-89373,
-73563,
-62088,
-81468,
-54693,
-104418,
-103275,
-103785,
-56661,
-118830,
-128775,
-88644,
-86955,
-119429,
-85425,
-145350,
-100049,
-110538,
-106424,
-60435,
-131580,
-150705,
-112710,
-88740,
-93330,
-86891,
-92178,
-97278,
-94728,
-68735,
-113989,
-92943,
-108834,
-80703,
-97023,
-115638,
-79938,
-98982,
-103275,
-131325,
-119850,
-101103,
-72033,
-87282,
-118885,
-107733,
-91743,
-109758,
-91290,
-105748,
-100823,
-54367,
-144091,
-121920,
-117045,
-96420,
-86700,
-106458,
-74162,
-87363,
-67320,
-107586,
-126102,
-81213,
-98430,
-106845,
-62175,
-108120,
-78119,
-94860,
-119595,
-107895,
-82365,
-98982,
-82322,
-90903,
-97278,
-97278,
-104805,
-104708,
-39270,
-118698,
-92820,
-54318,
-142035,
-122145,
-110160,
-108885,
-75480,
-78408,
-96490,
-114893,
-74205,
-144795,
-115515,
-83600,
-119850,
-107100,
-122937,
-135481,
-120870,
-118065,
-115914,
-80580,
-79815,
-82488,
-75866,
-63108,
-108018,
-66168,
-76245,
-133069,
-89143,
-90822,
-92310,
-49215,
-106713,
-114108,
-84273,
-84273,
-123747,
-107733,
-72033,
-124427,
-92497,
-100470,
-66555,
-86568,
-90525,
-82365,
-109650,
-97551,
-96804,
-133620,
-132090,
-76500,
-105897,
-115009,
-64855,
-113880,
-123925,
-67188,
-86955,
-151470,
-107100,
-77643,
-98552,
-68850,
-132021,
-104177,
-122882,
-123288,
-66423,
-99934,
-79194,
-136626,
-89883,
-80890,
-83253,
-101787,
-93708,
-72798,
-106809,
-98982,
-64515,
-116871,
-84422,
-80414,
-111048,
-102765,
-94537,
-101309,
-84273,
-94783,
-74205,
-106080,
-70380,
-97788,
-101745,
-44045,
-157443,
-103998,
-76883,
-63182,
-61578,
-94728,
-102378,
-136038,
-65913,
-89883,
-75947,
-86343,
-112000,
-64383,
-85127,
-86636,
-80546,
-112925,
-103653,
-131526,
-101613,
-97410,
-99450,
-94605,
-63962,
-91026,
-104673,
-60813,
-94983,
-88221,
-95408,
-32483,
-154036,
-92820,
-66193,
-67524,
-68850,
-117810,
-128520,
-94218,
-72911,
-96513,
-99505,
-106623,
-100878,
-85752,
-107505,
-61796,
-106794,
-66810,
-102000,
-98341,
-79938,
-102924,
-135143,
-94477,
-100134,
-45513,
-87873,
-120993,
-101358,
-82488,
-92565,
-75621,
-118649,
-77864,
-66933,
-92433,
-97410,
-115005,
-97920,
-113207,
-82692,
-102663,
-116173,
-105825,
-97155,
-86750,
-98459,
-62598,
-79638,
-105825,
-127449,
-93721,
-93963,
-125205,
-147135,
-139485,
-93704,
-57120,
-110670,
-122438,
-74715,
-111490,
-131607,
-54264,
-125205,
-105474,
-121758,
-115971,
-90699,
-76245,
-82365,
-67919,
-87165,
-80652,
-82743,
-100134,
-62873,
-81090,
-98727,
-75990,
-110160,
-126225,
-117072,
-88357,
-69738,
-128227,
-139995,
-92055,
-84150,
-107678,
-108695,
-118065,
-117555,
-108842,
-158474,
-62314,
-126348,
-150573,
-91668,
-107988,
-56988,
-96258,
-97155,
-134385,
-84915,
-91413,
-123447,
-86955,
-105060,
-103020,
-99084,
-90015,
-124950,
-117555,
-62182,
-77898,
-89373,
-89373,
-100848,
-54676,
-87975,
-61529,
-68595,
-86190,
-125715,
-129030,
-98940,
-52113,
-105183,
-51378,
-125248,
-98982,
-91247,
-90393,
-126412,
-112710,
-67908,
-74353,
-113853,
-123165,
-107478,
-113598,
-79992,
-62901,
-140454,
-109395,
-80326,
-96258,
-84018,
-88234,
-87588,
-65148,
-76368,
-118698,
-57243,
-89318,
-109117,
-80546,
-91133,
-24900,
-112323,
-84273,
-129663,
-75680,
-106590,
-102255,
-117022,
-83253,
-82239,
-78822,
-104673,
-125260,
-71910,
-117555,
-115419,
-83685,
-90154,
-109395,
-88729,
-111052,
-85038,
-89883,
-107172,
-100300,
-139123,
-71523,
-111588,
-81561,
-91290,
-102510,
-124140,
-22262,
-142476,
-83763,
-133233,
-119718,
-99864,
-121125,
-91974,
-69572,
-91668,
-78408,
-114618,
-64032,
-112710,
-121125,
-123352,
-73440,
-86700,
-111435,
-136935,
-66810,
-84150,
-59538,
-99416,
-94405,
-123798,
-91668,
-102378,
-63197,
-69870,
-84309,
-121380,
-60274,
-98940,
-101235,
-65025,
-106550,
-77265,
-104040,
-79560,
-83253,
-104112,
-87762,
-110283,
-124818,
-129030,
-129030,
-126855,
-118413,
-91974,
-112965,
-126735,
-114335,
-84405,
-73257,
-98982,
-66933,
-92715,
-101613,
-75093,
-103653,
-112556,
-77388,
-77775,
-47397,
-111180,
-126990,
-132600,
-108974,
-98175,
-78540,
-110670,
-104384,
-82365,
-108885,
-114495,
-95115,
-135623,
-99450,
-96135,
-92055,
-80835,
-98430,
-140760,
-74970,
-54921,
-64691,
-102096,
-89505,
-91800,
-77290,
-115005,
-57324,
-80533,
-95202,
-111180,
-43061,
-26010,
-68595,
-56855,
-70635,
-49470,
-46155,
-53942,
-52275,
-44784,
-80101,
-56610,
-48450,
-66045,
-39579,
9030,
-15184,
-20986,
-46316,
-52530,
-46050,
-34725,
-60474,
-87210,
-52785,
-77265,
-53295,
-45153,
-57120,
-74715,
-52363,
-30260,
-71400,
-84313,
-121338,
-61017,
-49062,
-45534,
-39270,
-56100,
-90119,
-27540,
-14569,
-60435,
-52436,
-28663,
-49365,
-73185,
-77520,
-45181,
-64109,
-51692,
-54714,
-73074,
-67991,
-29724,
-97320,
-51399,
-55352,
-57325,
-38904,
-104324,
-83786,
-105953,
-89592,
-123165,
-48080,
-45645,
-87210,
-49359,
-17544,
-49725,
-49123,
-21420,
-36060,
-70635,
-37519,
-72420,
-68850,
-50235,
-49938,
-49215,
-38649,
-52419,
-39669,
-73214,
-55590,
-55590,
-70944,
-85680,
-129030,
-98685,
-104550,
-79691,
-18249,
-112455,
-88053,
-65420,
-45390,
-52275,
-32691,
-41454,
-53949,
-89452,
-63129,
-77990,
-56355,
-45645,
-45390,
-75279,
-44370,
-63240,
-72394,
-52674,
-55734,
-40084,
-82764,
-55949,
-83130,
-84150,
-65076,
-72014,
-58140,
-84150,
-61073,
-84606,
-65946,
-88188,
-66018,
-29580,
-44370,
-60979,
-38505,
-48084,
-43494,
-48594,
-29724,
-70176,
-39015,
-48960,
-47940,
-74259,
-57885,
-57120,
-76134,
-63630,
-79305,
-82386,
-48918,
-57519,
-66300,
-45934,
-53945,
-63827,
-44625,
-28305,
-87516,
-125715,
-35436,
-97178,
-81855,
-40950,
-48195,
-43820,
-87210,
-30489,
-89139,
-91689,
-78259,
-40035,
-44370,
-48960,
-27703,
-79815,
-57005,
-80070,
-78429,
-92199,
-40545,
-51650,
-75480,
-54060,
-44880,
-69360,
-54124,
-95642,
-112895,
-47175,
-58905,
-48960,
-85935,
-80410,
-81516,
-85575,
-47802,
-55590,
-61455,
-89394,
-45044,
-57553,
-89904,
-67039,
-57009,
-92587,
-64404,
-71034,
-70833,
-101285,
-76245,
-64770,
-41055,
-58905,
-57885,
-43709,
-48705,
-55080,
-78540,
-77664,
-97155,
-89505,
-48960,
-69924,
-40449,
-92055,
-93840,
-68331,
-84294,
-30384,
-65424,
-40944,
-55352,
-48241,
-33243,
-86589,
-65968,
-75624,
-81744,
-77049,
-44514,
-37278,
-16065,
-64260,
-84405,
-42474,
-35955,
-47328,
-42330,
-32289,
-86445,
-88485,
-88230,
-49215,
-56355,
-88995,
-80503,
-81940,
-66028,
-92850,
-51654,
-22387,
-54854,
-55346,
-84549,
-42984,
-42434,
-118847,
-118470,
-87083,
-109552,
-82620,
-78429,
-47829,
-55233,
-48960,
-59350,
-41454,
-51510,
-44625,
-87115,
-47829,
-73440,
-44000,
-85075,
-50490,
-108488,
-72819,
-31670,
-100470,
-97245,
-53184,
-109794,
-38394,
-54714,
-46554,
-101760,
-49008,
-48902,
-89651,
-112407,
-76500,
-68085,
-47175,
-51399,
-71034,
-87609,
-106734,
-58754,
-76644,
-57009,
-48849,
-45766,
-57120,
-50348,
-69262,
-51510,
-85190,
-36975,
-93894,
-40545,
-92820,
-62178,
-60702,
-45900,
-73908,
-48339,
-44514,
-48084,
-59559,
-34824,
-31764,
-18249,
-44220,
-72165,
-65535,
-46044,
-37791,
-52674,
-49062,
-59204,
-75423,
-84612,
-43749,
-48849,
-91353,
-69360,
-67725,
-57120,
-48408,
-56100,
-37648,
-70890,
-100355,
-85170,
-103275,
-83015,
-77520,
-42219,
-66444,
-42474,
-37629,
-80979,
-64149,
-35334,
-95514,
-36609,
-53184,
-65424,
-85314,
-108582,
-74944,
-57519,
-78684,
-68406,
-88123,
-72060,
-39270,
-57885,
-67592,
-88230,
-108070,
-85935,
-63386,
-57770,
-69818,
-56380,
-60248,
-102510,
-54499,
-54714,
-91179,
-81345,
-63750,
-55845,
-57009,
-77154,
-77112,
-60834,
-62874,
-48042,
-57009,
-47946,
-86334,
-50124,
-92349,
-66459,
-75480,
-65589,
-53439,
-64218,
-46920,
-40800,
-46565,
-82764,
-70524,
-52513,
-61720,
-76614,
-67974,
-78429,
-91256,
-68595,
-92310,
-92669,
-44255,
-54366,
-88182,
-68229,
-53184,
-63829,
-72459,
-69759,
-66768,
-67209,
-85144,
-46962,
-98168,
-60690,
-74460,
-65280,
-46299,
-79715,
-50235,
-56355,
-46299,
-109029,
-132807,
-101804,
-80580,
-85029,
-79194,
-50889,
-72309,
-58905,
-48960,
-50640,
-45390,
-57885,
-44727,
-36099,
-103482,
-57009,
-63914,
-58551,
-19898,
-50634,
-75423,
-78237,
-68879,
-46203,
-57264,
-111243,
-94605,
-50235,
-60945,
-59559,
-77919,
-48251,
-89456,
-42125,
-98096,
-97305,
-106425,
-88004,
-79959,
-48920,
-56865,
-39527,
-76245,
-100932,
-69504,
-49141,
-41454,
-74052,
-68739,
-47574,
-44004,
-94367,
-83941,
-59559,
-58284,
-93219,
-34824,
-60597,
-84052,
-55335,
-111243,
-67782,
-72930,
-64155,
-50745,
-72213,
-93330,
-96051,
-97665,
-116790,
-40035,
-42474,
-71493,
-56754,
-74658,
-74394,
-18759,
-95769,
-135196,
-69504,
-67464,
-91944,
-105969,
-67974,
-31764,
-94239,
-53550,
-66555,
-70294,
-76500,
-93330,
-69159,
-47685,
-24584,
-57120,
-86700,
-121188,
-72054,
-46728,
-80835,
-100470,
-62985,
-54315,
-58140,
-71655,
-55819,
-42984,
-48849,
-93984,
-80194,
-87388,
-44769,
-64053,
-75879,
-50379,
-59304,
-69249,
-49062,
-53550,
-76245,
-39270,
-41964,
-51144,
-44154,
-43749,
-32784,
-45962,
-62258,
-56865,
-50881,
-78308,
-51025,
-60617,
-56240,
-47940,
-56240,
-51510,
-71544,
-98127,
-53069,
-86190,
-70403,
-88134,
-83529,
-88995,
-63750,
-109565,
-105570,
-83448,
-98940,
-43605,
-74090,
-57885,
-49062,
-75687,
-48594,
-48849,
-48849,
-71910,
-50235,
-96390,
-39924,
-80325,
-96504,
-44370,
-41820,
-47940,
-56100,
-90015,
-44769,
-50189,
-57231,
-65025,
-61370,
-70380,
-55556,
-46920,
-48299,
-73568,
-86242,
-45390,
-46410,
-61999,
-59160,
-83640,
-72819,
-49643,
-83784,
-61484,
-82764,
-49064,
-73262,
-148108,
-57987,
-85680,
-84915,
-96024,
-21309,
-53694,
-62874,
-38037,
-32784,
-71034,
-70796,
-77010,
-46410,
-43605,
-68484,
-38760,
-57885,
-84915,
-93630,
-68139,
-40290,
-45900,
-65280,
-109434,
-48373,
-49210,
-55607,
-113521,
-85059,
-50235,
-80835,
-66045,
-77664,
-76175,
-97410,
-97131,
-100274,
-82948,
-18504,
-35589,
-62781,
-81795,
-45432,
-30999,
-46129,
-72309,
-54927,
-120249,
-51399,
-51645,
-49062,
-57630,
-19794,
-67651,
-65088,
-78174,
-27795,
-62169,
-88901,
-119484,
-42211,
-63240,
-80325,
-67830,
-42984,
-86955,
-86112,
-72197,
-49357,
-35591,
-32180,
-61599,
-74604,
-67464,
-56244,
-32019,
-52674,
-62682,
-63269,
-74944,
-49104,
-82572,
-75964,
-110837,
-77231,
-85824,
-41097,
-73839,
-59925,
-58650,
-56610,
-88947,
-60564,
-91689,
-97299,
-55479,
-39909,
-91493,
-108398,
-110087,
-57375,
-44422,
-53343,
-78285,
-48960,
-46155,
-80979,
-106537,
-65424,
-52674,
-55562,
-89279,
-54099,
-22202,
-32370,
-45183,
-103275,
-57630,
-57868,
-39414,
-79208,
-80413,
-132502,
-48918,
-72309,
-51284,
-68739,
-30744,
-77919,
-86445,
-71988,
-87626,
-84978,
-112854,
-69249,
-61200,
-48195,
-27540,
-61123,
-48234,
-48734,
-10762,
-23970,
-54570,
-89020,
-60852,
-54714,
-80478,
-72675,
-50640,
-30379,
-57519,
-46920,
-87210,
-106335,
-72437,
-47430,
-74715,
-128223,
-78540,
-74689,
-83768,
-61095,
-37740,
-76299,
-49614,
-52827,
-52233,
-57120,
-39525,
-77838,
-82280,
-80874,
-73329,
-48918,
-119148,
-90015,
-50592,
-45135,
-66300,
-43605,
-69233,
-80992,
-60324,
-51524,
-53040,
-89505,
-78795,
-52360,
-41330,
-46665,
-45390,
-105267,
-86774,
-72734,
-46809,
-38139,
-89649,
-48594,
-60069,
-76389,
-74970,
-65535,
-52785,
-78684,
-72363,
-73695,
-27285,
-35700,
-77205,
-36210,
-54315,
-45390,
-75841,
-106224,
-56244,
-57009,
-52164,
-74672,
-60180,
-37136,
-54570,
-101235,
-44370,
-44370,
-90780,
-87462,
-40689,
-48849,
-57099,
-49062,
-113427,
-79194,
-34510,
-54315,
-46308,
-35497,
-112854,
-34005,
-46299,
-78429,
-66627,
-39651,
-116175,
-54315,
-66166,
-62364,
-80724,
-49138,
-90669,
-57519,
-66189,
-35589,
-92964,
-62560,
-54635,
-55550,
-101513,
-49812,
-74094,
-75114,
-95514,
-75211,
-53550,
-51510,
-50045,
-56244,
-79367,
-77973,
-66699,
-71119,
-77265,
-45390,
-76809,
-81640,
-95951,
-54315,
-90759,
-70537,
-75624,
-63384,
-69144,
-64510,
-28357,
-70779,
-50009,
-44467,
-48822,
-63495,
-76670,
-65887,
-40542,
-60069,
-81234,
-53439,
-66354,
-48960,
-49938,
-61407,
-45789,
-58539,
-46299,
-106533,
-28305,
-48960,
-55675,
-102510,
-91290,
-58905,
-87720,
-109395,
-89505,
-42984,
-66414,
-62704,
-66954,
-70269,
-105459,
-93027,
-82365,
-75534,
-88485,
-75029,
-91035,
-124950,
-100725,
-60656,
-47175,
-62220,
-104040,
-56244,
-76794,
-53652,
-52674,
-40179,
-44370,
-44370,
-51447,
-50419,
-60242,
-72675,
-95115,
-60850,
-76755,
-46959,
-49062,
-91179,
-80087,
-90159,
-52674,
-43749,
-73289,
-42219,
-113985,
-82322,
-69870,
-119595,
-106845,
-116088,
-100470,
-133875,
-139485,
-147708,
-141270,
-108375,
-77265,
-75990,
-99801,
-140250,
-98940,
-111945,
-133875,
-90015,
-110925,
-84660,
-67056,
-145855,
-111936,
-144330,
-139995,
-111343,
-88485,
-133515,
-68146,
-146302,
-126990,
