# 744 (shape [1, 16, 8, 8]),
-75735,
-139615,
-123420,
-101757,
-101062,
-122737,
-111050,
-123420,
-33331,
-53295,
-510,
-19432,
-31875,
-58140,
-36181,
-81345,
-22503,
-57132,
-35445,
-22440,
6555,
-73695,
-55335,
-40800,
-42001,
-90789,
-48450,
-16575,
17021,
-63620,
-66300,
-31365,
-9616,
-47430,
-23460,
-20655,
-35445,
-7702,
-80070,
-102255,
-27976,
-55590,
-88230,
-38505,
-28305,
-17115,
-75480,
-108630,
-18360,
-72675,
-93046,
-70380,
-126480,
-45645,
-81515,
-119850,
18241,
-31208,
-26912,
-510,
-33503,
1567,
15810,
-87720,
-41055,
4188,
-27285,
-37849,
3479,
-25336,
13964,
-49725,
12380,
5355,
40545,
16070,
19635,
-4845,
36127,
-19125,
4492,
12677,
36975,
6120,
-4258,
-27030,
36210,
1275,
-29695,
-76320,
-50490,
-9945,
-16934,
-12556,
-29580,
-20910,
15695,
6630,
-5865,
7905,
2040,
-26515,
6885,
-13770,
38900,
13005,
-27540,
8670,
-46665,
-272,
-30345,
16830,
67065,
70890,
48367,
-27285,
-14280,
28815,
4828,
-3825,
9544,
6319,
27047,
24735,
-65591,
-70768,
-79815,
-41820,
-510,
-635,
-49725,
-14338,
25746,
-21939,
35531,
8925,
-17545,
-24480,
19890,
5254,
-7395,
-4590,
61958,
39780,
8973,
-23158,
9435,
30345,
4814,
-34425,
31110,
26520,
-1990,
2867,
35700,
25245,
33501,
23546,
24735,
-8925,
7445,
9435,
20145,
20400,
13005,
52174,
65025,
21675,
17645,
24480,
-14790,
56100,
-30345,
9555,
-6375,
-14280,
3825,
36720,
23708,
28050,
-9180,
23205,
22801,
-11475,
-3772,
27263,
42583,
13770,
14258,
9754,
-26010,
-20145,
1530,
85808,
35955,
44220,
74361,
13671,
59979,
22185,
35594,
40800,
3825,
54166,
83640,
21420,
55838,
6630,
79716,
43581,
53805,
27030,
44336,
2805,
51000,
44880,
54209,
22200,
20910,
10710,
56566,
59214,
48195,
41055,
31769,
40290,
65790,
37230,
70125,
60541,
56355,
81600,
18509,
40035,
35445,
45390,
35445,
45353,
74715,
88740,
57885,
123165,
97658,
81345,
63240,
58905,
78516,
43095,
71739,
46543,
7912,
15555,
43483,
61007,
32385,
21165,
75990,
60565,
83895,
73336,
61162,
45607,
95149,
55335,
101711,
-21675,
45645,
49734,
17085,
-5100,
44134,
82875,
65075,
-15440,
55335,
25500,
-10777,
-7905,
31365,
42840,
92786,
35926,
15810,
38250,
16735,
42109,
26010,
24990,
77996,
37485,
20655,
14790,
-13260,
44634,
-18615,
18360,
113186,
38505,
22440,
37740,
-70125,
-27175,
-13005,
27285,
74715,
21420,
-25991,
37230,
-12240,
6630,
2718,
24735,
53471,
-40207,
-32301,
-28050,
-11902,
-26353,
-20400,
-85680,
30600,
-3070,
-58140,
-47259,
-55073,
-62723,
-27069,
44880,
-14898,
-15300,
-17850,
-13549,
-42840,
-35445,
3374,
0,
-5917,
-8243,
-70635,
-24735,
9190,
-46410,
18360,
-33915,
-29943,
-16626,
-64005,
45390,
23852,
-5649,
-21165,
-97920,
-2913,
2040,
-33915,
15300,
-55845,
12461,
48195,
36720,
17487,
22440,
-39015,
11475,
-73185,
24878,
47175,
47940,
88485,
11985,
-1471,
-9690,
-51000,
14790,
-6632,
47175,
90196,
-11402,
2096,
-3570,
-36647,
-9482,
510,
64770,
-10200,
-34469,
-4080,
-24836,
-28974,
-24129,
-18833,
-57630,
6033,
-38250,
4080,
-6248,
-13515,
-2550,
-11286,
-5865,
-9387,
-20508,
14790,
4845,
28209,
24225,
24225,
18870,
4248,
10757,
-3825,
19635,
-16039,
-16793,
13260,
-34425,
5268,
1275,
9690,
-7395,
-8670,
-24098,
21165,
27540,
-8247,
-510,
14790,
-6630,
-7650,
8307,
11730,
9435,
21930,
-14025,
4779,
25500,
25500,
21420,
18009,
-25500,
59526,
-9187,
42465,
28305,
44618,
46824,
36210,
-10965,
-26520,
-39804,
-37230,
-32344,
-2505,
-46620,
-24227,
-67320,
-2141,
-42330,
22695,
-19914,
-32130,
-41055,
-15016,
10965,
-25430,
-53050,
-9435,
-10710,
-16604,
-45390,
-6885,
19125,
-26111,
-49092,
-53550,
11985,
-23188,
-32132,
-32895,
-4845,
-13616,
-29070,
-43605,
0,
-54315,
-25779,
-24480,
44115,
-27131,
-8415,
-34680,
-34680,
-29580,
-54820,
-37740,
11730,
-8925,
-51510,
-46891,
-70380,
-82620,
-13005,
-19063,
35700,
-28088,
-42524,
-16149,
28305,
-8864,
21025,
15045,
36975,
93840,
115694,
89760,
83700,
100198,
79288,
72677,
118065,
88759,
116535,
10965,
82375,
73185,
80325,
69929,
75480,
72364,
93315,
23715,
54825,
63803,
104550,
81600,
-4845,
71929,
144028,
54060,
67575,
81415,
95882,
94605,
28305,
51784,
81600,
52275,
32640,
55590,
68350,
70890,
20145,
45664,
73950,
50235,
71400,
87210,
16219,
26520,
5355,
28815,
84915,
40094,
87975,
66810,
-10965,
-30503,
-16065,
34815,
82532,
6810,
765,
32297,
53175,
61965,
11730,
-87210,
-62544,
-78795,
-78136,
-67486,
-68761,
-84864,
-59415,
-69057,
-61965,
-35445,
-77532,
-62730,
-105825,
-54187,
-72675,
-71422,
-56033,
-55335,
-60435,
-37896,
-80835,
-28815,
-26520,
-96852,
-71864,
-23970,
-60180,
-61318,
-94044,
-66300,
-52275,
-81297,
-73185,
-55590,
-36975,
-46410,
-33672,
-41310,
-74715,
-83847,
-76500,
-103275,
-68850,
-84915,
-9278,
-65025,
-80070,
-70125,
-50745,
-20272,
-55080,
-65025,
-16830,
-82772,
-47940,
-68615,
-47199,
5285,
-48450,
-102789,
-57551,
-75990,
-99195,
-68085,
-76150,
-50235,
-72518,
-105514,
-57574,
-98805,
-70125,
-68977,
-83385,
-86955,
-98577,
-97410,
-86445,
-113164,
-87975,
-89262,
-117224,
-108885,
-70890,
-75985,
-104550,
-137445,
-71400,
-79687,
-106558,
-60180,
-59160,
-72410,
-67695,
-116025,
-42585,
-72802,
-105315,
-50235,
-61710,
-88485,
-82257,
-139485,
-82620,
-81472,
-126225,
-64005,
-93330,
-134895,
-83381,
-113475,
-90780,
-88995,
-155805,
-131014,
-116025,
-117555,
-98685,
-94396,
-65535,
-99834,
-172446,
-155690,
-123165,
-118896,
-121203,
-97155,
-120360,
99195,
70412,
45645,
30018,
13075,
47500,
43119,
60180,
45981,
55590,
77010,
14987,
52785,
31110,
69848,
45135,
48531,
31314,
56865,
44115,
32370,
10710,
54570,
10965,
53631,
5709,
12240,
15810,
32255,
35979,
74460,
32385,
92391,
38505,
51255,
84915,
45645,
46352,
3570,
-77775,
102846,
62220,
41820,
79305,
10965,
26848,
26010,
-29580,
105060,
88995,
80813,
74715,
54570,
34425,
44339,
30600,
39118,
105109,
127245,
6885,
36514,
53778,
57630,
-73440,
-30855,
518,
-66555,
-43603,
-13058,
-52328,
-43720,
-25245,
-5305,
-59415,
-61965,
-71229,
-85170,
-56610,
-37875,
-12240,
-5362,
-65753,
-56100,
-89505,
-75283,
-76245,
-51000,
-33915,
-38455,
-50720,
-64770,
-17595,
-29407,
-56980,
-76500,
-77010,
-44320,
-61965,
-74970,
-94350,
-65280,
-29154,
-36975,
3060,
-33100,
-42075,
-115515,
-52530,
-80070,
-48656,
-30090,
-28305,
-16320,
-40800,
-76125,
-50235,
-76245,
-22185,
-47019,
-80325,
9718,
-18548,
-67632,
-18105,
-41753,
-73320,
-53040,
55590,
10455,
-5333,
38250,
36578,
45501,
57741,
18243,
42075,
-24675,
-26775,
11985,
-17383,
-3060,
-10200,
-23063,
-18105,
-39465,
-10916,
6885,
-11730,
-1992,
-9690,
-34425,
1275,
570,
-19748,
-11730,
-11475,
-10385,
-20772,
-21930,
16065,
-40995,
-38760,
-41565,
-36210,
-10710,
-5908,
255,
-16830,
-19065,
-35445,
-20655,
-24990,
-6375,
-1937,
-25245,
-68595,
-18615,
-35190,
-33008,
-22440,
33150,
3570,
-30574,
-15045,
-12862,
5161,
28050,
20910,
8476,
30105,
14535,
-26520,
-31875,
10575,
-40290,
-9154,
-20561,
-63656,
-20552,
-54060,
-15185,
-40290,
-3060,
8562,
-10455,
-35955,
14148,
-76500,
-32753,
-28457,
-16320,
-16830,
-19788,
-54570,
-765,
-85935,
-18500,
-33001,
-63495,
-19125,
-11047,
-36362,
-27795,
-109905,
-27935,
-37230,
-34935,
-29580,
-22695,
-30453,
-21165,
-83895,
-38645,
-45390,
-18105,
-20400,
-41310,
-34359,
-69615,
-53040,
-33915,
-7905,
-10842,
-69870,
-62730,
-54315,
-68261,
-50745,
-11410,
-48322,
-47148,
-18360,
-58012,
-27062,
-27285,
-60435,
-28050,
9530,
18360,
20984,
-25606,
9329,
-4887,
12750,
-919,
24480,
-23205,
18512,
10455,
-9180,
-11705,
-25500,
-12019,
-7167,
-3570,
7905,
5545,
-27795,
-2805,
13515,
-36109,
-18580,
-53040,
-21930,
23431,
-44157,
-18105,
19890,
-6274,
18105,
4080,
18870,
-3060,
-9538,
-5610,
-38250,
18716,
-18615,
1785,
14535,
3315,
7491,
6120,
4335,
-3060,
-26010,
18385,
-10965,
-17085,
22440,
3887,
-37230,
7494,
-2658,
14400,
-16065,
-53403,
-39260,
-45135,
19380,
