# 935 (shape [1, 800, 4]),
23893644,
-6637773,
18544116,
11177870,
-3536118,
22233640,
22232192,
17771512,
714338,
14995892,
9341681,
-7773062,
-5246575,
-15603252,
-26015150,
16704811,
16526298,
-7740129,
-14452608,
-15768662,
29896464,
-5005910,
-25756782,
-21458328,
-47582936,
-31753812,
3839014,
-7783292,
-11312332,
-48253640,
51391640,
6776400,
-43333544,
-23135702,
-44192540,
-42579616,
-17843340,
567861,
-9894699,
-76218160,
37808608,
21567876,
-32735332,
-26766008,
-45070136,
-46259412,
-9804792,
-7464165,
-3546370,
-87996424,
26406634,
3632607,
-10059318,
-3729562,
-57950400,
-30123046,
-4534777,
-13748686,
1099296,
-86685872,
17649044,
-2265946,
9788752,
868675,
-44589920,
-24483160,
1407549,
-32570320,
-13434228,
-61959592,
25671436,
-8026717,
29375826,
26570884,
-38410980,
-16618802,
12678973,
-22756612,
-26994428,
-56766576,
31780486,
-23223892,
50822752,
28028760,
-23439312,
-26841360,
-5529822,
-9742084,
-22834902,
-71690768,
19370708,
-16025157,
32576252,
6351839,
-18180836,
-27951376,
-7795974,
-5997836,
-15341070,
-52437504,
19136444,
28721724,
22337458,
23354006,
37411504,
55833828,
67695448,
59741228,
47260620,
36133424,
17337066,
44567520,
53225616,
60736320,
72261744,
76066456,
88887824,
88802704,
80039400,
56799136,
40592776,
81372528,
106274128,
112970648,
91560352,
65376024,
65059908,
97167120,
90460096,
44105604,
31406286,
71872976,
67534760,
66089824,
46322720,
33627836,
23828460,
18519480,
56726200,
2339569,
-16226642,
-684595,
-58900,
34124040,
33706972,
36104664,
35671504,
21031694,
44779864,
18063838,
-7745111,
6719539,
18415956,
42128344,
30068996,
38911888,
58472224,
12861677,
11716970,
-2756175,
21068022,
10699635,
14779041,
37741784,
34521992,
50569220,
72962752,
43338968,
30406818,
2306059,
5728930,
6290709,
42743180,
51653368,
52719824,
16960224,
15116778,
46368072,
55884128,
18054508,
-6748269,
23085384,
68369408,
74683352,
77380848,
34343344,
28327950,
35395776,
62001284,
37592000,
-16930088,
3879212,
-1864127,
-25985006,
-33177204,
-28724410,
-46214908,
-36678544,
-55074968,
-39473552,
11821204,
14593824,
4356716,
-19538188,
112066,
2066327,
2211965,
6726710,
2000700,
-17330378,
22871426,
23574932,
9620194,
-18826562,
18386292,
-2463174,
-20176214,
-552383,
1049741,
-50146180,
28525980,
9204120,
2773054,
-9445929,
5671133,
-3787450,
1379607,
10214431,
-12013749,
-68816600,
40161900,
-13210636,
8412237,
16563653,
8988949,
19029584,
1833340,
45268168,
-19296328,
-53068836,
32375872,
-15392134,
4890189,
8509082,
49617416,
39708764,
20209322,
51992116,
-19208640,
-27481736,
45080844,
-2065737,
8089406,
-18016236,
36468116,
5460996,
22608124,
63713164,
-15301447,
-26791738,
29765680,
17555724,
14316062,
-34506792,
-3417646,
22157772,
15254735,
22963632,
-42799748,
-33802960,
40820696,
23474352,
14357227,
-9892606,
-18238036,
48078128,
25750604,
3443038,
-42211404,
-64938984,
52953308,
13681462,
17515044,
-19788296,
2096800,
59994224,
46087152,
16649045,
-36781176,
-65537584,
26263040,
13091115,
12770828,
-11109378,
15673942,
41184004,
32139056,
2270015,
-12796746,
-21858772,
-58822040,
-68034432,
-62564476,
-70260832,
-76678784,
-67441640,
-52459840,
-59970296,
-49198108,
-28261838,
-60290540,
-87881360,
-68522944,
-61747684,
-79897888,
-70987888,
-52172920,
-46299820,
-45164020,
-28662762,
-47811384,
-71506840,
-48939704,
-60941384,
-47526928,
-25400242,
-13588575,
-14137642,
-23919916,
-9886698,
-61533072,
-74412656,
-48767288,
-63798024,
-59340480,
-41522380,
-35589184,
-24304370,
-20927810,
-3020973,
-50216144,
-63388724,
-20279244,
-25356460,
-37541552,
-50513512,
-36595244,
-24406862,
-28312000,
-64993,
-27121932,
-33120884,
-14101743,
201836,
15110738,
-35962272,
-54018548,
-35186780,
-20550110,
2101081,
-46751928,
-53743716,
-28990028,
-15221804,
9020713,
-14051219,
-46875540,
-35105880,
-6032214,
16204652,
-54648908,
-71656640,
-35050632,
-17097574,
-23544494,
-33571528,
-20214402,
-18519554,
-16865966,
-12487005,
-32471550,
-60680780,
-48664400,
-46705728,
-63141688,
-66204232,
-25167430,
-26408332,
-37037612,
-26801652,
-10293612,
-11081908,
-1449031,
-763531,
-22839912,
-22197196,
-21322428,
-16257042,
-7096424,
10064021,
1538060,
-14462336,
2820509,
-3467781,
-9165298,
15973100,
17595928,
4788165,
-13163159,
12218845,
9999961,
-29228588,
-10831362,
-24999338,
-40931480,
21268704,
16043734,
-21905550,
-27590900,
-9515323,
31888404,
-24023564,
-27909342,
-20090100,
-59137912,
-20734242,
-136205,
-20032540,
-45162764,
-42684540,
37917712,
-10081545,
-43378112,
-23794026,
-62755168,
-48418984,
-3648978,
-11063943,
-42676776,
-78312568,
21545912,
12241968,
-40636428,
-22128154,
-56891016,
-59531052,
-16838836,
-27182924,
-21159178,
-76145424,
8460520,
423827,
-35488600,
885041,
-58977920,
-47583948,
-840837,
-29047848,
-18642814,
-93911208,
6258789,
-8016778,
-225410,
-7948324,
-38263032,
-45250276,
-1752481,
-48863472,
-25504648,
-72154456,
8381257,
-13259390,
22140460,
6340055,
-28283708,
-26492662,
-6648070,
-38656976,
-53446004,
-57774896,
4507182,
-28360976,
33229850,
6423110,
-40881032,
-42868144,
-16888216,
-43839608,
-49016768,
-74846544,
2043731,
-27885136,
32937650,
3233610,
-27401722,
-31378324,
-13394909,
-27804910,
-18858020,
-60920280,
15243631,
47434640,
47890032,
50998768,
55782960,
56678896,
71007536,
66450548,
51535852,
21447754,
29172822,
83283160,
109402896,
124960376,
135255408,
134555856,
129567456,
148381344,
113510920,
69698096,
20780570,
80102488,
100241376,
101282712,
81438848,
89275744,
109743184,
106106592,
93373816,
62375152,
38611344,
106112024,
91613176,
106134568,
77281608,
58107268,
64089624,
76674432,
95582400,
59805604,
-7139156,
48256400,
66528960,
86446464,
70547696,
60728448,
67334456,
50906480,
68012192,
49100308,
-36810724,
17366748,
30836180,
62668232,
61959676,
63932600,
65502920,
58843064,
65131852,
42888136,
-15758252,
25277786,
54791440,
79040016,
52631440,
61176304,
69959368,
36182248,
22096728,
13923411,
-15506448,
13327177,
52322084,
86074528,
67909360,
52409408,
59628496,
54469448,
58168144,
29438860,
-1085182,
21627542,
49887432,
67154672,
54265316,
26244064,
25737134,
37943776,
51683756,
34781008,
-10306809,
15091273,
14467109,
27939866,
25160804,
19120630,
-1401420,
-15698669,
-6513873,
7184672,
24733092,
37021072,
16649230,
-9780027,
14329447,
22125260,
5854062,
14575472,
11064819,
-13228406,
42396800,
37319368,
14204382,
-16104300,
27043694,
20207278,
-4422829,
6195063,
4901974,
-42412016,
57165472,
7306685,
3245787,
588953,
20126326,
14029944,
17181484,
22760092,
-10080616,
-38741488,
48799384,
-4099741,
-9733124,
18043980,
28719138,
32210996,
15366649,
21402564,
-24119086,
-23950388,
53017672,
-20294794,
4657651,
19343192,
34068808,
40825752,
42408912,
44816336,
-29364730,
-16172180,
54893564,
-8827702,
5112119,
472931,
37536800,
37980528,
43224208,
60463560,
-32191014,
-14552072,
54818320,
18855662,
14918568,
-20469398,
9680016,
28734474,
7660336,
17315232,
-28704894,
-23907932,
36807216,
13603342,
36838448,
-23942166,
8316834,
38395552,
31506266,
14423108,
-37446168,
-47420560,
34550712,
15456148,
15534830,
-37477320,
-1636743,
51653712,
29327194,
-802150,
-46038856,
-54096460,
17699056,
1423462,
2620554,
-27422712,
13524982,
44633928,
21205732,
-4305570,
-25640018,
-9888726,
-49359696,
-43682216,
-37612168,
-41951980,
-39170400,
-45313528,
-40337316,
-41849160,
-43460640,
-26457938,
-56138344,
-70686112,
-52460992,
-52653364,
-80451448,
-76328960,
-58827360,
-50463688,
-48025564,
-37614776,
-42014916,
-74266920,
-48568696,
-64301172,
-52247192,
-50801836,
-38251776,
-15847769,
-23081968,
-18695132,
-73177360,
-94654760,
-63483372,
-65101296,
-53838904,
-38447272,
-33066212,
-30092994,
-39306564,
-17798764,
-51827768,
-66443724,
-28306872,
-24256384,
-41037720,
-50288264,
-20252128,
-24564356,
-43910036,
-24841954,
-30246848,
-37609120,
-7521759,
-4502594,
-7893257,
-23464560,
-33981296,
-33196640,
-19159358,
-14856690,
-46581576,
-50529112,
-13500599,
-15556985,
12185243,
-27861168,
-45350060,
-35626280,
3652515,
17813696,
-79001672,
-80005536,
-25636432,
-17478370,
-27773500,
-36719832,
-30973572,
-15262050,
-8697398,
-20753448,
-69690776,
-79638712,
-68104128,
-78841664,
-91571032,
-88696120,
-69988992,
-76876080,
-76980688,
-49603464,
-27148512,
-49130440,
-41123672,
-49420928,
-55622988,
-58014776,
-41484776,
-39592752,
-37202452,
-23976968,
12034966,
-4171276,
22472632,
3135882,
249098,
22385636,
20024874,
19362676,
1505825,
12509290,
22676714,
-14736606,
961732,
-22397828,
-19765302,
20466074,
10460738,
-12841368,
-9240851,
-11118996,
43602872,
-6392766,
-28933812,
-17743140,
-45949060,
-28427866,
418729,
-21593318,
-16125758,
-51679320,
53233312,
6956145,
-44590292,
-23909006,
-57657616,
-52472048,
-12719331,
-5585748,
-12861641,
-78962256,
47656640,
5268050,
-26087192,
-35849148,
-44636412,
-37421360,
-13141494,
-9836546,
-9056489,
-96474816,
39839340,
-2241671,
-11581278,
-3184075,
-47486812,
-37741132,
-101871,
-20232380,
-2700690,
-87713984,
21865494,
-9814703,
6137368,
-2333427,
-55332656,
-9529966,
3269266,
-30143280,
-11869664,
-71229360,
24635176,
-3021422,
32193916,
21415256,
-33224172,
-7155518,
1944675,
-34976600,
-34409084,
-57797092,
34604536,
-13900342,
37404624,
23787816,
-26751992,
-10862077,
-5484297,
-6891884,
-21927076,
-82627936,
18739076,
-13155282,
39276656,
8346107,
-20840156,
-20709988,
-7466312,
-2543852,
-13540186,
-55073560,
30657542,
27621982,
29137192,
31023508,
42287288,
68249584,
78130464,
73299824,
57694228,
47260868,
20296832,
48253176,
61644852,
58995104,
79738992,
81141896,
98141840,
93996032,
93353344,
57774048,
45791496,
83529544,
113122000,
112465424,
88740208,
64408072,
60404104,
102246752,
89439928,
53896256,
31284370,
61468592,
70513424,
73486912,
49759616,
31470082,
26433294,
25954238,
54593176,
12437347,
-12384886,
-4999155,
4863969,
40556208,
20102892,
46317776,
35812832,
28055092,
51456224,
21997692,
-5925523,
865906,
29418670,
45870184,
36090344,
34363720,
59395536,
18344872,
13635554,
-1891070,
20086930,
5825509,
22759414,
38800936,
40165872,
58969400,
79091600,
48862804,
22268010,
6346938,
2515933,
15088655,
48544496,
59573368,
62315776,
31184282,
22783302,
53131928,
65467640,
36696392,
-16237794,
27805806,
71668464,
83826792,
72956288,
49474928,
25406078,
35805140,
58566132,
39710716,
-22290384,
74993,
-2313675,
-31009490,
-36184340,
-27625002,
-37817028,
-35181012,
-47475640,
-36434984,
12818736,
15608330,
-219122,
-14148441,
1845429,
-3588224,
-1379216,
9848970,
2946402,
-23582190,
24158684,
31798524,
9982320,
-17110956,
11639085,
-3059252,
-12538730,
-4246078,
8935603,
-57172912,
31491136,
5678543,
11222998,
-9472937,
7298899,
-11878451,
-13655862,
28049458,
-8935201,
-64568980,
37744376,
-10863306,
7901274,
6416610,
14405809,
14743033,
2350203,
42703256,
-20244156,
-62498232,
43862888,
-28172576,
6032189,
8006156,
38669640,
30495108,
16387909,
49152756,
-12950128,
-41982048,
33630160,
-1677829,
4350467,
-25751348,
32227992,
9117236,
21068148,
69267128,
-21424450,
-40299472,
29615432,
12193546,
14014373,
-28977108,
-12168853,
13922490,
18738296,
17449196,
-34790816,
-49033400,
39432520,
12215389,
11301069,
-8135148,
-7043756,
43505540,
32660192,
3815514,
-51996024,
-63475008,
47273820,
7501734,
4005243,
-24699556,
3726016,
52035556,
32772464,
9678694,
-29669758,
-77162208,
24473896,
17975154,
10271354,
-11207019,
3265531,
38096208,
26189688,
3554576,
-16821574,
-28887032,
-50113260,
-60087472,
-51575912,
-58285464,
-67810952,
-67878224,
-49558216,
-54878884,
-41663552,
-31598320,
-48915512,
-68555024,
-57642836,
-54844580,
-69520944,
-59186512,
-47168252,
-44651620,
-31663612,
-24636350,
-34981608,
-77604096,
-49786340,
-62903240,
-44058124,
-31867614,
-15069376,
-5415386,
-24329476,
-7673390,
-48888472,
-70089000,
-42146264,
-59399088,
-60084132,
-33044108,
-25739132,
-10986888,
-20022788,
-1801038,
-39136488,
-53703480,
-20513232,
-21537710,
-32044088,
-50007752,
-29054040,
-26479380,
-20320444,
-1612472,
-24446268,
-27975074,
-6838355,
6267461,
16583920,
-23384856,
-43167368,
-15146033,
-15112316,
3219528,
-40558832,
-49634088,
-21826108,
-14546080,
17632408,
-17973074,
-36129792,
-34192092,
5695737,
25387086,
-56265960,
-53784840,
-27416546,
-2748987,
-16361512,
-14366558,
-23989020,
-13928336,
-13038882,
-4723715,
-36482560,
-50662344,
-40463940,
-33240134,
-55340348,
-53206360,
-31140338,
-22677460,
-25868430,
-21419552,
-10564957,
-7781361,
-5311439,
9473504,
-21369056,
-23672088,
-17013416,
-11848678,
1023544,
9755920,
-1071085,
-2666650,
20202660,
5501562,
7634354,
21773208,
21930362,
21852232,
3715259,
17710022,
2717797,
3563369,
1576742,
-11328959,
-19185772,
24602018,
24079908,
-11760009,
-4351773,
4844937,
27351010,
-6591110,
-18931920,
-20692014,
-32729056,
-26273738,
4756031,
-1950462,
-13329564,
-33663384,
47427804,
13125078,
-33747700,
-17726810,
-44619944,
-35383240,
-567408,
1552549,
-7205627,
-66228552,
33778284,
15710044,
-21547680,
-16441045,
-40219028,
-41473172,
-5549551,
-8292203,
-9080458,
-72803808,
19322712,
9571194,
-18389222,
-4269489,
-55092988,
-22463174,
-152034,
-9149460,
10945883,
-81930256,
12947776,
185465,
14875661,
11853069,
-40942608,
-15529885,
-1068355,
-31565856,
-5932392,
-56624376,
15319824,
652308,
28569036,
24967532,
-27285844,
-12452252,
17266218,
-15194282,
-28234608,
-45497528,
25424372,
-19930564,
37342796,
17783570,
-26322356,
-25165678,
-691499,
-12098453,
-33965544,
-57704664,
12929442,
-21680294,
41755868,
-1433692,
-17575108,
-22339990,
-5869481,
-19281276,
-21306616,
-45378816,
27969696,
45305448,
37787408,
38582016,
56016996,
72776984,
92722328,
77297832,
63789688,
49881880,
31940304,
51453832,
58707160,
62506568,
81323008,
86817464,
90137336,
92897840,
89331552,
61122020,
45445976,
88976312,
122780200,
127739216,
98028712,
71216312,
70685008,
95732064,
103963088,
54471552,
58095176,
69160576,
79427272,
72928200,
54427652,
41997616,
10807733,
36316172,
54243272,
28159920,
-5025667,
12778382,
5576187,
34504740,
42115536,
40451904,
63661436,
37294088,
52936100,
27160262,
13945527,
1577504,
33336906,
62068632,
31494352,
46566328,
53199392,
17358396,
19214104,
7180597,
40585280,
11904751,
30108484,
39916648,
41083020,
47400656,
83738080,
54523192,
43515592,
5145605,
8371810,
21064960,
57857844,
59875336,
62937444,
24565916,
18086836,
57113284,
64201312,
33493012,
-632849,
22510108,
77601408,
79903776,
81580864,
51705976,
37366200,
33396260,
73195080,
46098120,
-17118156,
-3303149,
-23242596,
-30764696,
-36004116,
-35365696,
-52112044,
-47681168,
-57627616,
-34439208,
12474318,
10240731,
1799468,
-25275140,
-12432138,
-8677910,
-12631304,
-1004020,
-10488002,
-34267324,
21064548,
23625454,
6423808,
-15655286,
5382791,
-4507061,
-22186008,
-11974919,
-1036932,
-60380452,
32322870,
-920325,
-2083700,
-15675320,
-8306349,
-21526882,
-4641449,
12057075,
-28620372,
-84662072,
32646440,
-7980804,
-9578052,
-1244127,
25023464,
8415750,
-6476448,
42065176,
-18106264,
-68238240,
37533792,
-21778014,
-6380739,
827902,
38911704,
34439788,
15960914,
44116480,
-22880192,
-45538016,
40052968,
-4571009,
10215251,
-27763818,
34080472,
-1652707,
17219606,
59721808,
-23215730,
-38540520,
23006962,
14345763,
-3320390,
-38134232,
-12028721,
18755588,
10820284,
17784804,
-43665032,
-53446708,
47343528,
9597395,
12724741,
-12636670,
-17360986,
27819610,
28042810,
987206,
-54085024,
-75202728,
48496068,
11904843,
11906158,
-14400872,
659597,
58737952,
36175072,
6564356,
-41243708,
-78635600,
28539772,
7729571,
8455367,
-12404173,
10853009,
35180288,
21081228,
6457517,
-14579602,
-32238554,
-58371048,
-61471544,
-60525096,
-59145232,
-68993584,
-63320920,
-54528272,
-54030416,
-44313388,
-29891388,
-63872972,
-73840128,
-56575924,
-51896272,
-70446608,
-67125216,
-36537512,
-38599564,
-33500610,
-24960952,
-45628240,
-73315504,
-46273244,
-62174784,
-42346020,
-10900697,
-13735769,
-7018993,
-20396712,
-10101468,
-67110440,
-60053960,
-40026292,
-62308104,
-49259892,
-44139180,
-19920034,
-14144098,
-23426634,
-6819057,
-45962928,
-54665432,
-13685851,
-19510516,
-32470140,
-47765560,
-40122328,
-21446452,
-15734534,
354973,
-29851192,
-29328126,
2728175,
6167884,
11784545,
-29910936,
-37151352,
-18994348,
-13425849,
4583616,
-52158872,
-42814424,
-24602990,
-1757393,
11106475,
-11961924,
-41993632,
-27731934,
7573498,
17736052,
-50886408,
-64789480,
-26306354,
-9808689,
-13617988,
-26232006,
-12320927,
-19205418,
-9535552,
-19147778,
-29073986,
-49690168,
-41043936,
-39567216,
-58881492,
-60874112,
-33590376,
-11076851,
-32466912,
-17176744,
-6873444,
-11418653,
610353,
983556,
-28237916,
-28416226,
-6102784,
-10227907,
-2894613,
-638498,
15288442,
-15788241,
-10883774,
-14936274,
-10974458,
-3039470,
3556675,
-5000987,
-37260704,
-9546516,
7286368,
-21849792,
-41145432,
-51111036,
-42199992,
-45211684,
-21184174,
-33892544,
-71371736,
-37643576,
14572199,
-26838844,
-37165264,
-46154480,
-62929304,
-64733504,
-22598136,
-12669273,
-72868600,
-29114390,
20842888,
-40881440,
-50014352,
-43960476,
-68522544,
-71758880,
-36006728,
-41583704,
-91679872,
-49510784,
9206419,
-27292496,
-47067308,
-43579288,
-49467632,
-49193572,
-49023216,
-30945428,
-54470164,
-77655128,
-6032533,
-16770918,
-45672684,
-36376380,
-37625296,
-41189912,
-20665992,
-51884016,
-71974184,
-69005152,
50220,
-13190103,
-32830294,
-46298112,
-48662824,
-26364762,
-20204376,
-72771520,
-68289192,
-42117140,
13019391,
-29898400,
-2453237,
-25177372,
-41643464,
-25075028,
-26164452,
-75308688,
-74709584,
-39442600,
7132765,
-34725552,
-831096,
4871703,
-8979660,
-29456056,
-31603596,
-52431168,
-52792384,
-65157776,
4035380,
-36304744,
-8267262,
-14017992,
-25174480,
-48331056,
-45069564,
-50993768,
-62182544,
-51918128,
60316852,
77063016,
53085200,
59367968,
64575000,
82283024,
72300200,
71111232,
59118012,
26647254,
69440896,
72908200,
81338240,
67028304,
60202796,
61074896,
74996336,
54668724,
79258520,
13825054,
99329864,
104439928,
108345808,
121570840,
125266528,
76585608,
57431152,
64009984,
76214440,
38293112,
63359184,
75396824,
74983104,
77959696,
74617512,
103673888,
95455168,
75763760,
64894248,
21460380,
34819032,
27954534,
24033946,
19404216,
36113268,
39251304,
73846776,
72315480,
55490696,
24293026,
63705532,
44821488,
51181576,
61789648,
58792592,
29645482,
63693512,
24911274,
30223920,
6451553,
77755240,
59489504,
88189616,
73221240,
70440336,
60941220,
79461632,
70932704,
41419888,
12517088,
22732786,
25417370,
37222740,
67228752,
63977296,
62693304,
41729464,
63178264,
94412272,
39582440,
26660872,
27150860,
53910768,
61542608,
83812672,
49996416,
39883992,
27317744,
52657316,
7915700,
-17508132,
-18621808,
-14503322,
-44023616,
-64089800,
-79151232,
-88420168,
-68497616,
-67726184,
-46001184,
6604138,
7605417,
11180952,
-8967988,
4700006,
17185438,
-7385629,
13617198,
9356478,
20700652,
32424966,
46889400,
39377768,
20888666,
56652384,
51534884,
35981840,
26349406,
30626164,
12040214,
7134392,
24265924,
7837152,
16514462,
33831176,
56896044,
41400180,
22029618,
8768412,
796928,
25016996,
6889134,
11247524,
20075932,
13269420,
49307304,
44542380,
25557430,
-15766339,
-1173105,
20153176,
6044099,
19631200,
11695942,
46278848,
49994268,
40717132,
49187832,
-7235473,
1543242,
16707794,
23158362,
22140024,
15449588,
32023068,
41805072,
58097744,
44170204,
10059735,
17754588,
15501676,
30503896,
32126438,
-4931557,
15010777,
44116128,
25675120,
11893873,
421273,
10762075,
29402824,
36610684,
26079884,
-14669147,
3150854,
58750908,
12154447,
-371312,
-20650788,
-9511494,
30981448,
30515184,
26174306,
-21724208,
19312692,
31490292,
25654296,
18031800,
-20373280,
-18006026,
21154152,
39620444,
27302566,
1258052,
29966164,
53935464,
47476572,
40942176,
10143181,
17491460,
-65695856,
-105890672,
-94898176,
-114648944,
-122113472,
-134427776,
-109901576,
-102449720,
-96036224,
-69414704,
-64598560,
-100860840,
-105590440,
-106012336,
-93429752,
-83823440,
-55970520,
-49944480,
-56053588,
-59074148,
-61779300,
-91029880,
-69001704,
-59556004,
-66106640,
-37369284,
-14583535,
2238984,
-5477129,
-36443880,
-44371024,
-75022832,
-17791052,
-46774224,
-30525156,
-41164960,
-57780408,
-10077552,
-30034100,
-17684164,
-36499312,
-70252144,
-46307844,
-49456236,
-35721760,
-67683872,
-65737028,
-34357840,
-28087244,
-34165732,
-32366520,
-74772272,
-41655232,
-17806376,
-2260951,
-35448700,
-48616024,
-46175112,
-40086224,
-32918958,
-40407480,
-50985948,
-49712456,
-31005240,
-17299128,
-5154055,
-49702372,
-34331576,
-31685444,
-16862336,
-25784756,
-75447376,
-48945100,
-34123000,
-32047808,
-28988976,
-20030888,
-6554214,
-20055324,
-38844116,
-39171432,
-63802440,
-18052818,
-30484036,
-34972816,
-49497916,
-19752000,
-7702030,
-24864096,
-29045568,
-2559526,
-25842896,
-8483303,
-13224094,
-5095086,
-28791136,
3996693,
-17525348,
-1132867,
-17968992,
-4270743,
-11636907,
8142093,
-10429966,
978678,
7359992,
8566051,
14671242,
2077406,
28780824,
5595861,
-23269204,
3821175,
-30901534,
-11041326,
13437788,
2407400,
-8734354,
16801628,
9669433,
50632812,
-5054052,
-20178694,
-20050916,
-33621440,
-3207314,
-12357065,
-12168737,
21543736,
-23801188,
65048048,
10904596,
-37828156,
-24307544,
-58867320,
-22582692,
-5687093,
-9498840,
11529162,
-65031164,
64194584,
10945434,
-12348632,
-13600862,
-58394432,
-17972728,
-19404244,
439937,
29958608,
-66737548,
41372832,
-629741,
-5460513,
-11193958,
-65960728,
-8404189,
-22139804,
2856043,
34329744,
-76031544,
32268084,
-13551310,
22134734,
-3068591,
-54022024,
-7089026,
-10991104,
-34420712,
23952916,
-64392040,
23649936,
-18642500,
31257128,
25128764,
-45180964,
8688876,
-1657608,
-6684311,
-10889024,
-48184472,
26528912,
-21431988,
29440298,
2164464,
-46166840,
982061,
-8863886,
13730644,
-12036282,
-57634640,
25173600,
-4926304,
37596448,
9250095,
-20335158,
5735110,
87716,
20690194,
-1623029,
-35576344,
38852312,
61320172,
48450724,
62070024,
46945760,
55692792,
61911888,
45742936,
39641352,
40173432,
58659688,
95183560,
90979120,
120230304,
107350496,
102788704,
121291360,
126706584,
122099336,
82902480,
46684152,
96039280,
90738248,
70563320,
81560544,
80155328,
85453848,
101526064,
101255728,
52576920,
63050300,
115013136,
113431280,
87622144,
68152672,
53146472,
49475300,
85592680,
124809688,
68171816,
36231572,
60402416,
89469544,
94466056,
72634784,
50812876,
51163068,
47458484,
89799056,
56152264,
664641,
25405358,
50079596,
82613000,
81067952,
75331472,
83895744,
72374432,
77724288,
58169952,
30127164,
36914252,
60098880,
88396528,
98851416,
76112096,
79594280,
48112264,
57167764,
43445612,
28811008,
38653408,
70949640,
103477640,
88404496,
41810996,
36933584,
56522464,
57426940,
44335428,
13066393,
25636160,
63406072,
60925468,
51517664,
14697137,
17615356,
39273760,
58998328,
33733028,
19844316,
43848664,
34167976,
31389642,
30479058,
52387056,
39644736,
25616632,
14469672,
8909861,
-16482872,
-44009200,
-45039804,
-57492924,
-43559740,
-52235848,
-28615624,
-26070686,
-27880534,
-45527824,
-36841088,
-47480868,
-48458672,
-67765664,
-49040928,
-74096176,
-60320840,
-16206697,
-22747688,
-71764384,
-15864493,
-37996152,
4381399,
-52234880,
-27088398,
-68418256,
-57745264,
-12358370,
-18249660,
-66599036,
-10529553,
-51423844,
9208310,
-10912599,
-7289203,
-31579026,
-29457376,
24692632,
-9383016,
-51228224,
-3292728,
-72555904,
-12372169,
-36285100,
-6064312,
-32835392,
-29890788,
8170519,
-22951336,
-50618796,
-734549,
-47558792,
-36862756,
-61345480,
-5912306,
-34812552,
-3910472,
11716345,
-53207048,
-59226280,
7836364,
-48714292,
-50161216,
-64512328,
-42836260,
-12184873,
-2014707,
-2376813,
-86146160,
-62019344,
-10357359,
-62467480,
-69995656,
-53803208,
-54904912,
-1398026,
7494935,
-15100959,
-72661104,
-84561320,
-364361,
-66629560,
-70138704,
-51854504,
-48601008,
10032308,
-8670846,
-41009592,
-74949920,
-94452056,
-7525614,
-51008596,
-46263952,
-55393876,
-37831880,
-3915735,
2433978,
-39830968,
-43351688,
-70720840,
-31979066,
-16792632,
-19817664,
-27604060,
-26488924,
-38505744,
-34101188,
-47937296,
-49929576,
-15117757,
-50312696,
-53319624,
-60869320,
-36935464,
-67903360,
-61309064,
-55395192,
-58437976,
-54138128,
-39722504,
-43448440,
-60121696,
-58857432,
-44279468,
-63606672,
-57016012,
-32672752,
-26297988,
-15927789,
-10522395,
-68056176,
-64620452,
-58978400,
-48225928,
-47289288,
-36998216,
-33253204,
-37555816,
-46672548,
-9430864,
-60515400,
-44895496,
-31347512,
-15543201,
-35468384,
-42052276,
-6806784,
-20855480,
-23823470,
-13082843,
-47111496,
-28607378,
-18785252,
2260107,
-9418400,
-39203080,
-39642812,
-36334324,
-14737006,
-72983,
-64910388,
-11075664,
-6958431,
6888412,
14239041,
-24418674,
-68482864,
-32703720,
15195829,
18283182,
-81084400,
-57513564,
-20697962,
5606116,
-23589808,
-37459768,
-41595276,
-34908724,
-19485876,
-18583706,
-76669888,
-91337040,
-77667248,
-60689960,
-68652600,
-91419952,
-75362456,
-81313328,
-57226200,
-52876820,
-11389003,
-13973169,
4244532,
-8853294,
-19289760,
-51649072,
-34025144,
-15518576,
4093975,
-221243,
-7771329,
-15284021,
8337603,
-10742661,
-6247467,
4720156,
585953,
11821286,
-3557773,
28926126,
2516595,
-22107412,
1256818,
-31102720,
-11774488,
18094184,
10527916,
-9075925,
21199408,
11825486,
47826736,
-2642595,
-21031658,
-21876936,
-38352032,
-8512245,
-11316637,
-9823883,
18202388,
-27553026,
66572544,
10854354,
-44713528,
-23632352,
-55420856,
-23059152,
-7068370,
-10633492,
13341968,
-65460112,
60983252,
14704793,
-15935994,
-15172598,
-66560600,
-18857756,
-22129532,
-3698187,
29016730,
-66870124,
38064684,
-4695042,
-2722262,
-14183763,
-67051064,
-11153074,
-10076843,
-4376702,
38707128,
-76433104,
25043288,
-15971885,
22502776,
-1400741,
-54401876,
-11512723,
-15186509,
-31467452,
19223468,
-61765896,
25556892,
-21056460,
25348990,
26878576,
-44227704,
693991,
-4212662,
-9306810,
-10164891,
-43988968,
21327742,
-21306428,
32440876,
8322129,
-42329152,
127142,
-8909140,
14439916,
-14538298,
-58718844,
22226512,
-8618565,
37768192,
9564920,
-23884362,
6319765,
1147586,
19414246,
2293700,
-33183208,
31575508,
62915264,
51329168,
58601360,
41502752,
61966184,
65381336,
49944920,
37087212,
42595680,
52653828,
89921624,
94877360,
114037088,
112348288,
105195056,
115924208,
125087968,
115748952,
74743136,
37238984,
95285872,
84788352,
67642504,
80225664,
74019784,
90871792,
96914264,
103816296,
50575872,
52316968,
120166976,
109711416,
88007264,
73806736,
43424532,
50345760,
81723088,
120947008,
70303520,
26161826,
55498280,
90892184,
92346456,
65054260,
54581424,
48303416,
52461328,
82014224,
62036600,
5855970,
13709556,
45166160,
82221712,
90826624,
66647360,
89347000,
68617504,
69138784,
55461040,
24054056,
45678856,
54748568,
81963552,
89387840,
68856496,
68627408,
55924984,
47363856,
43718184,
27568466,
30277834,
70369432,
100409648,
87180816,
46052224,
41629912,
49749512,
54488880,
42025520,
9515899,
30199662,
50749072,
65806800,
45431016,
14952834,
14566402,
43614016,
53668044,
32820528,
17098156,
37231472,
37112812,
22024954,
29233786,
50728392,
33458654,
19082826,
9849441,
4901288,
-28098212,
-51078644,
-51692760,
-67233704,
-54993800,
-69869000,
-40898252,
-29891408,
-39163420,
-48623008,
-37869100,
-51012544,
-53754272,
-66750544,
-59233820,
-79524568,
-69091624,
-29230340,
-27081398,
-76817936,
-24063364,
-51754552,
-10405343,
-58079416,
-34694248,
-75088688,
-61900236,
-14335432,
-28412404,
-77300800,
-17706752,
-56346728,
2597460,
-22675538,
-17778502,
-37623060,
-38456148,
19894496,
-11705400,
-58442464,
-5332255,
-80667520,
-20778676,
-39639048,
-7732785,
-33525396,
-37970336,
1907399,
-27005888,
-60811264,
-7097222,
-41481844,
-42811468,
-62228728,
-11542602,
-39280728,
-19190052,
5232382,
-48663504,
-62067660,
-6616831,
-57285136,
-52283192,
-69635400,
-50295768,
-6430779,
-4842137,
-4309288,
-84100696,
-66110496,
-8545366,
-64816448,
-67406304,
-49979968,
-58823008,
-12978060,
550257,
-24943184,
-77563072,
-88953176,
1031053,
-68175112,
-65723216,
-59224212,
-46034536,
810102,
-9660955,
-37207456,
-75196528,
-97988016,
-5324452,
-51999260,
-45500280,
-54273248,
-40099536,
-3019329,
3138734,
-33654712,
-43588368,
-69679024,
-35522200,
-24285260,
-29948640,
-34389076,
-36465956,
-40069256,
-37595740,
-56287272,
-52915064,
-16990786,
-53406016,
-52772464,
-53381792,
-39638092,
-62161152,
-65755460,
-51107600,
-50385944,
-54403832,
-39715988,
-47453416,
-63766012,
-60294600,
-50103192,
-65344456,
-53275188,
-36799252,
-28949232,
-20022016,
-9742978,
-77154120,
-71929288,
-60127504,
-44844384,
-49460344,
-38434072,
-29024800,
-41351832,
-39625904,
-14184420,
-65734052,
-43474592,
-31295792,
-18511674,
-37520048,
-36004076,
-17417272,
-21103524,
-27198820,
-10966060,
-51487316,
-29603482,
-13584935,
-6538787,
-9243478,
-52611332,
-33747192,
-39878696,
-14069992,
3618644,
-67832944,
-18946668,
-8884583,
2779349,
15890259,
-25504908,
-62955324,
-33117006,
4233924,
22402572,
-80470376,
-60085316,
-18615946,
496017,
-27529516,
-43752992,
-38748648,
-34607260,
-16492733,
-14602142,
-81072584,
-90894568,
-79947096,
-62075364,
-69387080,
-91466624,
-84425200,
-83857728,
-63705120,
-46191808,
-15027128,
-19865844,
-2133627,
-11293940,
-22081894,
-52145676,
-32947432,
-18490432,
702241,
-1079318,
18709730,
-90896,
9329887,
5609698,
7045986,
16087372,
28960288,
7766511,
-7088063,
-5101407,
33539800,
-10877485,
-26975138,
-6051054,
-14665838,
1709060,
5300375,
3297360,
-40494704,
-15809171,
30958700,
237045,
-4777080,
-25461640,
-38855216,
-31167100,
22977404,
-7407823,
-60227996,
-22826764,
33250940,
-708507,
-24780800,
-19381806,
-33788532,
-35325960,
-16481731,
-4169961,
-39137184,
-35134500,
14913909,
-4212327,
-25083180,
-21920824,
-10261931,
-39394244,
-5052261,
-22456252,
-56680004,
-51100268,
17355954,
2922472,
-27210640,
-11331549,
-21544124,
-17487744,
-11000648,
-18963880,
-37249824,
-52603848,
11810868,
-801978,
-3485055,
-20515968,
-22240500,
1228682,
-4242420,
-33048034,
-48870532,
-49370468,
26312372,
-3772710,
1462595,
-3529484,
-3379761,
-12577256,
-3284117,
-53897984,
-66250708,
-31897784,
35474204,
-23602792,
2218286,
19044476,
6305156,
-8367877,
-26417388,
-34910152,
-41916680,
-46061808,
18472908,
-18424212,
10612415,
18189742,
-7471399,
-17817764,
-36788848,
-17563984,
-28558122,
-36120016,
45627512,
81162192,
62879188,
69437056,
75547768,
88850536,
86181520,
90875712,
74682888,
25585860,
38945940,
95450768,
96969152,
83576624,
73807216,
75053872,
76024080,
68152264,
81513728,
27469586,
69599880,
113557304,
120721552,
117988880,
107513448,
81023520,
58534592,
63496352,
78475168,
36584128,
46037732,
80632856,
75360304,
81474080,
87831192,
83167768,
98423368,
92753584,
64411924,
21968984,
10543113,
29536864,
21259072,
34710344,
48860760,
47803072,
69553920,
58979184,
67979040,
38585800,
25914172,
37394880,
55474824,
37211256,
39399296,
52046440,
48917184,
38764040,
25846214,
13658690,
42346704,
62071176,
80428352,
72149304,
76643368,
57033380,
79492704,
61393712,
26893056,
9728995,
20296194,
20070204,
26636822,
57147408,
74688744,
54519948,
61677092,
78825488,
69360264,
38619840,
20384160,
35633036,
57255840,
72607272,
79680168,
55132284,
28608792,
47595224,
46207528,
35007644,
-23795288,
-20867216,
-35487984,
-44184472,
-66962952,
-91082864,
-90686416,
-73061984,
-80102672,
-50875176,
6752667,
256806,
4888104,
-12696748,
-7812915,
5641584,
-7110947,
1539281,
4723569,
6875527,
31166268,
32626830,
30633732,
15453767,
48268272,
30600724,
24621412,
26291450,
12361657,
-774365,
18438660,
8219816,
-18266760,
-5464698,
21786488,
29625022,
34926632,
1191301,
-9483933,
-13429661,
22144944,
11887448,
-5131858,
13882777,
24914184,
43373704,
22124708,
9398123,
-23618328,
-21707496,
32014972,
-10472832,
19040846,
12334995,
35596984,
44519048,
24903726,
33212914,
-42888652,
-9184224,
30843008,
5179463,
11539158,
-6528332,
29088672,
28883992,
35900584,
38371296,
-7719692,
7676643,
23897956,
19858290,
8828715,
-3856516,
1145809,
28603572,
11223897,
20915284,
-30630984,
-10085201,
42616232,
26220886,
19596948,
-24950078,
-15616138,
25727276,
25073682,
-14006413,
-34297248,
-19927980,
40154860,
11873381,
3326363,
-37224416,
-1305431,
44021984,
28569430,
1377359,
-41161180,
-30855130,
40296548,
43885376,
20866156,
-9281377,
31141446,
62289308,
43893340,
35961168,
8175327,
9958244,
-80831280,
-107032640,
-99302896,
-100778192,
-115360928,
-120803600,
-106461936,
-89862360,
-72914944,
-56245088,
-75799872,
-108181120,
-80443792,
-97765896,
-73732136,
-54006604,
-37097576,
-34791920,
-26821958,
-39881540,
-69681088,
-109256256,
-49419792,
-67161424,
-58800084,
-24946686,
-18709296,
15834826,
419803,
-3698230,
-52512748,
-75792016,
-14091804,
-34753556,
-31005450,
-28663982,
-45417620,
-13916620,
-11679503,
-3097767,
-52821284,
-95667632,
-24437636,
-17100348,
-29077066,
-52527068,
-56384080,
-24707252,
-24789748,
-14464108,
-44779192,
-58965192,
-44769828,
-11748674,
3378142,
-41167764,
-44080840,
-17388588,
-30506236,
-14302255,
-52287676,
-59458708,
-23988548,
-16979400,
-3080440,
-24879452,
-34454280,
-24170472,
-18165664,
-12837534,
-34064700,
-61653244,
-39844140,
-29127960,
-17711168,
-31138576,
5507329,
-7606863,
-7383059,
-24326328,
-36433556,
-44997108,
-22419520,
-33660816,
-24996108,
-27966638,
-5875078,
10576844,
915658,
-22023398,
-19907452,
-8222891,
1805289,
547016,
-7785138,
2654461,
5825951,
-2864745,
-9623702,
2718421,
