# 689 (shape [1, 16, 10, 10]),
37740,
70635,
82620,
33660,
48730,
17595,
73210,
75901,
74460,
27795,
-31737,
8160,
15456,
-14280,
-16575,
-8160,
16065,
17085,
28305,
-13005,
-16390,
-4845,
14134,
-7286,
13645,
11856,
2295,
39428,
-1914,
-25922,
-156,
-15300,
-16320,
-16320,
2550,
31620,
20910,
15757,
50490,
-11010,
3570,
9964,
48960,
21165,
59670,
6394,
22695,
17938,
22909,
14916,
1873,
-7734,
15045,
8307,
59670,
31365,
25755,
19890,
34680,
44718,
-11337,
3856,
26265,
-36975,
41338,
-11211,
39015,
91290,
33915,
23698,
-18192,
9352,
-16320,
53040,
-37740,
-12780,
13770,
5104,
-20567,
11475,
-10710,
16018,
-7219,
20400,
26775,
48705,
75735,
23205,
687,
-34425,
-5009,
-22185,
-33405,
35190,
17981,
4267,
34951,
8925,
13770,
-13515,
84660,
69615,
69615,
69870,
56549,
62730,
71849,
71124,
83640,
75480,
-23839,
11475,
16094,
-13770,
9180,
42330,
-10710,
27540,
41310,
71655,
63513,
42585,
42942,
64617,
30701,
76482,
39015,
78745,
29307,
42745,
-23002,
41055,
20145,
14280,
34935,
30600,
35700,
30974,
70380,
39535,
-10200,
53239,
29070,
47175,
-3570,
7339,
510,
55495,
59216,
-28833,
415,
70088,
40035,
35784,
50745,
72165,
70125,
48705,
13005,
-4464,
13136,
49886,
-2040,
52275,
-31390,
47720,
56355,
50235,
58395,
6126,
8976,
34613,
43860,
58905,
36210,
-9485,
-4845,
58240,
62125,
83895,
11985,
85468,
36563,
70635,
4080,
22695,
43095,
61455,
19694,
81090,
56395,
74460,
82365,
71910,
-28069,
43104,
54706,
47940,
60945,
22950,
4845,
31365,
22440,
6375,
15835,
-14025,
16090,
10545,
34425,
11220,
56513,
67575,
38113,
42075,
22185,
47175,
40800,
15045,
56100,
-6120,
-16755,
8160,
41337,
-2523,
1405,
28975,
27285,
71102,
80995,
58490,
24974,
33405,
77520,
26010,
65790,
4590,
19635,
58718,
81600,
61678,
7650,
54140,
76500,
75225,
120105,
59495,
72420,
54920,
66535,
85330,
33755,
23916,
99960,
68164,
95880,
61710,
87975,
43605,
51255,
91111,
68243,
17945,
44370,
45135,
38529,
18281,
98940,
61965,
60180,
83717,
55357,
60295,
13515,
77010,
26775,
51517,
91800,
66200,
605,
44115,
101490,
76427,
39733,
70635,
104550,
71910,
71400,
97920,
81677,
18615,
11042,
50490,
-38505,
85680,
84066,
75128,
56709,
76500,
37230,
29325,
3570,
8160,
-11730,
36465,
30499,
37485,
25654,
36601,
6375,
5610,
73171,
57885,
83037,
83640,
103020,
74970,
91800,
78540,
68595,
80580,
105157,
78795,
26249,
47669,
24016,
36644,
-6885,
2888,
6299,
43179,
58348,
102765,
77520,
86445,
56865,
29580,
48705,
22799,
765,
49756,
71655,
60539,
-6120,
46410,
-26010,
47789,
-4590,
37059,
-13827,
27719,
95454,
100944,
31365,
27521,
12240,
16575,
26520,
71910,
56355,
-36961,
79801,
65737,
58395,
71910,
33502,
95107,
62985,
5610,
42075,
-11000,
72987,
15309,
74460,
12750,
68595,
83944,
79305,
65052,
72504,
26010,
36720,
62162,
54262,
28050,
31620,
-20910,
-43605,
-59415,
33424,
79560,
40606,
58650,
84915,
46410,
22778,
51670,
26737,
-2550,
44370,
510,
52275,
100470,
91800,
124695,
133981,
94350,
101851,
115702,
107610,
96645,
43357,
64515,
54771,
72675,
86955,
44880,
111690,
82110,
73695,
89250,
90094,
109140,
106523,
93773,
131764,
63229,
83640,
111631,
120859,
143195,
69256,
96900,
125970,
126480,
137190,
125205,
126480,
68246,
130305,
132878,
84150,
131097,
171360,
138465,
124695,
103812,
142290,
154925,
127078,
114994,
69245,
102261,
143565,
146713,
136680,
110670,
127500,
102255,
119595,
111907,
68602,
127079,
124950,
131070,
148864,
111826,
96135,
93840,
139995,
101034,
95620,
102259,
108885,
122400,
159120,
141257,
91800,
123890,
101630,
128775,
36975,
122099,
105909,
109905,
173400,
172125,
62220,
99705,
95488,
139740,
45833,
72930,
66045,
110670,
144662,
120951,
78950,
71145,
75480,
95880,
-49215,
-54315,
-56610,
-56100,
-62141,
-62730,
-82286,
-84351,
-40035,
-78285,
-61347,
-72930,
-49574,
-65025,
-46155,
-38760,
-47430,
-81345,
-43860,
-76500,
-20833,
-84405,
-58659,
-56619,
-82709,
-71759,
-37995,
-141819,
-50339,
-66494,
-33006,
-4590,
-27030,
-38250,
-42840,
-30090,
-46410,
-97196,
-28050,
-49793,
-11475,
-15982,
5100,
-29325,
-19380,
-33067,
-32895,
-61139,
29499,
-39119,
-25694,
8552,
-57375,
-98347,
-16065,
-22695,
-64515,
-39270,
18360,
-43948,
-2187,
-10200,
-19635,
-68595,
-20203,
-39617,
-44880,
-68850,
16065,
-78143,
-14516,
-52383,
-16830,
-34680,
-39525,
-25262,
-25245,
-57662,
-37679,
-91035,
-32385,
-54374,
-58851,
-85935,
-30600,
-65280,
-37485,
-14025,
-30018,
-62220,
-40441,
-67830,
-47685,
-55335,
-12792,
-69062,
-16029,
22185,
-25500,
-12240,
120870,
102000,
86190,
95115,
80402,
67830,
86522,
82852,
82620,
57120,
121827,
70890,
79262,
87975,
63750,
92310,
78795,
75225,
82110,
49980,
146605,
64260,
91949,
97559,
66833,
115689,
114495,
76348,
92739,
86091,
154701,
61710,
94605,
78030,
120870,
108375,
79815,
101669,
83385,
113139,
150450,
100103,
98430,
121125,
106335,
100868,
103020,
114651,
128886,
69279,
97311,
91469,
120360,
126035,
112455,
138465,
100980,
106590,
121380,
93725,
113667,
141067,
97665,
105060,
128823,
82942,
115260,
113985,
130560,
76157,
131369,
158673,
71910,
104295,
128265,
91236,
123675,
94473,
85071,
55080,
122910,
101526,
77717,
81090,
111180,
113985,
138720,
86445,
157038,
90270,
126066,
130305,
96900,
117810,
109596,
76283,
141759,
135915,
143820,
82620,
-55845,
-79560,
-106335,
-71400,
-82599,
-114495,
-112944,
-97692,
-43605,
-79560,
-59084,
-34425,
-44704,
-52020,
-41565,
-25755,
-42585,
-60945,
-23205,
-52785,
-36347,
-73185,
-50826,
-40626,
-80736,
-14968,
-17595,
-67321,
6452,
19173,
-66227,
-25755,
26265,
-2550,
-3060,
-35190,
-21930,
-36497,
-29835,
19947,
-24735,
13137,
20145,
51510,
-16830,
-25113,
-42330,
5913,
28738,
-6043,
-37692,
30412,
5610,
-11521,
22695,
19635,
-9945,
41055,
13515,
11576,
1351,
28887,
-1530,
26520,
-34386,
-49283,
-1020,
-43350,
51000,
-6007,
2127,
-4211,
13515,
4080,
12240,
3438,
31620,
19614,
1068,
-31110,
1020,
18573,
-36256,
-47685,
51255,
-32385,
16830,
-765,
65869,
28305,
-29933,
-17595,
-3825,
24225,
-18606,
-35743,
-20458,
24990,
41055,
44625,
-93330,
-73695,
-58650,
-89250,
-73817,
-67320,
-56987,
-50411,
-52530,
-90780,
-76277,
-47685,
-47135,
-78540,
-36720,
-56865,
-7905,
13515,
-35190,
-30090,
-65490,
-40035,
-42675,
-11820,
6577,
-39733,
-21930,
-4277,
56147,
49707,
-78356,
-17850,
-40545,
-2040,
0,
-9945,
-510,
-23488,
-10200,
7054,
-84915,
-71320,
-10965,
-36465,
-22695,
-16495,
-39525,
-32913,
-31931,
5402,
-85443,
-55217,
-13260,
-23537,
3315,
-54825,
-42075,
-55845,
-12495,
21772,
-53837,
-23401,
-27795,
18615,
7489,
20875,
-51765,
-70890,
-34680,
9530,
-58161,
-29258,
-79305,
1275,
-4335,
14251,
-47175,
3546,
-6138,
20655,
-37995,
-39051,
-69116,
24225,
45390,
-10455,
-41055,
20145,
-6368,
20655,
-57858,
-49470,
-28050,
-15555,
25277,
-15880,
-36724,
-32385,
-9945,
33150,
-4080,
4845,
21675,
-2550,
4730,
14025,
1160,
17792,
2550,
510,
-25593,
2040,
25295,
8415,
19380,
17850,
28305,
37995,
29070,
31110,
-17455,
13770,
10419,
10419,
37550,
-15242,
510,
-28968,
9493,
53419,
-19164,
-3060,
-5610,
2805,
-29580,
35445,
65025,
7355,
19125,
26051,
13005,
-8172,
20910,
-6885,
-27285,
1008,
-6630,
2674,
14334,
74518,
-24611,
-29071,
-10965,
31787,
35190,
-70635,
18615,
5865,
4335,
79088,
-40638,
5651,
46665,
17085,
46362,
15683,
-31875,
16065,
-9435,
91218,
-27029,
11547,
17850,
36465,
8160,
41054,
-19380,
31927,
12364,
66300,
10710,
-29645,
-31266,
43605,
51510,
29580,
-25500,
35700,
-1422,
28560,
9112,
8670,
22185,
6885,
37986,
10092,
-222,
-14280,
5610,
50490,
-26520,
-56865,
-7905,
-56355,
-67176,
-35955,
-54171,
-50070,
-42330,
-30600,
1970,
-49980,
-59566,
-46155,
-81600,
-27285,
-23205,
-51255,
-39015,
-57885,
-25566,
-96390,
-47809,
-40924,
-34839,
-24603,
17085,
-36504,
-1653,
7567,
-35425,
-21930,
-36465,
-47685,
510,
-35190,
-5355,
-28652,
11730,
40811,
-37485,
1697,
-11220,
-28305,
39525,
-5188,
-42585,
-8753,
38460,
54192,
-39098,
-47964,
-6375,
-20424,
39270,
-44370,
2550,
-37740,
-8670,
48414,
4520,
-5005,
-21930,
-11730,
-9390,
-7376,
-24225,
-765,
-35700,
72908,
14228,
12180,
-43350,
34935,
18105,
14174,
-1530,
-12974,
-49808,
63750,
11730,
1743,
-61610,
29070,
68340,
-17595,
510,
16065,
55940,
27540,
-49588,
-21675,
-21930,
-10965,
-25381,
-24853,
-1825,
-18360,
24225,
-4335,
60180,
47940,
40545,
36975,
46245,
32385,
44205,
21659,
29325,
13005,
12007,
51000,
11306,
15555,
7395,
2805,
-3060,
-56865,
-6630,
20145,
28930,
9690,
2484,
-32706,
-26970,
-31227,
-42585,
-80422,
-43977,
-105882,
3316,
-10200,
-11220,
-27795,
4845,
7650,
-8160,
-19045,
-25245,
-88719,
62730,
19622,
-9945,
-59415,
-24990,
-5623,
34935,
-11022,
7993,
-95232,
-52077,
-5568,
-28815,
-45455,
-69615,
-11730,
-18615,
2805,
-15810,
-73325,
-15278,
-26443,
13515,
-22950,
-18219,
-44011,
-18360,
-39780,
-38250,
-67627,
-44662,
-49976,
31620,
-9690,
-29070,
-30246,
-25500,
-65781,
-46977,
-35445,
-36465,
-58966,
-16841,
-53805,
-57885,
-28305,
-40290,
-55080,
-49937,
-87465,
-7663,
-12240,
27540,
-3315,
-28731,
-52183,
-51760,
-36975,
-76245,
-102510,
95370,
15555,
26775,
41055,
21039,
18105,
29709,
2231,
27285,
-1530,
43499,
-33915,
-13382,
-28560,
-31110,
-1275,
-50235,
-17595,
-33405,
-9945,
70772,
-26775,
-22594,
23306,
-33489,
4245,
-3060,
-18011,
-13095,
-19942,
40262,
-42330,
-45645,
-23970,
-31110,
5100,
-33915,
16725,
-35700,
-18698,
47175,
-18639,
-55590,
-5100,
-75990,
-12519,
-70380,
-17647,
2778,
-60015,
6323,
14097,
-255,
-27932,
-1275,
16830,
-48960,
-10965,
-19380,
-39263,
-4696,
37850,
-4845,
-10200,
7374,
509,
-25245,
-15300,
8415,
-53396,
35368,
22404,
-18870,
-18870,
-510,
-27737,
-35190,
-11431,
18053,
-24225,
5100,
9116,
-12358,
-18105,
-26520,
13260,
68850,
34935,
18941,
22440,
38984,
2550,
13770,
2040,
-30194,
-39464,
3761,
35445,
-3315,
17850,
765,
32895,
30600,
-27285,
-10456,
32895,
17849,
2094,
6885,
-21930,
-11103,
18360,
-12082,
-40800,
-29580,
-39525,
-56610,
-19890,
-35445,
-27795,
32295,
-19635,
6068,
-19942,
7196,
-42777,
-74970,
-86817,
-25182,
-24896,
-15144,
-23205,
-36210,
-5610,
1020,
27285,
-21420,
-43224,
24225,
-70479,
14025,
-3515,
-41055,
-25500,
-64005,
3370,
-20655,
-36626,
45670,
-43287,
-42746,
5208,
-34170,
-90633,
-47430,
1530,
-53805,
7140,
-9945,
-49122,
-17988,
-7265,
-41310,
-39015,
-27068,
9288,
-29835,
-55335,
-15045,
-31561,
-48570,
-76070,
13515,
12495,
-17850,
-19446,
-39525,
-43508,
20494,
-10200,
-54825,
-33890,
-35504,
-20400,
-32640,
-3315,
-75480,
-41310,
-62397,
-61455,
-52034,
-71910,
-40290,
-20400,
-68288,
-54694,
-51689,
-13005,
-56355,
-104295,
-90015,
-83895,
-48450,
-78030,
-67054,
-72675,
-58129,
-56317,
-43860,
-61710,
-93987,
-95115,
-76335,
-80580,
-67065,
-82365,
-59925,
-60945,
-62730,
-40290,
-108707,
-59925,
-55215,
-65160,
-3931,
-47361,
-83895,
-26560,
-55776,
16241,
-124041,
-66045,
-57630,
-50745,
-67065,
-73440,
-2550,
-40556,
-23205,
-18789,
-124440,
-75280,
-61200,
-85680,
-42075,
-75280,
-112455,
-71479,
-74260,
-18801,
-113044,
-114667,
-74970,
-64793,
-43350,
-136170,
-44625,
-76500,
-72420,
22363,
-103167,
-95572,
-71910,
-38505,
-45106,
-45262,
-91035,
-58395,
-102510,
6369,
-85514,
-102130,
-64515,
-72930,
-54825,
-11931,
-86700,
-71392,
-57709,
27795,
-58395,
-74583,
-76951,
-4590,
8415,
-18870,
-60690,
-41310,
-89178,
-33150,
-102137,
-84915,
-86190,
-77010,
-54518,
-50754,
-103771,
-114240,
-53550,
14280,
-44370,
-52785,
-39270,
-47175,
-43594,
-65280,
-76234,
-100547,
-67320,
-43350,
-81728,
-108630,
-96828,
-88995,
-79560,
-94095,
-67830,
-108120,
-109650,
-88995,
-55150,
-69870,
-71888,
-59393,
-53146,
-103386,
-40035,
-72992,
-78141,
-108181,
-60974,
-41820,
-108120,
-92310,
-92565,
-57120,
-69360,
-79066,
-74205,
-63454,
-60435,
-47956,
-66555,
-96135,
-78540,
-115531,
-110160,
-78346,
-86326,
-49071,
-46216,
-39033,
-92055,
-81600,
-47430,
-86190,
-78795,
-120360,
-81600,
-37740,
-71783,
-79151,
-31365,
-96645,
-85403,
-114738,
-104040,
-67575,
-68085,
-46274,
-86821,
-82858,
-53040,
-93840,
-79305,
-73441,
-111690,
-94828,
-97471,
-86190,
-86445,
-81505,
-68636,
-88485,
-106335,
-50490,
-36210,
-36720,
-87182,
-105570,
-70865,
-55845,
-51255,
-93585,
-93497,
-83861,
-108642,
-70635,
-97665,
-33405,
