# 525 (shape [1, 8, 20, 20]),
-68066,
-57482,
-17770,
-4335,
-22437,
-48195,
-90015,
-106590,
-100517,
-90315,
-74460,
-88230,
-58905,
-63819,
-84452,
-96113,
-64005,
-52275,
-60435,
-118255,
-20655,
30090,
80185,
32385,
94605,
92565,
56355,
59670,
33405,
8160,
55590,
54315,
44115,
73215,
21420,
45645,
35190,
13515,
79050,
74460,
-23119,
37995,
60435,
40290,
31875,
97410,
59415,
64515,
35600,
19125,
41595,
105307,
58395,
97215,
49470,
68955,
54778,
44880,
79050,
54315,
16575,
52630,
48403,
67205,
65535,
77265,
68085,
36210,
49170,
23670,
61200,
86955,
50745,
85935,
51208,
36950,
43535,
53110,
81345,
45135,
-43605,
45645,
53040,
24225,
70890,
87210,
54570,
62730,
65743,
90300,
63835,
16251,
52785,
3315,
14109,
57686,
49215,
53620,
87975,
42947,
-22380,
48705,
104805,
52020,
88230,
46765,
55322,
59307,
48342,
33915,
31968,
107355,
11985,
30600,
47940,
-24380,
71540,
68850,
88995,
50619,
-33745,
73580,
72420,
126852,
52948,
24225,
64770,
46873,
37740,
60535,
46410,
62339,
86955,
67065,
48436,
45900,
43095,
68850,
115620,
40545,
19125,
63750,
39328,
75225,
56385,
22848,
80295,
70635,
27030,
61200,
66253,
70635,
81960,
83535,
82110,
65025,
54825,
53550,
25235,
24480,
5355,
80835,
17340,
105060,
75480,
54060,
50745,
90525,
64877,
22695,
47212,
91918,
52020,
117045,
79305,
74460,
48195,
68340,
59160,
17085,
-40969,
66810,
50235,
75480,
59415,
82365,
116241,
61350,
110925,
82365,
28305,
82875,
16830,
48184,
79530,
132090,
62072,
41415,
85680,
9180,
-41565,
23205,
27795,
59925,
70749,
109395,
66810,
120105,
41565,
59415,
70380,
83895,
48705,
28305,
18900,
77615,
99195,
35955,
64143,
9180,
-36436,
41162,
14535,
20145,
51225,
102522,
87720,
44880,
85455,
38505,
31879,
54060,
58905,
53395,
70020,
62220,
102765,
93330,
75630,
-4335,
-27167,
67575,
53910,
8925,
61235,
107355,
85787,
61350,
16830,
107100,
56980,
18615,
35445,
75990,
84660,
82365,
72825,
83385,
63240,
15045,
7395,
80070,
40800,
50745,
62475,
79560,
113475,
54600,
1020,
72675,
60180,
41775,
59670,
95706,
31230,
92820,
33915,
54825,
25090,
19635,
-9180,
42330,
7650,
58140,
51000,
119054,
68340,
56865,
14280,
44115,
61740,
46040,
65488,
75225,
79822,
76408,
67830,
11985,
97125,
13112,
-1530,
55420,
18870,
46665,
51107,
79560,
72930,
64515,
96900,
110267,
54420,
49725,
53040,
105060,
75393,
14790,
101745,
27540,
53700,
29835,
16320,
57021,
53805,
78540,
60180,
79770,
72050,
74205,
101235,
74970,
42283,
42470,
29325,
58395,
57120,
59735,
31365,
56218,
76245,
14025,
-10200,
52785,
42585,
60365,
36210,
53040,
115770,
87210,
116535,
22845,
61710,
67575,
65280,
62450,
61455,
97155,
34170,
63408,
60875,
30600,
10920,
24976,
44339,
58650,
80835,
58395,
89250,
92820,
99195,
87210,
23715,
85310,
61455,
-1344,
51170,
61572,
43605,
78030,
92310,
46295,
40780,
63053,
83780,
122795,
108145,
89480,
113105,
87533,
106844,
85310,
65930,
79853,
105740,
99335,
64250,
78904,
70499,
72305,
65675,
67830,
-44792,
-32942,
-44087,
14280,
19821,
20910,
-17400,
-12240,
4664,
13295,
11475,
20145,
21165,
19339,
18119,
-3569,
-19185,
0,
-18870,
-12263,
-27540,
-30600,
-24375,
-10965,
-12750,
-25755,
-47940,
-26010,
-17340,
-40800,
-47430,
-38505,
-47175,
-30894,
-23970,
-52275,
-46410,
-42840,
-33660,
-66045,
-25904,
-58905,
18360,
-37230,
15300,
10455,
-14790,
12750,
33370,
44625,
2256,
-3003,
6375,
14151,
-21420,
-13125,
-3751,
20655,
4080,
-25500,
10200,
-46315,
2624,
-30910,
31620,
5610,
-17340,
-17595,
26555,
4965,
2040,
18105,
-7650,
-7905,
13334,
-4990,
-23560,
-26955,
2550,
-22185,
-2550,
-60945,
-11475,
-26775,
3825,
-11220,
-20400,
-9690,
-66226,
20106,
-19355,
-34211,
11475,
28050,
-36369,
-6312,
-9180,
2880,
28305,
-51398,
-47715,
-33150,
4590,
11985,
2550,
-2200,
-11639,
-19118,
7912,
-21225,
-1072,
-5610,
-24225,
23886,
9435,
-39175,
-6685,
-3825,
-16320,
-26176,
-48850,
-26320,
10200,
18591,
-3624,
-7905,
-9435,
-49396,
510,
-10870,
-9435,
-19678,
-10200,
2295,
-9722,
5355,
-5865,
-2040,
23340,
-16320,
-4845,
-30090,
20459,
14535,
22620,
8271,
975,
-13260,
11985,
-27540,
1604,
-8160,
1410,
-4410,
-15810,
-23460,
15045,
3825,
-18430,
-4590,
13005,
-35955,
15045,
-18615,
7140,
18870,
6630,
41055,
26377,
-8670,
5622,
-37137,
-35700,
10965,
-15045,
23205,
-34680,
33915,
-24225,
-5100,
-25394,
-53550,
32895,
-9945,
-3825,
5355,
14339,
-46740,
4590,
26775,
-2040,
3060,
-29835,
-41625,
6585,
21420,
30202,
-4965,
-18615,
3315,
-45390,
-36465,
-16065,
4080,
12634,
13005,
-64515,
5610,
2295,
-42840,
-10455,
18870,
14025,
-19380,
-32424,
12020,
-7905,
3825,
5877,
5100,
-26293,
-26153,
-18615,
-63240,
-12795,
25341,
-31875,
-6120,
2001,
-30600,
-21960,
-10965,
11220,
-14950,
-1605,
-15810,
-34680,
13770,
17775,
13005,
-28324,
-18870,
390,
-10455,
125,
-3060,
-11873,
180,
-1275,
15300,
-4230,
-33660,
-52020,
-45900,
-11985,
-37230,
-5910,
-44115,
-40290,
-33405,
-36975,
-27540,
-6375,
-37485,
-10455,
-26775,
-19125,
-31914,
-49725,
-8670,
-14280,
12000,
-21165,
-12356,
-5775,
-32130,
-11220,
-41820,
-57280,
-38760,
-9180,
-13260,
-30600,
4590,
1275,
10967,
6825,
510,
-16320,
-23205,
-40329,
-6175,
18434,
9180,
-30743,
10109,
-44625,
-44115,
-3615,
-19013,
-1275,
-14519,
-6885,
18360,
-21563,
-9690,
3570,
-7140,
-7140,
-20288,
-19650,
5865,
26265,
-44625,
-35472,
-31110,
-10200,
-40035,
-4380,
-7905,
-23715,
-74101,
-13005,
5865,
3060,
1875,
-16120,
-4845,
6885,
-10200,
-34861,
-45700,
18615,
-70380,
-19635,
7877,
-25755,
-15717,
11475,
-17085,
-60690,
-39015,
-10965,
-1630,
-13770,
25755,
-9435,
-1275,
-8415,
-57165,
-32130,
-8415,
-7140,
26885,
32895,
16575,
3315,
-49752,
13915,
-6120,
-22935,
-20942,
257,
-20145,
-4335,
-16830,
-7140,
-22185,
-43350,
-28560,
-9690,
2240,
10455,
9394,
19031,
8391,
-20655,
22440,
20145,
-1585,
43375,
-49455,
-37955,
-22910,
-31125,
-30140,
-12965,
-27015,
-12061,
-30050,
-32090,
-58425,
-33404,
805,
-13085,
-15258,
-25024,
-11435,
-35915,
-22950,
27364,
50373,
-42281,
-11220,
14989,
-10965,
-41250,
255,
-9407,
-7305,
-21675,
13515,
2550,
28617,
-36632,
37789,
26835,
6375,
510,
22013,
28815,
-5355,
12990,
28050,
-7395,
4845,
-30600,
5610,
-24480,
29325,
11475,
-4080,
26775,
15149,
54570,
39525,
20400,
31620,
26775,
63240,
19760,
-255,
68850,
-255,
30345,
16575,
11220,
3570,
65305,
45390,
-13411,
30751,
-15555,
-9298,
61200,
27810,
-17822,
28560,
53040,
67575,
25245,
-6565,
24763,
38607,
21165,
24225,
36975,
-16830,
25590,
-16770,
35445,
49725,
29835,
53550,
64033,
16830,
27336,
28899,
9690,
30855,
31620,
7395,
70125,
69360,
49725,
23205,
20400,
12495,
283,
17699,
-1062,
-6063,
77265,
78030,
-20978,
24938,
-26775,
38079,
23715,
10759,
25245,
13260,
30090,
80325,
57120,
15365,
-10903,
40845,
29880,
37800,
19427,
32895,
25245,
4994,
43605,
49025,
13872,
38505,
-510,
39662,
-34008,
-7803,
27285,
19961,
3462,
8670,
32385,
1303,
31365,
31430,
32385,
49189,
26010,
55590,
20819,
23970,
27795,
34680,
10470,
64770,
37485,
-18615,
58213,
-17595,
33490,
34389,
16110,
29070,
48195,
43350,
-227,
43350,
22200,
-9925,
9945,
60435,
55335,
18105,
50127,
70890,
18360,
11475,
69360,
-9180,
22185,
10200,
14790,
65790,
50284,
43350,
36055,
10757,
-5355,
40800,
7395,
27795,
4590,
38250,
9945,
59925,
8795,
20910,
27540,
4335,
20910,
29580,
25832,
-16555,
24225,
26010,
49980,
15300,
40290,
-5786,
41610,
16830,
24529,
-495,
-19890,
58650,
7905,
10455,
29835,
38505,
-7230,
19635,
27285,
24735,
5865,
49980,
16830,
19380,
36720,
48960,
18209,
21477,
52530,
25245,
34204,
86190,
70561,
-7601,
57885,
26775,
7695,
16886,
31365,
3060,
11069,
49215,
22327,
37995,
18360,
-16255,
-6865,
15300,
44625,
4080,
54080,
115515,
59397,
68850,
5115,
-1020,
6497,
28050,
25804,
18380,
13260,
-5865,
44610,
15045,
25755,
14025,
19125,
-27540,
-6837,
4080,
35955,
51000,
-10200,
-24225,
36465,
3570,
6375,
3060,
27795,
1634,
52275,
30855,
14280,
33990,
73950,
-21088,
-1920,
36465,
23715,
5865,
-6055,
63240,
37995,
33915,
62220,
31620,
5100,
13696,
6690,
39270,
29325,
-4335,
28919,
54927,
22978,
-14790,
13290,
-17612,
1275,
37740,
21210,
56659,
38760,
15864,
20910,
56610,
37024,
26265,
-510,
22695,
19890,
27844,
25800,
42330,
21165,
36210,
29718,
33660,
7650,
5610,
41868,
68340,
5610,
-3900,
63240,
7905,
41310,
-3615,
-3723,
-5355,
8925,
21930,
-4307,
41157,
37995,
43605,
23460,
11311,
58395,
19937,
27540,
45645,
16320,
16830,
-3570,
25296,
25755,
24480,
21420,
-8925,
13515,
6678,
61710,
-18615,
31620,
61200,
6375,
83130,
67830,
37878,
855,
52785,
-41745,
24389,
29251,
42330,
-12240,
10455,
-5610,
-765,
-5100,
-11730,
17850,
17697,
43860,
40092,
72116,
55406,
-7395,
45390,
27285,
75582,
38620,
53838,
4345,
-15290,
-653,
-3935,
-26255,
-6087,
-17420,
23215,
36985,
-8592,
-3711,
-4835,
16345,
5546,
-1278,
15055,
-1010,
64005,
31437,
75422,
45458,
80070,
24179,
28815,
44400,
43605,
44244,
30440,
-1530,
-3315,
-9435,
31659,
10104,
35698,
63780,
52020,
30855,
56058,
-8670,
-23460,
-4710,
65535,
-7905,
-18870,
19635,
-47940,
-17595,
-10455,
-23205,
-54825,
12750,
-43039,
-15555,
-1530,
2040,
-28560,
-34935,
-1785,
-46536,
-62730,
-4590,
-16575,
-4335,
-8415,
-40545,
21165,
-8453,
-1530,
55901,
34404,
26010,
-208,
27030,
10890,
24354,
-2805,
-24480,
16575,
-45900,
-12067,
2679,
40636,
-24480,
8925,
13005,
37230,
-2200,
19515,
35190,
2805,
53550,
31620,
-3951,
16495,
-12872,
-12537,
7650,
32895,
-81600,
-53550,
-26265,
-6375,
4845,
40800,
14025,
39270,
22824,
17906,
32296,
24519,
-8160,
-5865,
-18164,
19767,
-14280,
-43647,
-9945,
-14902,
9840,
-33915,
4845,
-41565,
19380,
-7987,
-19659,
-777,
-32907,
18900,
4683,
18105,
48195,
-16084,
10965,
32813,
24316,
5865,
-45135,
34873,
-34276,
-7814,
13005,
8103,
-6719,
-8160,
16065,
-19761,
-6630,
34598,
27285,
33781,
-34680,
-20655,
8098,
-24990,
20145,
10710,
-6960,
23970,
-33150,
-39780,
12324,
30600,
-15740,
15734,
20325,
4335,
-35955,
-39270,
38379,
3825,
30270,
-6660,
28050,
-57375,
8670,
15045,
-32849,
33405,
-3570,
-79560,
-14025,
4845,
16830,
11985,
-21420,
-16575,
-35812,
10965,
1806,
1958,
13515,
9945,
-510,
-15045,
-19125,
-20910,
-27540,
36465,
-31746,
-15810,
-9435,
8925,
17850,
21420,
23156,
7875,
-2295,
-18615,
-7395,
-9945,
-62475,
-9590,
23895,
17085,
-3427,
-7470,
-43860,
8925,
-53550,
-12750,
22950,
-13515,
1911,
3315,
15045,
-7650,
-19125,
19635,
26520,
6375,
-1785,
-30090,
-25189,
14226,
255,
19125,
43417,
-7140,
42452,
-19747,
-2040,
8160,
-36285,
-1767,
15555,
25245,
12806,
35445,
-13975,
2295,
-20400,
18023,
4050,
19125,
32385,
15810,
-1560,
-30600,
8676,
-47430,
1200,
-255,
11536,
13770,
36863,
4815,
15300,
11475,
-18990,
-21165,
31875,
-19380,
-2295,
-13260,
21569,
-13005,
-4845,
-15555,
-60945,
-67575,
-3315,
-30600,
-1530,
-51255,
33405,
-20089,
-22185,
7650,
-52530,
11720,
41565,
30354,
24720,
57630,
3060,
39270,
3488,
23715,
-6885,
10455,
34680,
-17085,
9945,
16037,
10740,
7140,
0,
46410,
33206,
10801,
-10836,
-5610,
9558,
-4351,
-21675,
7650,
39960,
19268,
-14280,
-21479,
27540,
-4845,
20798,
510,
-6375,
16575,
-3060,
10598,
12705,
-15555,
-25245,
62475,
66933,
-16320,
22440,
38505,
-2146,
1785,
46155,
-25043,
23460,
26010,
-11730,
31985,
36046,
23205,
27795,
-10200,
-41691,
-12404,
-21165,
28305,
1785,
30698,
-16065,
46073,
13515,
42075,
-7905,
-13260,
2805,
-29702,
3060,
-16575,
13260,
-8160,
22185,
8309,
-24225,
5355,
-5355,
-12575,
10200,
-5865,
32130,
38628,
3330,
8670,
-15055,
27733,
-6658,
5610,
28560,
18105,
-29325,
-33660,
-8925,
-20910,
33660,
9016,
10200,
-8121,
11622,
11673,
18615,
8160,
29580,
54916,
-43040,
-35914,
-42880,
-28090,
1581,
245,
980,
-22399,
-37909,
-43390,
-46195,
-23749,
-2024,
-47725,
-59275,
-30923,
-11985,
-23245,
-1825,
-89250,
-61381,
-32130,
-30441,
-52275,
-41182,
-44625,
-48180,
-42585,
-44328,
-7390,
-44115,
-37740,
-31110,
-32076,
-17793,
-35850,
-29820,
8925,
-14280,
-81030,
52785,
69360,
60620,
79305,
42840,
17595,
57630,
255,
68595,
45135,
84150,
-23460,
29835,
18228,
68340,
47685,
56865,
87210,
49725,
10965,
27283,
38250,
34425,
70380,
54315,
88740,
56100,
106080,
3032,
31110,
68208,
36008,
52785,
40864,
17850,
27855,
73227,
65790,
45645,
51765,
63750,
57628,
66087,
45181,
78795,
70125,
55335,
107610,
56105,
51540,
86445,
12750,
67830,
31110,
60732,
70135,
60973,
104330,
46410,
34170,
33405,
47685,
32130,
53550,
53040,
48960,
66300,
85935,
90567,
83508,
147575,
56409,
84660,
41055,
22363,
49341,
120870,
54095,
42585,
21427,
152145,
99705,
123420,
68850,
57630,
66553,
88323,
54368,
25043,
86970,
52415,
43860,
83130,
45708,
8925,
125968,
74251,
118830,
80580,
38344,
76855,
121681,
66810,
34854,
24927,
47175,
121890,
68382,
92310,
121378,
74205,
69326,
73440,
56100,
48165,
57120,
69870,
46920,
46470,
37995,
57885,
99960,
50247,
61965,
3925,
-2527,
61650,
93330,
47430,
41310,
66597,
69360,
131130,
138105,
72165,
29325,
109140,
57375,
48211,
6375,
79815,
52020,
11475,
77520,
48960,
49215,
45135,
49215,
114502,
37740,
84185,
83770,
75225,
53040,
81855,
28560,
87720,
89505,
47940,
47175,
-4592,
99195,
65535,
60180,
108120,
74460,
142568,
54975,
69615,
28050,
56610,
94350,
-13260,
121752,
83835,
46920,
70897,
67380,
67575,
49215,
68085,
96135,
61965,
48960,
101996,
72930,
65025,
57885,
115005,
94095,
74715,
49470,
45645,
47685,
65913,
85581,
44880,
77010,
105316,
27795,
84795,
117562,
47940,
62730,
68790,
74574,
106845,
120360,
115128,
92565,
105248,
40800,
51255,
110158,
137085,
113730,
29070,
78285,
50640,
-765,
46607,
50235,
109200,
72420,
78736,
147135,
108637,
43500,
47685,
86955,
71075,
51510,
59925,
85680,
64260,
75480,
97406,
62220,
50235,
28560,
43095,
106845,
31875,
51255,
44625,
97920,
31365,
54948,
6375,
109140,
49980,
78885,
92310,
104244,
98130,
68595,
86190,
79305,
145858,
56610,
47175,
86955,
49725,
81855,
125205,
95850,
98955,
76245,
128265,
125205,
110793,
35491,
76287,
47940,
50218,
79457,
135915,
81090,
65730,
25762,
70125,
105158,
65025,
11475,
41317,
67320,
52785,
38250,
54315,
42082,
82845,
36465,
128010,
73695,
97789,
124440,
63750,
57630,
85931,
-46665,
80325,
82325,
20655,
98175,
33660,
107975,
99751,
86955,
72165,
27030,
47727,
111226,
68595,
61200,
62220,
12023,
38250,
59035,
101745,
68595,
83385,
70380,
90780,
50518,
44370,
94860,
51765,
118575,
54315,
65276,
65790,
145095,
69360,
61975,
46665,
49215,
510,
65404,
83400,
-1275,
56700,
63975,
27000,
73440,
144840,
52020,
70125,
43860,
73695,
84150,
96645,
63541,
49980,
78849,
50149,
61629,
24480,
91545,
59415,
25036,
63725,
68867,
57275,
131480,
106791,
60410,
65945,
77027,
56251,
28970,
72575,
37697,
56378,
48860,
12200,
106460,
56111,
82265,
13160,
60435,
-3405,
34378,
50658,
111180,
162597,
167790,
126585,
81090,
29894,
55220,
60435,
74970,
50490,
64750,
64679,
33568,
-2700,
50490,
75735,
29977,
58395,
108630,
148435,
109395,
164475,
152235,
124185,
147645,
79815,
67065,
118830,
111945,
118830,
104312,
95370,
98940,
59925,
76755,
112965,
83385,
35637,
-3315,
15045,
-1530,
49470,
81600,
34680,
118830,
46098,
16830,
82382,
87263,
84150,
65030,
1020,
41130,
40859,
44880,
56610,
45900,
35190,
67017,
47234,
88952,
42075,
82365,
112965,
52530,
56240,
50700,
50235,
14790,
47430,
35955,
44174,
51290,
6881,
48616,
82620,
42840,
48960,
16575,
45645,
15300,
73185,
50490,
54315,
59925,
34484,
118082,
50629,
47665,
78030,
27030,
-19471,
92993,
46665,
41986,
62475,
48546,
115725,
138465,
60690,
68850,
55845,
62682,
102841,
35056,
46021,
25350,
28264,
84405,
63750,
68807,
13260,
83082,
85127,
90525,
84405,
78015,
25826,
115727,
44115,
129582,
55859,
57885,
99705,
51824,
53295,
67527,
65280,
71647,
12240,
48195,
56014,
31365,
33150,
15045,
85500,
24990,
57120,
51000,
24929,
129285,
111530,
70257,
107295,
31365,
25500,
23460,
72734,
63495,
89580,
106560,
103530,
26010,
39015,
60435,
76847,
14535,
31875,
29070,
-5100,
50235,
44625,
43605,
48450,
59415,
48291,
40290,
51602,
58064,
39270,
85680,
62985,
109905,
44625,
51000,
21675,
28050,
4017,
103275,
42330,
49470,
89760,
98430,
107764,
85395,
123930,
42585,
48450,
92820,
-39270,
62151,
58080,
137190,
21261,
63825,
70890,
19380,
43095,
79560,
50745,
79050,
60142,
67830,
36465,
102255,
54315,
89505,
80835,
72165,
29325,
10455,
17,
90802,
96135,
60435,
112688,
8670,
84716,
58236,
32640,
10965,
67515,
81567,
57885,
88485,
144857,
85425,
54491,
52530,
90015,
112917,
124410,
67065,
69615,
58395,
79785,
13005,
-10556,
51255,
58470,
81345,
50417,
114750,
103626,
69075,
22695,
123930,
27820,
11985,
40800,
73950,
85680,
28305,
73331,
13770,
26010,
23205,
18360,
24735,
74715,
17340,
56355,
50490,
116535,
11747,
-61965,
54570,
54825,
33350,
93075,
122095,
66780,
95880,
56610,
63240,
66507,
69615,
64770,
40800,
17340,
67065,
93840,
103121,
82215,
72420,
36720,
94605,
129557,
14747,
103589,
83895,
61346,
76879,
66555,
53295,
81030,
48801,
48195,
59572,
37230,
32640,
-3729,
81600,
59670,
62220,
95115,
105411,
86070,
52530,
58140,
114240,
83890,
66810,
78795,
47430,
18761,
-13770,
23460,
10597,
8670,
57630,
41565,
92885,
86912,
101490,
17085,
79560,
17399,
41522,
38760,
38760,
82875,
75978,
16320,
98354,
48195,
29580,
37740,
92055,
68085,
36971,
43860,
88740,
93585,
108630,
67575,
59051,
96390,
91800,
59415,
21455,
12495,
50235,
-510,
30085,
45055,
-4590,
11165,
60349,
62831,
86445,
108120,
55080,
74970,
55845,
71910,
55335,
73440,
104507,
35445,
29815,
23944,
37017,
18615,
34170,
98175,
13727,
77560,
21227,
89630,
85805,
55672,
50465,
70250,
66107,
38847,
46790,
2165,
32897,
64147,
19760,
-12040,
50716,
30919,
38375,
16955,
28050,
92873,
64658,
124049,
117810,
60123,
78030,
98160,
106335,
56340,
94915,
67575,
73185,
63750,
52480,
91005,
64852,
100200,
97920,
96645,
78050,
175695,
126990,
82475,
160395,
116025,
111180,
118575,
122400,
149430,
169320,
117300,
137445,
109650,
102264,
100470,
123930,
85170,
111180,
142800,
117300,
146670,
126990,
103785,
158355,
95115,
113220,
85170,
98940,
114904,
145350,
121134,
128437,
108375,
105909,
90780,
101070,
118050,
117300,
154275,
122145,
153510,
130916,
135390,
108178,
154785,
122400,
99960,
131580,
145660,
139605,
155550,
124185,
155805,
80070,
100965,
135340,
100849,
116072,
104040,
90525,
156060,
144585,
106845,
136680,
121125,
84660,
107610,
100725,
131310,
116289,
144570,
108580,
124440,
108120,
143914,
112717,
126735,
133922,
144585,
116394,
175350,
105825,
167025,
109905,
87720,
138821,
122640,
123871,
108316,
148650,
112865,
92820,
121635,
134124,
121890,
149021,
107413,
113985,
150960,
132498,
132075,
142603,
137445,
106968,
106145,
120360,
110925,
99180,
139740,
139841,
105570,
126451,
137700,
135915,
117874,
98430,
101490,
111435,
101070,
99960,
184875,
120870,
145365,
101745,
96715,
102993,
95865,
136680,
164730,
106590,
120345,
127755,
88830,
138750,
118320,
109650,
127500,
122910,
129118,
88995,
168300,
118830,
123930,
117045,
107865,
126735,
118830,
114495,
124809,
131835,
147118,
114460,
140505,
118575,
126480,
126735,
104805,
134640,
126735,
100470,
131370,
110160,
119850,
96390,
124440,
133875,
112368,
137220,
120360,
142035,
126480,
113220,
106590,
111867,
108615,
108885,
152604,
94950,
99705,
139740,
171105,
134895,
123675,
109650,
113542,
119850,
115770,
117300,
134895,
144840,
107355,
109395,
102255,
116280,
118329,
143418,
96900,
111690,
88093,
114750,
164381,
158469,
122655,
119850,
123660,
127278,
139230,
121890,
122664,
146880,
123989,
115260,
113475,
119186,
139260,
125205,
98685,
111945,
105600,
110415,
199785,
113730,
105915,
132090,
120958,
142545,
123024,
72450,
157590,
94605,
103130,
108885,
130815,
120105,
111180,
146115,
119825,
108885,
86700,
98940,
158865,
155805,
137955,
104295,
147135,
148410,
93330,
96909,
129795,
102510,
128520,
104925,
145860,
106315,
130695,
108630,
123675,
145350,
131936,
115515,
176205,
95370,
120360,
139230,
145605,
114491,
108105,
114240,
118830,
127245,
129294,
97723,
128250,
136680,
102561,
116060,
120870,
145095,
111675,
164079,
146880,
127179,
149430,
121380,
156174,
108375,
107355,
115515,
130815,
94464,
114015,
80325,
170340,
97665,
109012,
122400,
103530,
147390,
138185,
102255,
148410,
156310,
130815,
122655,
108120,
118625,
99763,
92565,
119850,
80070,
118050,
142858,
129030,
107355,
78030,
78828,
133875,
112930,
134895,
129030,
141780,
118830,
135660,
107224,
130560,
121380,
103785,
97155,
119340,
134105,
127500,
133620,
134130,
108565,
117045,
148155,
103275,
81217,
132335,
106590,
144960,
126544,
122141,
119595,
122910,
119085,
127500,
94095,
93330,
118320,
142800,
112258,
113220,
139180,
99772,
117678,
109650,
109395,
90270,
87268,
125675,
132581,
151800,
114825,
99583,
132750,
101055,
140486,
136822,
118905,
103350,
122111,
116619,
114060,
117975,
68411,
130523,
109725,
110745,
93075,
-77435,
-77541,
-47248,
-58140,
-28411,
-23460,
-48060,
-31875,
-55578,
-68250,
-53805,
-40545,
-31875,
-55923,
-40653,
-62333,
-75345,
-69105,
-67575,
-73793,
-89250,
-88485,
-71400,
-64770,
-34170,
-50490,
-63750,
-56355,
-24990,
-42840,
-45135,
-46665,
-69870,
-82510,
-95115,
-92820,
-87465,
-65535,
-95625,
-82875,
-52771,
-32130,
-45135,
-39270,
-56355,
-5865,
-3315,
-16575,
-72040,
-23970,
-53695,
-49283,
-43095,
-47596,
-54570,
-54480,
-54303,
-66045,
-45645,
-21675,
-64515,
-97790,
-47673,
-87220,
-9945,
-59670,
-97155,
-30345,
-37395,
13620,
-54570,
-64260,
-68850,
-98430,
-67053,
-39250,
-47170,
-69768,
-84405,
-17850,
-59415,
-26265,
-78285,
-40035,
-94095,
-80580,
-88740,
-78540,
-39003,
-61090,
-73356,
-76833,
-83640,
-49980,
-41139,
-89697,
-36720,
-25908,
-37485,
-28873,
-71040,
-79305,
-45900,
-61200,
-76755,
-52145,
-50427,
-62683,
-67273,
-51120,
-82876,
-63750,
-66300,
-31345,
-37485,
-77900,
-75745,
-78285,
-42840,
-70770,
-36024,
-51010,
-98940,
-48261,
-21570,
-28815,
-80325,
-47928,
-60945,
-79430,
-68595,
-80562,
-19890,
-53295,
-47024,
-34935,
-54060,
-56610,
-38415,
-28050,
-68340,
-60945,
-71373,
-43095,
-78570,
-20671,
-72255,
-61455,
-42075,
-35445,
-83373,
-53295,
-32805,
-55755,
-82620,
-56610,
-62220,
-89760,
-90010,
-62985,
-45135,
-38505,
-38250,
-18870,
-53805,
-38250,
-50490,
-51765,
-35248,
-61200,
-83438,
-60456,
-78540,
-74715,
-92820,
-41820,
-33405,
-32640,
-41055,
-43605,
-60931,
-94605,
-45645,
-42840,
-79815,
-75480,
-40989,
-49635,
-62730,
-82620,
-91800,
-40800,
-74460,
-51721,
-72765,
-62985,
-72988,
-53460,
-20400,
-13515,
-53805,
-78795,
-73950,
-90525,
-19321,
-46920,
-89250,
-65280,
-27795,
-105825,
-77775,
-79305,
-56355,
-69105,
-38905,
-81990,
-115770,
-60945,
-59043,
-21675,
-97426,
-83698,
-74970,
-69870,
-62310,
-54981,
-27540,
-57375,
-64405,
-91800,
-43632,
-103530,
-80580,
-58520,
-33060,
-57630,
-69870,
-37740,
-55755,
-44370,
-58455,
-74715,
-65190,
-61455,
-42505,
-33915,
-56158,
-50145,
-89505,
-24990,
-31110,
-66300,
-75735,
-38250,
-51255,
-41565,
-32501,
-50745,
-73695,
-56100,
-79560,
11220,
-64005,
-40035,
-74715,
-44115,
-73695,
-15700,
-56865,
-36975,
-46920,
-45695,
-86190,
-32118,
-63375,
-77265,
-60690,
-67830,
-69995,
-65025,
-82365,
-70635,
-92055,
-37740,
-61200,
-52396,
-69735,
-83130,
-59670,
-66300,
-85825,
-88240,
-76998,
-59415,
-53758,
-25613,
-17340,
-55335,
-70980,
-77323,
-54570,
-48475,
-51255,
-33405,
-68143,
-53040,
-40290,
-65790,
-62475,
-69928,
-92295,
-63240,
-9945,
-79050,
-81118,
-66045,
-46665,
-73950,
-59531,
-70635,
-26520,
-29975,
-74205,
-67065,
-98175,
-45770,
-60955,
-61455,
-66045,
-86700,
-38493,
-45910,
-33660,
-90780,
-66300,
-65179,
-48450,
-74226,
-78540,
-54825,
-71910,
-98940,
-40035,
-46915,
-53295,
-80325,
-53805,
-5355,
-72930,
-68711,
-78540,
-17085,
-48195,
-35170,
-17850,
-43095,
-87210,
-44653,
-38650,
-20400,
-43655,
-45749,
-62851,
-98940,
-42330,
-43095,
-29325,
-27795,
-29835,
-47175,
-85935,
-72685,
-79560,
-68928,
-65435,
-67386,
-53040,
-38250,
-45900,
-40810,
35490,
-19871,
-12820,
45575,
-2120,
-9085,
-2620,
7414,
4069,
-835,
6305,
-17666,
17635,
30275,
18635,
21739,
1661,
-2110,
-33985,
5355,
