# 550 (shape [1, 8, 16, 16]),
-22695,
50745,
36825,
44625,
41907,
31620,
28482,
-16320,
23970,
17595,
40035,
35445,
63297,
45135,
53550,
55785,
-30345,
38505,
-6315,
37727,
7305,
-9015,
-4170,
40200,
25350,
24735,
27660,
10965,
-29645,
-11055,
55500,
102510,
-29580,
22440,
3825,
-40314,
5610,
20625,
20347,
7010,
-14025,
47102,
32895,
9633,
2805,
-24870,
-10710,
87667,
6375,
2805,
-4470,
16830,
-24735,
-39270,
-17085,
15512,
-26265,
33660,
6120,
7905,
-10200,
-5610,
-49965,
67535,
-18105,
-39270,
-31620,
-2550,
-30090,
4590,
6120,
10965,
30798,
4483,
-36720,
13005,
27030,
3315,
-24735,
42375,
-22440,
13515,
-54825,
-24225,
34680,
40998,
-8175,
-35955,
4845,
-18360,
-28305,
-42330,
7140,
24735,
-8925,
76000,
-41910,
-11985,
-15555,
20910,
-41055,
16320,
-50745,
-21930,
-16830,
7342,
-6375,
-32535,
765,
-19635,
35401,
96135,
7629,
18120,
-33405,
39525,
40800,
32385,
20145,
-5865,
-1785,
4667,
21930,
-4590,
-55335,
18360,
53419,
115005,
-33073,
-1875,
13770,
9435,
-19890,
-36975,
-39780,
-63043,
3570,
-53550,
17340,
11730,
11220,
15045,
-4021,
68850,
-10965,
-13005,
-19890,
-34170,
-32895,
8415,
-40545,
-38505,
5610,
-22242,
-18360,
-4335,
-18615,
12022,
-15300,
24118,
-67123,
-11730,
-5865,
-5865,
3825,
3315,
6885,
16830,
-3060,
-28290,
-31665,
-6375,
20910,
19967,
36720,
69870,
-67575,
5610,
-27285,
-7140,
32385,
-29580,
-23638,
32490,
-14280,
-26265,
7905,
18360,
2295,
6120,
35401,
46410,
-24735,
-4845,
-4455,
13770,
6375,
-33150,
4080,
-37230,
-8471,
1822,
-21165,
22950,
-15045,
19890,
21420,
83895,
-37798,
28560,
48903,
46920,
-17558,
15045,
48705,
20910,
-12240,
-49273,
26520,
30855,
-3060,
-30600,
10455,
75480,
-12750,
-3315,
8160,
13770,
510,
22950,
36720,
1275,
13260,
40530,
62418,
18615,
21776,
17850,
-2550,
82620,
-44850,
25033,
51765,
33915,
5248,
21141,
15810,
-13005,
15021,
26775,
-33150,
4590,
72675,
30855,
28993,
9137,
-87975,
-34680,
-33600,
-91545,
-55801,
-93585,
-48031,
-65025,
-48195,
-59415,
-17595,
-80070,
-44176,
-59415,
-33915,
-9405,
-78285,
-84150,
-84120,
-84057,
-42165,
-77100,
-25845,
-2640,
-12390,
18360,
-15015,
-45900,
-10863,
-69960,
-17175,
-36975,
-68595,
-39015,
-37485,
-72507,
-29325,
-47475,
-55962,
-6985,
-26010,
-5905,
-41820,
-78345,
-79560,
-54495,
-80070,
-61337,
-47430,
-58905,
-34710,
-68595,
-68085,
-37485,
-80070,
19805,
-7905,
-42330,
-38250,
-32895,
-70125,
-100470,
-86175,
-72337,
-75735,
-63495,
-12240,
-30600,
-50235,
-55845,
-85425,
-14025,
1215,
-32559,
-24225,
-12750,
-40035,
-43095,
-68085,
-100860,
-61965,
-55335,
-64005,
-90015,
-62730,
-11535,
-51915,
-46410,
19890,
-20400,
-23460,
-56865,
-55590,
-18360,
-65025,
-43649,
-8790,
-35190,
-16065,
-84915,
-105060,
-37230,
-33915,
-70125,
-50235,
-39407,
-35955,
-16770,
-21165,
-30090,
-38169,
-18105,
-32165,
-21405,
-44115,
-56100,
-56355,
-43350,
-84915,
-63750,
-37740,
-12312,
-54315,
-2040,
-71400,
-34170,
5047,
-765,
-50562,
-30210,
-55335,
-55845,
-38505,
-51000,
-44880,
-67613,
-63750,
-55590,
-70635,
-41055,
-41055,
-57120,
-36396,
-35700,
-35190,
-49725,
-91800,
-65280,
-47685,
-61200,
-73185,
-61965,
-45645,
-42135,
-60180,
-47430,
-83640,
-36207,
-65025,
-45564,
-76028,
-48705,
-54060,
-35955,
-54060,
-33405,
-50235,
-68595,
-69870,
-55830,
-59355,
-71655,
-84915,
-45717,
5865,
-42585,
-71145,
-73440,
4845,
-49470,
-39780,
-74460,
-66882,
-42525,
-76245,
-78030,
-88485,
-43860,
-31620,
-31875,
-99114,
-35700,
-36975,
-30090,
-9825,
-35955,
-51000,
-24990,
-57120,
-93075,
-29000,
-46917,
-36720,
-9690,
-46920,
-46155,
-90780,
-50745,
-60218,
-46155,
-34740,
19635,
-30342,
-57120,
7395,
-84915,
-85425,
-69908,
-48960,
-13770,
-101235,
-38250,
-40290,
-75225,
-69615,
-23970,
-51765,
-12495,
-58140,
-30090,
-11475,
-61965,
-13770,
11835,
-40350,
-510,
-75906,
-64005,
-31875,
-44115,
-101085,
-3888,
14280,
-31365,
-63669,
-52107,
-58395,
-69870,
-19722,
-19635,
-46665,
10200,
-14790,
17595,
-82880,
-58480,
-44625,
-13005,
-61650,
-37485,
-32210,
-33660,
-41777,
-52785,
-43350,
-58395,
-87975,
-87720,
-24512,
-84150,
-34170,
-82035,
-61710,
-77775,
-51795,
-78149,
-61605,
-103935,
-29730,
-96030,
-66450,
-40800,
-88095,
-68850,
-70023,
-116175,
-116430,
-112455,
-81345,
3315,
30600,
-4002,
-510,
28140,
-36731,
-4852,
-35955,
-12843,
-57120,
-10879,
-33405,
-31170,
-12240,
-101750,
-32640,
-10710,
-4035,
5100,
40290,
26265,
-2295,
38056,
-15555,
22185,
255,
41055,
-15300,
-21930,
-25620,
-97630,
-55845,
-12750,
-23715,
45645,
-30090,
-2295,
23205,
-6885,
-29749,
4127,
15810,
24225,
2040,
5355,
40290,
-86925,
-19635,
52530,
38505,
32640,
36975,
16916,
8685,
11730,
33915,
13770,
34425,
-16830,
-7905,
7905,
44880,
-51561,
-3195,
39270,
14790,
22185,
10200,
-5355,
26775,
-11220,
-3825,
-1790,
29580,
-12690,
40035,
18870,
13055,
-26010,
-75752,
13650,
-15045,
16575,
36720,
37485,
39015,
11475,
31620,
18901,
10710,
22950,
8670,
24990,
23067,
-31875,
-96869,
10575,
-2040,
40290,
23715,
-7650,
-3570,
-6516,
1275,
-7140,
15045,
73695,
2805,
48960,
34805,
-44115,
-36465,
-7395,
-29580,
16320,
-10200,
510,
21930,
7650,
-16575,
-16489,
34680,
-25500,
27030,
25369,
25755,
-136888,
-44766,
16575,
-49215,
49470,
19635,
10455,
54315,
5100,
7395,
4725,
8115,
2805,
22185,
10996,
58395,
-55845,
-83130,
-18870,
30345,
32385,
36720,
18105,
9721,
-38955,
-12750,
1020,
-7395,
21675,
32385,
10710,
24275,
-94605,
-104805,
-46410,
24735,
-5865,
40035,
20910,
12240,
-21165,
43239,
14404,
6120,
-20145,
7395,
-3315,
6885,
-37230,
-62106,
-12750,
-3739,
47175,
51889,
48960,
34425,
22185,
-22695,
-44256,
13005,
-39525,
-11220,
-1530,
-18360,
-80070,
-42840,
-24990,
20910,
35955,
-2805,
43350,
41055,
-510,
35190,
-21150,
-12664,
4845,
13247,
2040,
3315,
-48195,
-78525,
-14476,
-11220,
-11220,
-32338,
-14202,
-28050,
-65790,
-56022,
-7650,
-51510,
-14790,
-14535,
2040,
-50567,
-87404,
1020,
-14280,
35100,
17850,
-1381,
-6375,
-37596,
-26520,
-3825,
-51255,
3570,
5355,
-40446,
-13005,
-73950,
-70200,
-2550,
7650,
-30555,
-3839,
-8115,
-3015,
810,
-43050,
18870,
-11985,
15315,
-5610,
4622,
9225,
-19080,
-42330,
-11475,
-43605,
-66300,
-45925,
-36210,
-53505,
-25480,
-45613,
0,
-83362,
-42840,
-59661,
-94350,
-10410,
-53040,
-38829,
-8415,
-80325,
-34215,
-75225,
-80325,
-37485,
-70890,
-13687,
37485,
-81345,
-49725,
-27540,
-71145,
-100215,
-63360,
-92748,
765,
-75735,
29070,
-14535,
-4080,
-44370,
-66045,
-47175,
-3306,
-52122,
-30600,
-19380,
-42840,
-40800,
-80325,
-93615,
-30855,
-27540,
-30600,
-35955,
-48960,
-66546,
-78780,
-39015,
6375,
-43350,
-46155,
-77520,
-31110,
-41565,
-84150,
-93602,
19665,
-40290,
-22185,
-65025,
-48705,
-34425,
-23970,
-36975,
-28560,
-27609,
-64005,
-12075,
-49215,
18870,
-46052,
-70380,
-9043,
-52650,
-57885,
-97665,
-48450,
-69105,
-89250,
-48960,
-26520,
-38309,
-35700,
-30855,
-10710,
-23970,
-38961,
-54315,
58336,
-4815,
-29325,
-67830,
-33660,
-28560,
-17595,
657,
-32130,
-13260,
-68085,
-41820,
-64515,
-77010,
-56435,
-36210,
-43860,
-44880,
-9180,
-49725,
-2550,
-55080,
-70890,
-40290,
-90270,
-49206,
-59160,
-76500,
-80580,
-26530,
-45645,
-5202,
14427,
-23715,
-55590,
-48705,
-74460,
-42840,
-76755,
-75225,
-59925,
-30720,
-16335,
-64515,
-65025,
-59219,
-52275,
-61710,
40035,
-76245,
-6630,
-49470,
-43605,
-47940,
-24794,
-24570,
-16065,
-41820,
-111435,
-45900,
-18360,
-49725,
-86342,
-47685,
32640,
-10455,
13770,
-35445,
-54315,
-13515,
-47940,
-41310,
-30584,
-36475,
-75735,
-69615,
-28050,
-80580,
-49470,
-39015,
-11583,
-31620,
-49971,
-43860,
-34435,
-77010,
-61710,
-65025,
-43350,
-9033,
-36975,
-19125,
-71145,
-37485,
-43350,
-106335,
-10455,
-42330,
-39015,
-65790,
-109140,
-39780,
-59925,
-49725,
-68850,
-90000,
-62976,
-49725,
-83495,
-86445,
-70635,
-82620,
-31785,
-51162,
-69870,
-84405,
-37587,
-47710,
-81090,
-41055,
-30880,
-50745,
-35445,
-24480,
-51510,
-31875,
-81389,
-63157,
5100,
-8160,
12030,
31620,
22256,
-20910,
12522,
-10455,
20655,
13260,
-5355,
13770,
35142,
9945,
-5100,
36690,
38760,
-31365,
-5940,
-66172,
2955,
-33765,
-7245,
-62580,
-66720,
-31875,
-41430,
-31365,
-38423,
-50340,
-47025,
71655,
66045,
9945,
39015,
15887,
64770,
-25770,
-9209,
-20554,
-11220,
-9807,
-10200,
-36502,
1785,
4305,
12495,
82331,
17595,
-5610,
30990,
39525,
34935,
12495,
50235,
45386,
32640,
27030,
10455,
22695,
20910,
-1275,
36645,
47481,
-4080,
34170,
-24735,
-5865,
-28815,
1530,
11475,
48960,
35408,
31704,
20655,
42330,
25245,
49470,
34935,
58350,
24225,
30345,
255,
26265,
-27795,
37193,
40245,
56610,
18360,
48960,
31620,
73695,
42330,
65790,
46665,
122876,
40470,
-19125,
-8670,
-255,
56610,
-24225,
43605,
-2040,
36720,
61166,
40545,
6675,
-4335,
7905,
8425,
82875,
46751,
-40365,
58395,
-6120,
13515,
4080,
-9435,
23970,
18105,
15278,
7905,
10455,
765,
-12495,
-30321,
46920,
-19912,
33075,
48450,
11730,
53550,
36465,
13005,
30385,
25755,
23970,
31620,
-27285,
-6120,
7650,
29339,
100470,
13260,
13770,
35445,
-4590,
17850,
20145,
26520,
15300,
11985,
26738,
3825,
1020,
22950,
33961,
20400,
97494,
57670,
3060,
35190,
20145,
49725,
37230,
36720,
39525,
47430,
28740,
42315,
51765,
-255,
17318,
17850,
15045,
9945,
44625,
-4080,
7395,
-37485,
-9180,
34403,
-720,
31365,
2805,
3825,
24990,
26775,
-39780,
-12740,
63240,
-40545,
28050,
-8925,
510,
-29325,
33405,
11475,
19890,
-7014,
5911,
20145,
11985,
21165,
-12750,
-9180,
61965,
-55040,
-26265,
-40327,
-23205,
32941,
7650,
9180,
-255,
3570,
9220,
48195,
29580,
7140,
42840,
29325,
97665,
45645,
31620,
16320,
25755,
14535,
15045,
17595,
39015,
-9180,
-26820,
44333,
-28050,
29168,
27285,
-5100,
69360,
31275,
52710,
28305,
42075,
45474,
53627,
28050,
13770,
35267,
23205,
26520,
6630,
57630,
98430,
48826,
91031,
-39780,
-19125,
34965,
-25500,
35084,
-9435,
35187,
-19635,
33405,
48195,
78285,
67830,
79047,
81345,
32130,
24675,
-2040,
-1020,
35100,
-13039,
16155,
-21585,
2895,
37830,
42210,
18360,
30705,
26520,
22636,
21510,
-14445,
-9180,
32130,
-13260,
12750,
-16028,
11730,
-7860,
37062,
27504,
8670,
43628,
79305,
30541,
33915,
9285,
10710,
-16118,
13005,
6375,
-10215,
12240,
5355,
-11220,
27030,
-5197,
2295,
17595,
1275,
-16065,
19635,
38250,
33225,
-13219,
5610,
21675,
8925,
-29835,
-4590,
-22440,
-8415,
49470,
14476,
12756,
-6885,
-28815,
-15810,
-7140,
5355,
7620,
3315,
-21420,
-20145,
-23970,
-10200,
-16124,
13485,
765,
-18360,
-1785,
-13005,
24480,
-19890,
-5355,
-13260,
-8589,
15900,
6630,
10710,
-6120,
5100,
-11730,
9180,
21675,
6375,
-24278,
-6375,
9720,
-13260,
-27030,
-17781,
-44370,
30067,
-6045,
44880,
17085,
-17850,
-3570,
-7395,
-14280,
-24735,
7781,
16575,
8925,
-9690,
-7140,
-18599,
-37485,
3191,
-14955,
9180,
-22440,
-6120,
12495,
-765,
11710,
-15045,
7905,
13515,
-19635,
-17850,
-10200,
-34232,
-37485,
62730,
-13005,
26010,
-8415,
255,
-13260,
14790,
-6885,
40290,
15241,
-17850,
27540,
255,
-10203,
-30600,
-12489,
7120,
5865,
60945,
-26265,
7395,
-16065,
-9690,
12240,
-1020,
-10125,
-17940,
255,
-6120,
-15169,
-41055,
9180,
23460,
3825,
-2040,
-6630,
4335,
-6375,
-27919,
2835,
-26520,
6375,
42330,
-4590,
-28305,
8160,
1344,
4845,
32130,
-10455,
-11325,
1275,
-9180,
-28815,
-9180,
12495,
-22859,
15807,
11475,
27285,
-12240,
51510,
-11220,
-44880,
21145,
-3825,
24166,
-3060,
-22698,
-10200,
-7140,
-6120,
-43095,
-12260,
-25245,
2805,
6885,
14535,
5610,
1530,
-5355,
11985,
-5610,
765,
24990,
-4335,
-6885,
-8160,
-21420,
56580,
-6434,
15555,
13431,
29580,
20400,
-30855,
-915,
-14874,
-20400,
-5865,
-36714,
-18833,
-8415,
-4845,
-27758,
-4845,
-41820,
765,
-48195,
-23970,
-36542,
3218,
8925,
-28050,
-27870,
-17085,
-38188,
-53805,
-40139,
-70380,
-78030,
-56100,
-80070,
-78285,
-58499,
-84405,
-81090,
8595,
-8925,
-63495,
-92505,
-23161,
-58170,
-57660,
-79335,
-88260,
-83655,
-86955,
-124125,
-94605,
-70037,
-77040,
-73215,
-60945,
-28560,
-47685,
-69105,
-52689,
-65025,
-59505,
-71439,
-57360,
-67065,
-74937,
-77520,
-44898,
-43350,
-42525,
-37995,
17760,
-31365,
-38250,
-50670,
-35445,
-58395,
-60690,
-40290,
-73604,
-52785,
-69615,
-57120,
-76245,
-33150,
-60690,
-35820,
19607,
-14025,
-35700,
-50235,
-45390,
-44625,
-56610,
-45390,
-71910,
-58413,
-67731,
-77010,
-56610,
-61455,
-67320,
-58395,
52020,
-13515,
-44880,
-54825,
-48960,
-31620,
-62493,
-57285,
-62475,
-54315,
-58905,
-60435,
-51765,
-54060,
-55080,
-51000,
15746,
-38460,
-33150,
-57375,
-50490,
-40545,
-77010,
-39270,
-36975,
-30345,
-71745,
-58140,
-64845,
-41565,
-43860,
-6562,
2805,
-44329,
-31230,
-66555,
-94605,
-62220,
-74205,
-54315,
-53295,
-64770,
-44041,
-24225,
-57120,
-55845,
-42075,
-25030,
20400,
12059,
-34635,
-31365,
-57375,
-62730,
-56865,
-61710,
-38890,
-51510,
-40035,
-48960,
-71145,
-32895,
-52785,
-56759,
1785,
-40035,
-28050,
-21165,
-62220,
-41055,
-44880,
-47685,
-77775,
-79815,
-50763,
-72930,
-91545,
-31110,
-66894,
-56355,
10809,
-13390,
-74970,
-71655,
-57375,
-38250,
-43350,
-45390,
-35445,
-48450,
-55965,
-48525,
-66300,
-50490,
-72601,
-40545,
50745,
1530,
-64260,
-60690,
-55080,
-43860,
-48960,
-49906,
-55920,
-69360,
-39525,
-62475,
-65280,
-80835,
-80580,
-73372,
6375,
-36720,
-61710,
-55230,
-58905,
-56610,
-81090,
-67320,
-35445,
-73194,
-56694,
-49725,
-104295,
-85425,
-62475,
-30345,
22440,
-20530,
-40800,
-51783,
-68340,
-70719,
-52785,
-73950,
-50490,
-73950,
-70510,
-39270,
-70890,
-33660,
-34680,
-26775,
5100,
-51000,
-64515,
-66810,
-90525,
-89505,
-55590,
-56610,
-67065,
-59415,
-82020,
-59178,
-60180,
-14082,
-28050,
-40800,
18105,
-20850,
-43251,
-56355,
-57375,
-34836,
-23364,
-20655,
-31620,
-29229,
-44880,
-52530,
-50235,
-34425,
-37485,
6306,
48796,
-4080,
-1020,
2670,
-68850,
-2807,
7395,
34554,
255,
19380,
28815,
66045,
58395,
47154,
765,
44880,
-14145,
26520,
23460,
123360,
16732,
46635,
66270,
31590,
72900,
-21600,
17340,
17445,
54570,
14679,
21645,
51480,
-109395,
42585,
51000,
75990,
15978,
26775,
37920,
11683,
63280,
-22185,
81774,
63495,
45511,
68850,
2640,
58905,
-42675,
33915,
47430,
29970,
53805,
87465,
34425,
60945,
46293,
35445,
75225,
66300,
20400,
37995,
42840,
45360,
-49326,
40035,
61200,
28560,
19635,
59925,
65025,
60435,
44115,
11596,
53024,
66810,
40290,
28815,
44115,
87465,
13635,
41055,
17085,
74715,
22695,
19635,
42451,
71535,
62475,
50235,
82875,
57375,
63750,
29580,
66555,
56100,
-8530,
109755,
66300,
42585,
13515,
28050,
62475,
49215,
82875,
60945,
35865,
23460,
45000,
69870,
32895,
23507,
-86190,
1200,
43830,
59415,
37485,
34680,
28560,
30090,
52020,
6375,
108052,
55335,
65535,
40290,
22950,
10893,
-42840,
14977,
-10095,
34170,
39525,
33405,
24735,
0,
44957,
-1275,
43350,
33405,
56610,
9945,
43095,
57724,
-43350,
92565,
22440,
25500,
21420,
-12750,
25500,
96645,
33915,
61710,
32251,
12240,
67320,
92820,
15913,
47940,
8399,
64847,
30345,
58395,
33150,
47940,
38505,
49725,
53805,
76755,
28020,
-960,
79560,
13515,
-14348,
14280,
-9435,
47430,
44625,
84660,
83130,
60435,
66300,
-11288,
45255,
48705,
45390,
68085,
58905,
16830,
43605,
-22393,
-19890,
36975,
64005,
38610,
47175,
36465,
14280,
14280,
47685,
54783,
95728,
71655,
46665,
28050,
118320,
7395,
-57375,
30422,
27540,
30721,
47940,
18208,
43095,
33150,
13515,
36465,
6962,
-2040,
-10710,
36210,
48705,
29835,
-28560,
57885,
77520,
39525,
45390,
25500,
4335,
21930,
35445,
13005,
90150,
-644,
55080,
82784,
67830,
60435,
-52275,
80235,
89424,
123420,
111690,
66029,
71313,
102255,
95625,
75903,
120105,
73185,
109905,
78795,
81600,
117866,
49353,
