# 522 (shape [1, 8, 16, 16]),
-24329,
-9118,
-12667,
-13934,
-28172,
12661,
2774,
0,
-14218,
-25877,
-75657,
-33660,
-16751,
-2974,
-4845,
-73950,
-80064,
3315,
-9690,
-22185,
-4080,
3825,
-37485,
-3315,
7905,
-45900,
-49149,
10506,
-30804,
-13386,
-6630,
-20401,
-39958,
30345,
-4319,
11985,
-14535,
255,
11082,
13005,
40800,
-15045,
13670,
-19125,
-31896,
-17340,
-10200,
-30600,
-39525,
13648,
32285,
24990,
4845,
39780,
10965,
-5355,
-255,
40908,
9690,
17595,
26026,
-19125,
2550,
-33915,
-18090,
8943,
2040,
24990,
26520,
19125,
-30090,
2295,
28305,
6120,
18615,
-17340,
-8925,
26010,
34188,
-7395,
17085,
28305,
3996,
-9435,
-31742,
5610,
28560,
3060,
2040,
16575,
-19890,
-14147,
8925,
12628,
13177,
-48827,
-16575,
-9435,
-31110,
510,
-2550,
-3060,
31875,
-22440,
-8415,
40035,
30726,
-1020,
15588,
5941,
741,
6885,
19125,
15555,
17728,
22440,
10455,
-7905,
-14535,
5355,
7650,
-3315,
23715,
-17340,
31875,
-7750,
898,
-3315,
-10965,
24456,
-3060,
23205,
8038,
-7395,
-6630,
-24480,
-1005,
2550,
22185,
-6885,
-10940,
-2550,
-7395,
-5355,
-26250,
43605,
-9180,
17850,
-18360,
15555,
13138,
-903,
188,
11985,
27024,
11730,
14790,
11985,
765,
-52275,
-41820,
510,
-29070,
28815,
-3060,
22185,
16575,
22440,
-44115,
-23460,
20382,
16692,
31365,
1530,
-770,
-30861,
-13005,
32376,
17235,
8368,
-23460,
-9696,
-8245,
-3299,
-2295,
30600,
6108,
9606,
-2574,
-27540,
6375,
-16575,
-10200,
18870,
22926,
765,
-20655,
1452,
-1785,
-16830,
3315,
6630,
16830,
-24990,
15965,
-14280,
-9435,
-10832,
12750,
11475,
39525,
-5355,
-10710,
-24735,
3060,
-24735,
26265,
12750,
14041,
43581,
15178,
-15300,
22440,
-23460,
-42183,
-20400,
42585,
25500,
11475,
-22950,
-9945,
-3060,
30600,
-2550,
13260,
21675,
27306,
-33150,
-20993,
-50745,
63336,
45093,
62096,
18591,
37716,
40266,
25234,
16296,
14769,
52761,
45011,
45111,
31818,
28536,
51486,
2295,
-102798,
-65421,
-84257,
-73829,
-94237,
-82043,
-66576,
-80835,
-64146,
-87607,
-90200,
-79560,
-87728,
-76471,
-74205,
-67830,
-70008,
-77010,
-106335,
-47430,
-89760,
-61710,
-120105,
-57630,
-52530,
-72675,
-82371,
-71613,
-106038,
-47799,
-81855,
-86282,
-77348,
-81600,
-86276,
-31875,
-87210,
-14790,
-43542,
-53040,
-44370,
-85425,
-37810,
-46920,
-90372,
-87975,
-100215,
-67830,
-68850,
-75367,
-44950,
-35700,
-60690,
-32130,
-67065,
-64515,
-33915,
-53387,
-65025,
-49980,
-87296,
-74205,
-90270,
-56610,
-37032,
-72276,
-51510,
-35700,
-89505,
-56100,
-45645,
-20145,
-37740,
-27795,
-22440,
-36465,
-34170,
-54570,
-49836,
-85425,
-65790,
-30855,
-26871,
-27285,
-88372,
-48195,
-36720,
-49980,
-64515,
-53550,
-40035,
-22582,
-34935,
-39412,
-21463,
-85567,
-39015,
-24480,
-81090,
-52530,
-74460,
-74970,
-91545,
-53040,
-44115,
-56610,
-50091,
-65535,
-49047,
-28029,
-41778,
-59925,
-31110,
-26775,
-17992,
-17850,
-56100,
-33150,
-45645,
-45135,
-44115,
-29580,
-37740,
-57120,
-34425,
-66370,
-41707,
-96645,
-78540,
-51891,
-58140,
-37485,
-43237,
-45390,
-29580,
-70125,
-62532,
-57885,
-46920,
-67320,
-36090,
-53550,
-39525,
-104805,
-55365,
-55590,
-84915,
-53550,
-68595,
-29580,
-27937,
-67002,
-47198,
-59670,
-30072,
-21930,
-45390,
-86700,
-65790,
-94095,
-52275,
-76500,
-64260,
-43095,
-67830,
-46920,
-37995,
-54315,
-105825,
-87720,
-74615,
-32832,
-44115,
-84405,
-45227,
-69402,
-61710,
-63906,
-53445,
-35227,
-39270,
-39339,
-55690,
-105146,
-49215,
-79815,
-81128,
-55686,
-39651,
-74970,
-61710,
-95370,
-56610,
-47940,
-32001,
-69615,
-61965,
-75012,
-35445,
-77775,
-53550,
-51765,
-46155,
-61455,
-76315,
-56100,
-27285,
-102907,
-40800,
-47430,
-58395,
-67320,
-44370,
-77010,
-49725,
-77010,
-73695,
-50745,
-47006,
-36423,
-71542,
-60435,
-36975,
-93075,
-61110,
-89250,
-55590,
-42075,
-47430,
-44625,
-70125,
-67830,
-67065,
-60945,
-24735,
-22440,
-18846,
-77265,
-59458,
-102510,
-46338,
-113615,
-55135,
-76740,
-46140,
-86175,
-64663,
-80055,
-60651,
-56850,
-67885,
-51495,
-55875,
-91275,
-70620,
-69870,
72621,
70863,
57310,
90186,
44021,
49497,
10022,
46920,
48678,
38666,
62894,
64260,
17203,
39740,
37230,
60180,
63128,
52020,
39270,
85680,
16320,
15300,
-15555,
17595,
7905,
6120,
8682,
25704,
31059,
35678,
52275,
15855,
42095,
11730,
5971,
35190,
42840,
60945,
48255,
48450,
36720,
39780,
59874,
14535,
30370,
11475,
41310,
40545,
74715,
32291,
20604,
5610,
-8670,
17595,
26010,
20145,
1020,
3780,
15810,
-510,
-1934,
53295,
23460,
80580,
35823,
25329,
6630,
5610,
37485,
56355,
34425,
37995,
8415,
28815,
52020,
21420,
17340,
22950,
33234,
66045,
-43095,
13515,
33643,
34170,
26426,
58140,
-16065,
-765,
3825,
29325,
12495,
43766,
25245,
4241,
46660,
96296,
22440,
19380,
48705,
41310,
31365,
33660,
21420,
34425,
14790,
29580,
-2652,
31110,
56301,
17984,
26968,
21930,
13515,
20910,
44276,
45645,
16575,
36210,
19635,
43095,
17085,
38505,
41310,
61965,
58905,
9894,
53456,
40290,
7905,
-1179,
34170,
41055,
24386,
18105,
4845,
54315,
22818,
18360,
32130,
42840,
69055,
73950,
70635,
57630,
58971,
17595,
64260,
44880,
23715,
35700,
39176,
58200,
47755,
29325,
39960,
44880,
35700,
22440,
1275,
68340,
18870,
0,
58140,
44115,
58395,
32130,
9690,
38505,
50490,
43860,
33772,
19950,
9690,
48960,
18404,
71670,
40290,
3987,
21879,
2327,
73950,
58417,
39795,
23311,
33915,
4590,
53805,
38233,
3921,
38250,
18615,
46410,
44625,
27030,
18201,
39270,
54060,
28605,
40545,
56355,
44625,
47175,
62985,
65025,
12699,
29325,
34170,
49121,
62220,
47430,
37995,
34935,
62730,
55590,
51510,
55590,
28050,
30090,
-659,
38188,
-22534,
34935,
46665,
38250,
114147,
48705,
255,
40035,
47430,
32130,
54570,
58395,
15300,
87975,
31110,
27030,
31688,
22950,
57625,
52275,
54996,
23410,
52317,
33243,
38088,
46758,
54128,
31458,
22717,
75318,
-1488,
-19287,
-3024,
6213,
27888,
60690,
82404,
75989,
89570,
87419,
102142,
77816,
91131,
82620,
95879,
97552,
117345,
76500,
119866,
86211,
86445,
107355,
91453,
38760,
104550,
71910,
99450,
18105,
84915,
68085,
-8415,
-6375,
57138,
20243,
63083,
97901,
54315,
111901,
118563,
48195,
61097,
72420,
62730,
35445,
86964,
60435,
60690,
37485,
93622,
80580,
99354,
59415,
74715,
81600,
69360,
45787,
92092,
73185,
102000,
99195,
133110,
44115,
108630,
22452,
100470,
90015,
85577,
126480,
47940,
77520,
68841,
54597,
97665,
73185,
119850,
49470,
56100,
32130,
75480,
41565,
39270,
82875,
62985,
97155,
90297,
120105,
42840,
56610,
60409,
68595,
99592,
99705,
94350,
95625,
116280,
107865,
61965,
40687,
72420,
90157,
81348,
73327,
69360,
95370,
74460,
41820,
48195,
127245,
93075,
92565,
80325,
104295,
88779,
92055,
90867,
111581,
97778,
164475,
86190,
107610,
41962,
50490,
97665,
49725,
94350,
65025,
120105,
82875,
96900,
66300,
54570,
58942,
88117,
91035,
84150,
29352,
68085,
76245,
85567,
75735,
53040,
28815,
26511,
38505,
87720,
117810,
47445,
92310,
47685,
110670,
66813,
50745,
103020,
89250,
77775,
80835,
71287,
82629,
86887,
105315,
64824,
71400,
101745,
152235,
125460,
128265,
112710,
91035,
102765,
66810,
103785,
87720,
93075,
93075,
67575,
57375,
54399,
40809,
89760,
111435,
84217,
138966,
95370,
101265,
79377,
84885,
60435,
59810,
91075,
85067,
67830,
69360,
71902,
88969,
98457,
104550,
49215,
112200,
90270,
106080,
43632,
31620,
82875,
50909,
64005,
138465,
94860,
65280,
62985,
54570,
56902,
15810,
68595,
71797,
95370,
79305,
17340,
17340,
64260,
114750,
99195,
114750,
42330,
102510,
54467,
75083,
37117,
102000,
56865,
86445,
84144,
13770,
33150,
71145,
79305,
56355,
23205,
103785,
40800,
107610,
79305,
59415,
47819,
122400,
64263,
78030,
-24402,
10320,
11548,
44151,
5136,
54351,
19433,
65826,
34593,
-10674,
55153,
36246,
21603,
78576,
46446,
96900,
-97072,
-44067,
-73930,
-85425,
-118297,
-59116,
-69847,
-93330,
-56052,
-94837,
-81884,
-81600,
-96465,
-126428,
-107355,
-38250,
-30854,
-41055,
-765,
-24480,
-70380,
-6885,
-61455,
-27285,
-64770,
-56865,
-59733,
-37280,
-65075,
-72841,
-31365,
-52084,
-1259,
-765,
2450,
-2550,
-13770,
-31875,
-7935,
-24990,
-2040,
-42330,
-26888,
10965,
2856,
-37485,
-45390,
-78285,
16065,
-44347,
-23318,
-5865,
13260,
6630,
-43860,
-49980,
-20400,
-2263,
34680,
-4590,
38660,
-255,
-23715,
-21675,
7926,
-39864,
11220,
-5865,
-20655,
-43860,
-24225,
-27540,
255,
-5100,
-32640,
-9945,
-27540,
-9435,
11901,
-16320,
10455,
2550,
-40553,
-18360,
-38737,
-37740,
-21675,
18615,
-10200,
-10965,
5355,
-72142,
-19125,
-45367,
-10714,
11498,
-35700,
-41565,
-48450,
-47175,
-40800,
13005,
-24480,
-7905,
-29070,
-25245,
-1518,
12240,
-5472,
-35210,
-19639,
-48450,
-35955,
-23715,
-32872,
-24225,
-6630,
-35955,
5100,
-48705,
-31875,
-23970,
-23970,
-26265,
-45390,
-58763,
-21652,
-74715,
-1785,
-71505,
23205,
23205,
19658,
24990,
-16065,
-31620,
-19359,
-42840,
-31875,
-9435,
-5327,
-13770,
-53550,
-14025,
-22233,
-12495,
-35190,
-32895,
39270,
-510,
7163,
-12525,
-27398,
6630,
-42774,
-22950,
-33915,
-20655,
-18105,
16830,
-6885,
-22185,
-17085,
-26775,
-55080,
-31875,
11730,
23205,
-19890,
-24735,
-44532,
-1050,
-28050,
-12750,
-37688,
-10329,
-19635,
-39678,
-12453,
5155,
-40290,
-58993,
4684,
-1120,
-11475,
-55590,
-66716,
22942,
-20505,
-20655,
-57375,
-71400,
-1020,
-42330,
-14385,
-32385,
-34680,
-39420,
-41565,
-30090,
-9690,
20910,
-17340,
-14280,
-22553,
-59670,
-18360,
-50977,
-26520,
-54315,
-45900,
-26775,
-61965,
-1785,
-36720,
-1785,
-28050,
-34680,
-51355,
-25759,
-22162,
-67065,
-48195,
-35700,
33708,
-10455,
14025,
-23460,
-54315,
-36720,
-54825,
-55080,
-27030,
-60435,
-16830,
-34425,
7652,
8670,
11216,
-24480,
-11139,
-46584,
-40415,
-45657,
-27807,
-18882,
10895,
-33672,
-20001,
-45912,
-53165,
-49737,
-17829,
-16842,
-26532,
-39780,
55265,
98476,
70320,
80956,
66834,
112883,
107245,
140250,
139786,
94119,
96338,
71145,
74941,
80188,
103275,
79560,
65349,
134385,
91545,
61965,
146115,
141270,
122910,
124950,
103530,
142800,
163194,
134832,
113667,
79162,
125205,
130320,
96894,
97410,
120155,
94350,
70380,
70890,
73974,
61965,
77775,
31875,
72254,
100725,
74823,
75735,
67065,
67575,
121635,
70404,
70724,
123930,
113730,
121890,
97155,
55590,
81855,
95419,
121890,
98430,
110210,
89505,
81600,
87975,
111309,
65358,
80070,
123930,
135150,
114750,
104805,
84405,
120615,
110670,
83640,
90780,
83895,
98430,
84483,
89505,
96645,
121890,
81011,
93330,
-3291,
76245,
113730,
111945,
132600,
137700,
145860,
38274,
106080,
111969,
166134,
166539,
167025,
104295,
43095,
45390,
40035,
107355,
115770,
71910,
111435,
106845,
128511,
103785,
78174,
107963,
122634,
129540,
98940,
131580,
76524,
82110,
119340,
94605,
85170,
60690,
96645,
86700,
115770,
60945,
49725,
61034,
66579,
84660,
57630,
89940,
102255,
121890,
121659,
129540,
80835,
33405,
19509,
58905,
72165,
81090,
82288,
58905,
40800,
57375,
96357,
104295,
82875,
95625,
97155,
120615,
109674,
63519,
61311,
88995,
83388,
94350,
101490,
159630,
126990,
103785,
124440,
114240,
69870,
99960,
49470,
72165,
130815,
73185,
40800,
38760,
58698,
102534,
97410,
100980,
116022,
75315,
87720,
115917,
104034,
126356,
70380,
43662,
88286,
94655,
93840,
84660,
56727,
102941,
131250,
84150,
65280,
34170,
77775,
99450,
111105,
37995,
62985,
42059,
87975,
69105,
109140,
101235,
83385,
78030,
93164,
47430,
93330,
43119,
68850,
54060,
74205,
44625,
42840,
73185,
60945,
73185,
79050,
86445,
109700,
112434,
107124,
73695,
58395,
70125,
124218,
91290,
112710,
70125,
54060,
69105,
19890,
49470,
55590,
51255,
113220,
106335,
139696,
123675,
105699,
98430,
68130,
66006,
39017,
54993,
63663,
51423,
66024,
49638,
41661,
49638,
72932,
85083,
121377,
103953,
58053,
51255,
21968,
5860,
27910,
-30724,
23106,
-362,
37517,
8670,
-4595,
14946,
-6565,
-35445,
21529,
-19942,
14025,
10710,
41196,
39270,
26265,
18615,
-15810,
77520,
52530,
12240,
65535,
51510,
55803,
1798,
27808,
-10948,
-5100,
31625,
41460,
53805,
57993,
26265,
62475,
43605,
19935,
5355,
37230,
-2550,
26566,
31875,
49380,
15555,
37740,
40800,
55080,
35601,
37021,
30090,
52530,
29070,
58395,
39525,
38250,
57349,
18870,
15555,
22803,
34425,
21930,
24480,
44703,
28227,
23460,
30090,
4845,
19635,
5610,
47175,
43095,
57375,
48960,
35955,
42840,
18105,
27207,
6375,
49470,
45900,
21751,
24480,
46311,
5610,
41055,
20400,
26520,
45390,
45900,
27951,
29835,
37641,
48285,
23616,
50235,
20655,
6630,
12495,
15810,
34680,
-13260,
35700,
49215,
11220,
48081,
4590,
27201,
45925,
11676,
5355,
37740,
44880,
45036,
32130,
41820,
27285,
49215,
5355,
8925,
12750,
57120,
58650,
27030,
23761,
22086,
40545,
33915,
49308,
60180,
48705,
28461,
30600,
42075,
22185,
49293,
16065,
7905,
24480,
59224,
57630,
20910,
-2550,
29790,
41310,
16065,
22695,
36720,
48705,
48351,
41355,
-3734,
-3060,
34695,
38505,
27030,
5865,
2295,
37995,
53040,
41310,
35955,
52020,
5355,
7905,
23205,
7905,
14025,
-9435,
54079,
34725,
29325,
30345,
45462,
32925,
-3825,
10503,
-69,
25601,
-7905,
16443,
11221,
46008,
41310,
6375,
23110,
38326,
33753,
35955,
49470,
14535,
8415,
25755,
62058,
31620,
42840,
13740,
15555,
28815,
27540,
19890,
2805,
13515,
40336,
13515,
24480,
19026,
26520,
-6375,
68340,
43350,
5100,
20145,
-13260,
20145,
48450,
19890,
27138,
24681,
54216,
24990,
22950,
2805,
3939,
40035,
53040,
23715,
-6375,
25755,
17340,
5355,
33660,
20655,
46410,
53295,
63221,
49980,
37830,
10455,
13182,
47560,
21067,
46776,
29436,
29436,
23972,
12096,
36138,
28161,
31267,
35046,
54183,
43461,
1896,
-34680,
-97665,
-73860,
-91969,
-87297,
-85142,
-99107,
-73754,
-57120,
-40455,
-77492,
-55195,
-99960,
-85286,
-91118,
-75735,
-47940,
-84617,
-122655,
-96900,
-110415,
-92565,
-85425,
-82365,
-89760,
-28305,
-43860,
-59895,
-55210,
-75610,
-76026,
-116280,
-69686,
-76612,
-77520,
-51489,
-88230,
-69615,
-64005,
-63960,
-25245,
-44625,
-44115,
-83815,
-80325,
-83073,
-25755,
-70380,
-25245,
-63495,
-74942,
-85855,
-46665,
-32385,
-86955,
-65535,
-19890,
-68850,
-24442,
-66810,
-55590,
-64239,
-95370,
-58140,
-43095,
-96165,
-79539,
-59670,
-46665,
-62220,
-71145,
-62730,
-35700,
-13770,
-35190,
-48960,
-89760,
-69105,
-61710,
-41799,
-42075,
-20655,
-24990,
-62391,
-78030,
-94832,
-104295,
-51255,
-70125,
-86700,
-62730,
-71400,
-71117,
-62985,
-66527,
-51992,
-57857,
-63750,
-66300,
-68085,
-78795,
-59415,
-79050,
-76500,
-98685,
-47940,
-72930,
-43476,
-60945,
-79647,
-68172,
-87127,
-58395,
-66555,
-58140,
-49187,
-53805,
-49470,
-51000,
-78795,
-50235,
-65025,
-84150,
-77775,
-47430,
-48195,
-39955,
-100442,
-27285,
-71910,
-51669,
-24735,
-44880,
-81572,
-68085,
-40290,
-46410,
-22215,
-50490,
-62220,
-79560,
-85104,
-87720,
-44880,
-10455,
-85797,
-60945,
-70635,
-83130,
-87210,
-69870,
-69332,
-29790,
-69150,
-73440,
-61848,
-70380,
-90525,
-65025,
-63240,
-97410,
-80580,
-76245,
-89760,
-90525,
-59160,
-62220,
-67320,
-47940,
-61455,
-64770,
-88994,
-18825,
-48450,
-76500,
-54056,
-61116,
-85425,
-46431,
-39900,
-65344,
-64260,
-77926,
-81892,
-66534,
-65790,
-65535,
-109861,
-95541,
-66204,
-65280,
-27795,
-80325,
-83640,
-61455,
-70794,
-37740,
-69105,
-57575,
-57120,
-118830,
-97665,
-43860,
-55590,
-49980,
-71830,
-38505,
-78030,
-54032,
-85425,
-56355,
-70890,
-31620,
-66555,
-86445,
-77010,
-86445,
-77520,
-56100,
-30069,
9518,
-6602,
-35190,
-63750,
-58395,
-82614,
-46920,
-51765,
-40545,
-56355,
-56865,
-31875,
-59160,
-56610,
-114750,
-27540,
-6885,
15024,
-61965,
-92027,
-71910,
2295,
4705,
18809,
2154,
23574,
22044,
17634,
-46296,
-4515,
18729,
25694,
11844,
51306,
24849,
3174,
-31365,
