# 605 (shape [1, 8, 10, 10]),
21930,
-1020,
-34425,
-4485,
7905,
19635,
-9705,
50745,
28305,
71910,
-9118,
-32072,
-78540,
-69332,
-113413,
-81542,
-104607,
-79774,
-80522,
-28067,
-13515,
-54584,
6885,
-7140,
-54465,
-78724,
-55532,
37438,
-5867,
-59490,
24480,
-58412,
8300,
-31172,
-28757,
-23657,
-45092,
9054,
-11669,
8586,
-55482,
-71400,
-76317,
-33660,
58,
-53252,
-20312,
-11988,
-41192,
-48195,
-57775,
-35445,
-2537,
-3702,
-18809,
-29267,
21549,
-22382,
-108062,
-27353,
29475,
-67769,
-82307,
-47117,
-47882,
-64457,
-9782,
-3202,
-52459,
-34680,
44880,
-72122,
-30107,
-29777,
8728,
-63750,
-32145,
-78030,
-63632,
-9841,
-24732,
-38375,
-19577,
14083,
-34637,
-44940,
-17850,
-46935,
16888,
-20670,
-28875,
-37230,
-41640,
-38760,
-71856,
-23460,
-22448,
-38760,
44370,
15045,
6630,
-9945,
-67830,
-3000,
-19635,
-28050,
-73334,
-33915,
-6375,
-30345,
-36089,
-16318,
-50490,
-42047,
-52664,
36722,
31574,
13303,
2,
45941,
-25755,
-14213,
-1530,
-18360,
-36225,
-1891,
-21418,
-3298,
-63493,
38040,
-3825,
-45349,
51462,
14528,
-6118,
12497,
-41083,
-14148,
16281,
42724,
-33971,
-10455,
-39626,
-1785,
33662,
-62367,
-52123,
42286,
-15238,
-3315,
-8449,
-36465,
-90633,
35672,
3276,
-15043,
16165,
20912,
39782,
45850,
7245,
-9984,
-38503,
-29323,
20912,
6887,
13577,
-18610,
-58756,
21420,
-52785,
-74953,
302,
-14278,
6887,
-31110,
11836,
-33150,
-23143,
730,
8374,
-18930,
39017,
-29323,
12512,
-23400,
17085,
-35820,
19127,
-10094,
-39270,
-35190,
-5415,
7650,
-5608,
-6375,
19758,
-62220,
-34170,
-39525,
-99960,
-79050,
-142800,
-58935,
-100215,
-113475,
-108917,
-85935,
-116535,
-44370,
-75735,
-101494,
-61200,
-103533,
-74460,
-106339,
-137970,
-71482,
-125974,
-87288,
-44625,
-62261,
-31110,
-45645,
-16410,
-88794,
-77524,
-90604,
-42559,
-80325,
-65535,
-101568,
-32141,
-22737,
-58144,
-106594,
-80854,
-5618,
-113286,
44931,
-37382,
-121125,
-79742,
-75735,
3566,
-68376,
-63604,
-55168,
-39604,
-14790,
-35398,
-61455,
-89810,
-96751,
-21741,
-60439,
-80509,
-31114,
-104554,
-41466,
-32160,
-83961,
-44374,
-514,
-67324,
-84919,
-32674,
-17933,
-118629,
-5865,
28560,
-50028,
-56869,
-43099,
761,
-72165,
-68882,
-88740,
-70459,
-2044,
-59987,
-105663,
-40294,
506,
-37023,
-87195,
-41055,
-46125,
-26014,
4303,
-26745,
-8925,
-55200,
-37230,
-53368,
-5610,
-59810,
-43095,
36720,
13260,
-23205,
7140,
11475,
-13635,
17340,
-7395,
-26464,
-32130,
-2295,
-35190,
-33506,
-41336,
-78285,
-13364,
-36056,
-91061,
-110873,
-68694,
-57656,
-22258,
-42075,
-87942,
-64260,
-109905,
-50265,
-38946,
-77036,
-157721,
-44201,
-119415,
-30600,
-102328,
-101922,
-151722,
-52556,
-97181,
-97346,
-79502,
-149503,
-124526,
-77342,
-143055,
-140912,
-132090,
-134156,
-189690,
-134981,
-88548,
-106601,
-128775,
-76407,
-136935,
-152905,
-136776,
-94933,
-105851,
-133738,
-135686,
-139766,
-89585,
-35790,
-70198,
-155576,
-45926,
-62501,
-143846,
-116936,
-123164,
-53226,
-55590,
-44880,
-57967,
-87566,
-65306,
-94376,
-159885,
-146314,
-102000,
-78041,
-83997,
-31157,
-12770,
-94121,
-58676,
-68167,
-108855,
-91800,
-97665,
-111206,
-90469,
-66870,
-92565,
-119445,
-72165,
-67690,
-114240,
-75303,
-96900,
-99705,
-87975,
-61965,
-44880,
-75990,
-32340,
-69360,
-70125,
-72299,
-76755,
-75480,
-73695,
-130766,
-44491,
-31110,
-41084,
-26726,
-15166,
-1128,
47499,
-16696,
-6950,
-86955,
-27472,
-49215,
-24480,
-58890,
-47724,
-41431,
-54796,
-47836,
43875,
-80325,
-12815,
-62717,
19256,
-51631,
-58771,
-52666,
-39577,
-58996,
5288,
-99405,
-40545,
-63840,
-8160,
-22561,
-48960,
-17476,
-86827,
-47116,
510,
-44893,
-49470,
-61628,
-44558,
-56191,
-43216,
-68278,
-68716,
-35056,
15298,
-88725,
-92656,
16709,
-39901,
-55201,
-14656,
-22006,
-45719,
-29109,
34425,
-70125,
-32984,
10349,
-53416,
-57241,
-25755,
-53174,
-10455,
-19321,
-3181,
-113445,
-57548,
-27661,
-76876,
-37064,
-55410,
-81345,
-56850,
-27916,
-36344,
-73725,
-32640,
-20775,
-72165,
1766,
-31110,
-61414,
-37995,
-39015,
-85425,
28305,
34935,
54825,
20745,
56865,
43605,
48009,
32385,
74970,
-21930,
35497,
69146,
90270,
67573,
92107,
44411,
27467,
30276,
51041,
1930,
3315,
77192,
43350,
39525,
22530,
30983,
22226,
3581,
32231,
465,
2550,
-1895,
-40659,
27151,
21206,
18656,
4241,
69446,
-18658,
-3981,
49731,
34425,
-11409,
23715,
-21379,
3425,
40166,
11832,
-34609,
6375,
70661,
12750,
22782,
17390,
3017,
73226,
38878,
-35914,
9476,
58386,
15900,
12962,
41861,
-11179,
3101,
28856,
-11344,
15890,
37613,
3315,
-4590,
29321,
49976,
-3274,
2846,
62985,
834,
66810,
31181,
25180,
9606,
88236,
49001,
13811,
-28819,
62550,
32895,
-15195,
-4804,
35004,
43410,
57120,
57525,
28305,
28735,
32640,
7639,
100725,
31620,
42075,
22185,
11985,
24480,
-3660,
23970,
14535,
-7188,
68085,
29325,
18360,
-23579,
-17102,
25755,
-20199,
-24599,
1003,
-23090,
558,
-28322,
-25180,
-4590,
-7397,
510,
-8415,
-56415,
-23589,
-14807,
-56462,
-17462,
-40455,
8670,
-24160,
-86058,
-62022,
-75752,
-20162,
-46832,
13848,
-93332,
-46662,
1485,
-58140,
-4380,
-31365,
-39797,
-13835,
-52532,
-523,
-28187,
-7650,
42395,
-34680,
-11587,
-28285,
27538,
11458,
-63313,
-3332,
-65807,
7500,
48255,
-20657,
42823,
-39032,
-30872,
-49997,
-8267,
25921,
-37869,
-72165,
13770,
-17020,
15118,
2023,
55828,
24735,
3012,
54315,
-26657,
-28877,
-16560,
-22267,
22933,
-32147,
-31045,
-22530,
-47685,
-51810,
-65042,
9387,
-43710,
19125,
22380,
22185,
-50618,
2295,
-15885,
765,
34425,
-1530,
-72165,
-38505,
-34680,
28770,
-23715,
-48195,
485,
-72165,
-79560,
-8925,
50175,
38227,
37485,
54405,
61905,
10942,
38119,
29228,
-7928,
30526,
55335,
57448,
-9180,
255,
54375,
22015,
-26543,
-9518,
18142,
30210,
24480,
49396,
46812,
85932,
106567,
-278,
27322,
83407,
53891,
78921,
13684,
31875,
1384,
5355,
86422,
35652,
36742,
36122,
36712,
53040,
-39618,
24480,
30198,
19051,
-26689,
28792,
39163,
22927,
71377,
22743,
-30570,
-4504,
34402,
95857,
38992,
16042,
6817,
55000,
16150,
102765,
33150,
-9456,
13867,
-533,
-22208,
98940,
40775,
19635,
-34178,
33474,
23059,
-34539,
9667,
20632,
-5376,
56565,
20400,
55200,
12472,
51995,
26325,
6375,
48450,
37230,
28603,
97410,
43810,
41055,
84915,
52785,
