# 553 (shape [1, 8, 20, 20]),
-75971,
-58913,
305,
6375,
-25056,
-37366,
-75250,
-92820,
-54132,
-94140,
-23494,
-60180,
-33915,
-44439,
-45717,
-35933,
-7905,
-32079,
-7140,
-66745,
-13260,
7629,
79404,
84263,
113843,
170494,
102368,
38108,
64260,
32511,
93075,
25626,
35231,
76388,
61058,
52473,
58253,
5808,
101603,
145605,
-2423,
61672,
69292,
51829,
42330,
137886,
38505,
51211,
60590,
69105,
5130,
145939,
82515,
62280,
68595,
63345,
89713,
33660,
59727,
151980,
37737,
76855,
46873,
27425,
72675,
69360,
46410,
36210,
85125,
40024,
37401,
85153,
46410,
88728,
69568,
56840,
48125,
35005,
57375,
126735,
-91545,
74460,
58905,
35955,
38250,
56286,
59160,
65280,
78748,
84180,
67405,
-6444,
36499,
13189,
51849,
55096,
20145,
11035,
111690,
69854,
-15495,
49470,
138465,
23331,
56610,
42430,
51752,
34062,
-10308,
42075,
38259,
63240,
4845,
36465,
46410,
-5000,
51753,
30855,
65025,
78924,
-55675,
76130,
90780,
122262,
41354,
43095,
35445,
25963,
45900,
64870,
15079,
78370,
121380,
77775,
113461,
11730,
54060,
27540,
107953,
119340,
-5865,
100470,
53524,
74402,
61740,
-16677,
56325,
77244,
30855,
63750,
42793,
56853,
36060,
47580,
58140,
-7140,
66810,
3060,
54984,
139485,
-8670,
94095,
28305,
137863,
91800,
85170,
79050,
40545,
71762,
18870,
55372,
92938,
41055,
109905,
82620,
83130,
26010,
60180,
61693,
112965,
-51835,
98940,
56355,
68282,
87210,
51765,
69576,
30495,
104991,
28560,
16575,
98940,
11730,
104029,
62955,
186620,
79922,
38796,
72913,
81889,
-96645,
74205,
30261,
21675,
69729,
94605,
62730,
96135,
45645,
43860,
27795,
75521,
84405,
64770,
-52314,
54920,
74460,
57902,
66166,
96135,
-64231,
69722,
-42585,
15231,
61866,
126237,
87210,
47940,
84650,
-18105,
22914,
62220,
73950,
42685,
57270,
64431,
104550,
55080,
71244,
116280,
-39917,
60945,
112050,
38229,
53840,
148410,
57992,
16470,
43095,
153510,
26479,
-31875,
31110,
51243,
52785,
118320,
66410,
85494,
82110,
91953,
-39525,
99450,
33660,
59514,
57120,
109395,
110649,
71175,
-25329,
116246,
42840,
36420,
78030,
48750,
39390,
70635,
39003,
57885,
48550,
85170,
-15045,
32895,
-34680,
94350,
84150,
120839,
82331,
116321,
28305,
48195,
5895,
55475,
28768,
54970,
26017,
71019,
81073,
1530,
76980,
88826,
-18615,
80665,
35445,
53992,
41927,
47372,
78285,
61965,
64770,
91907,
6990,
15045,
59670,
87465,
69783,
14535,
75225,
-35700,
51620,
98175,
14025,
74871,
6746,
92565,
90441,
54212,
53945,
35700,
95115,
59415,
51463,
53435,
18360,
68051,
99705,
43415,
62475,
20773,
59711,
137700,
-10986,
52275,
45645,
74135,
42840,
19380,
99705,
82110,
101745,
30495,
67065,
27030,
51255,
10685,
64260,
157794,
86700,
63663,
72843,
97899,
9378,
33136,
55304,
13770,
47621,
7650,
93075,
56610,
146394,
80325,
40290,
46040,
45900,
2226,
81158,
82482,
69360,
90015,
73950,
144504,
23187,
35768,
49355,
129170,
104065,
49445,
91175,
89063,
132599,
80975,
85990,
72747,
119939,
111065,
75725,
51109,
92939,
71030,
83525,
161184,
-83552,
-118040,
-94782,
-19125,
-27789,
-22151,
-60459,
-59415,
-50635,
-85900,
-73627,
-83130,
-58395,
-26051,
-30550,
-48704,
-64575,
-87958,
-30090,
-79073,
-71400,
-82054,
-39694,
-36828,
-55188,
-29222,
-66408,
-4443,
-64005,
-29236,
-56865,
-37092,
-29287,
-51402,
-13113,
-83187,
-121233,
-97977,
-60543,
-132600,
-38361,
-79593,
-28424,
-75101,
-52785,
-47355,
-39780,
769,
-5390,
30090,
-52059,
-945,
-59640,
-29964,
-78795,
-94980,
-77956,
-83385,
-39057,
-34170,
-23157,
-92980,
-42001,
-75790,
-19380,
-54570,
-87210,
-88995,
-45355,
-2532,
-64123,
-7276,
-46410,
-38484,
-59341,
-22840,
-72520,
-113655,
-65535,
-38760,
-111180,
-111180,
-55845,
-96135,
-53805,
-78210,
-69360,
-52530,
-109321,
-31914,
-101465,
-70166,
-10047,
-30226,
-41979,
-34642,
-92310,
-91470,
-62730,
-116367,
-101775,
-119085,
-45390,
-66417,
-49470,
-79465,
-61109,
-96893,
-82358,
-84465,
-65195,
-56100,
-67575,
-18444,
-64515,
-85585,
-73273,
-96900,
-56100,
-71821,
-100105,
-72730,
-20910,
9411,
-26880,
-28305,
-65790,
-113656,
-62730,
-100885,
-51357,
-97504,
-36465,
-92565,
-13802,
-59925,
-53040,
-88995,
-53772,
-75990,
-47940,
-55590,
16006,
-3171,
-10020,
-19524,
-47475,
-73911,
-25500,
-57375,
-30781,
-93054,
-89625,
-50820,
-61710,
-83895,
-27540,
-58650,
-81772,
-35445,
-43860,
-90525,
-61710,
-71817,
-20400,
-35445,
-48195,
-34680,
-50378,
-77265,
-57618,
-76152,
-102255,
-32385,
-119595,
-23205,
-61200,
-51000,
-112047,
-36975,
-84482,
-116790,
-43350,
-54936,
-39780,
-66045,
-64966,
-120945,
-77265,
-75735,
-50490,
-43350,
-72165,
-83445,
-42375,
-19150,
-2438,
-83685,
-67932,
-19992,
-113220,
-83130,
-83758,
-71655,
-73556,
-53295,
-122145,
-84405,
-27030,
-81090,
-58395,
-39059,
-36210,
-15300,
-107064,
-53770,
-45390,
-26163,
-33495,
-15555,
-82393,
-80213,
-86700,
-122325,
-82155,
-65694,
-98175,
-41565,
-21739,
-83385,
-87265,
-74205,
-45900,
-69010,
-63060,
-78658,
-75225,
-61965,
-73668,
-50235,
-77284,
-88995,
-61575,
-40506,
-62095,
-70890,
-75113,
-60510,
-22185,
-45900,
-42408,
-112965,
-129285,
-95349,
-81345,
-86700,
-75805,
-103189,
-100470,
-104278,
-132600,
-69615,
-57885,
-104223,
-58905,
-72930,
-61926,
-106629,
-107728,
-100521,
-55080,
-68070,
-65025,
-87071,
-41730,
-73185,
-75714,
-148410,
-124855,
-95115,
-66300,
-89250,
-114495,
-63240,
-40035,
-35953,
-49071,
-63284,
-86445,
-73185,
-93114,
-24025,
-47866,
-31442,
-89648,
-77152,
-94197,
-81345,
-67620,
-74819,
-56610,
-90764,
-73950,
-71570,
-64403,
-55446,
-45390,
-31875,
-75735,
-50123,
-98955,
-68340,
-22695,
-98175,
-76527,
-96135,
-69360,
-122655,
-76060,
-113985,
-61200,
-140401,
-98515,
-87210,
-50863,
-38526,
-41365,
-39015,
-58140,
-48450,
-91981,
-115060,
-60180,
-116586,
-6630,
-28,
-30600,
-40197,
-62009,
-69105,
-102726,
-112200,
-117555,
-64105,
-55335,
-29325,
-70125,
-78540,
-74715,
-156105,
-111690,
-53295,
-65535,
-68230,
-45645,
-41208,
-38250,
-113502,
-43817,
-51216,
-80799,
-84182,
-69103,
-55845,
-53875,
-106590,
-52275,
-118830,
-71400,
-84405,
-18615,
-36520,
8415,
-21461,
-19474,
-68874,
-54825,
-32385,
7395,
-50392,
-12001,
-106320,
-96605,
-32345,
-57390,
-79865,
-38720,
-64500,
-38836,
-79265,
-56349,
-107232,
-54281,
1825,
-48020,
-86658,
-54349,
-60395,
-67280,
-3570,
6454,
1665,
-77155,
-81600,
-49829,
-71247,
-65582,
-62220,
-58984,
-73605,
-88453,
-72165,
-72675,
-34623,
-127009,
-1736,
-39465,
-31790,
-81345,
-81772,
-22695,
-98547,
-90580,
-36934,
-95074,
-45750,
-71359,
-51469,
-104805,
-73011,
-90780,
-64542,
-4212,
-24080,
-34894,
-6793,
-64474,
-31783,
-28774,
-25500,
-53557,
20803,
22746,
-4554,
-39015,
7347,
-3570,
-10893,
49240,
60435,
-35086,
30331,
-11709,
-28423,
82620,
57390,
2068,
-5610,
34095,
13770,
-396,
14345,
69898,
35037,
44370,
59670,
82875,
-31365,
34260,
3596,
33618,
36193,
46665,
76572,
115798,
23460,
47481,
51849,
33150,
-34935,
-28305,
40545,
44370,
75735,
25245,
21627,
40545,
19890,
-12212,
26369,
-18402,
-4533,
86581,
86149,
-24293,
44717,
-14280,
17169,
41820,
-32708,
-10965,
26775,
44115,
82848,
62985,
9755,
4652,
56655,
27330,
65085,
-10960,
21420,
33405,
41459,
77520,
78095,
35097,
34170,
14280,
-1138,
-77103,
23562,
14025,
39341,
23794,
21675,
56100,
20173,
58650,
52085,
48926,
67787,
34680,
65535,
84569,
40290,
38250,
26775,
28745,
-57375,
-80580,
-27795,
15076,
1708,
35530,
39744,
39570,
30483,
56355,
55335,
44398,
51582,
39540,
1805,
20655,
52275,
85170,
11730,
69920,
20655,
-36720,
17085,
54315,
-34264,
41310,
44880,
20145,
79050,
60484,
79305,
63340,
30137,
765,
77265,
5610,
68595,
25755,
34680,
28220,
-15300,
-25888,
54825,
32895,
3238,
58395,
24990,
9257,
-14770,
60933,
32640,
26520,
55845,
44625,
19204,
42120,
54714,
18409,
-5133,
8330,
8381,
-41055,
33150,
54273,
63240,
165,
33405,
17850,
2805,
51765,
77520,
34680,
58759,
55845,
61455,
20456,
48252,
76755,
45305,
81294,
19125,
-61274,
-11426,
16320,
26982,
7173,
34991,
47175,
40290,
49463,
50490,
19921,
65280,
67320,
23270,
36485,
23418,
61455,
28815,
87893,
87975,
38232,
64515,
45150,
24873,
10067,
54570,
65839,
34190,
-53040,
-27030,
64752,
-6630,
20145,
12567,
21420,
-10965,
30537,
25917,
66810,
-28560,
-48450,
-23970,
5610,
-31878,
-14280,
1020,
60573,
1634,
20358,
19618,
67065,
43170,
95625,
2144,
-4215,
47685,
42402,
30855,
24800,
8160,
-4335,
34170,
27795,
24225,
-15300,
-7214,
46963,
77629,
41565,
-38250,
13364,
47277,
33943,
5202,
10485,
-2329,
-9775,
25245,
32685,
-38828,
-23970,
33204,
21420,
39627,
9484,
20578,
2805,
34935,
13260,
21724,
26055,
39015,
34425,
17340,
28443,
53805,
28815,
21675,
37422,
18615,
-17595,
18285,
44923,
23460,
55038,
-22307,
26367,
35955,
16065,
49470,
31648,
64362,
38505,
29563,
46155,
22786,
11475,
26567,
47284,
17595,
-21282,
24735,
21420,
20196,
42075,
34935,
26775,
2295,
27285,
12798,
79050,
-5355,
54315,
55590,
11730,
121023,
123165,
23343,
-1270,
-35817,
-50088,
51674,
52456,
47940,
2196,
2295,
9690,
-16830,
30222,
18615,
54825,
5457,
9690,
35247,
82962,
70451,
40290,
21930,
54825,
5933,
10996,
2838,
-71390,
-25235,
-29213,
-54425,
-64760,
-41022,
-15890,
-31355,
5314,
-79006,
-40200,
-27785,
-38735,
-37804,
-37233,
-16565,
-26765,
37617,
27612,
101907,
76303,
78540,
4877,
61761,
37512,
46410,
46791,
18455,
16059,
-24225,
-7395,
46704,
40446,
27538,
39810,
20927,
43860,
19083,
-50490,
-43674,
-16953,
2740,
-35255,
-40423,
-21740,
-31940,
-41310,
-12433,
-18615,
-39330,
19476,
-76509,
-22760,
-3414,
-20975,
-20499,
-39080,
-32130,
-17370,
-67241,
-77418,
-69310,
-39015,
-75147,
-62730,
32804,
-105608,
-98430,
66101,
4995,
-32163,
-31318,
-58395,
-41130,
-45516,
-78285,
-72147,
-56865,
-58470,
-49042,
-59541,
23041,
-54570,
-41820,
-25245,
-27285,
-111595,
-12666,
26563,
-49793,
16065,
-3417,
-75351,
-26600,
-88097,
-94137,
-48450,
-45900,
-137955,
-116535,
-90525,
-65280,
-41310,
-31797,
-61200,
-765,
-29706,
-22639,
-38084,
-7356,
-41990,
-53805,
-52844,
11320,
-57630,
-93627,
-85935,
-77582,
3975,
-95115,
-63750,
-117360,
-23460,
-72247,
-59439,
-26277,
-99207,
-53265,
-78659,
10455,
-39525,
-40054,
-46665,
-33232,
-15183,
-59670,
-72165,
-39842,
-40141,
-68759,
-56865,
-9492,
-21339,
-69870,
-48705,
-64386,
-78795,
-45217,
-19941,
-30241,
-87975,
-113220,
-37037,
-74715,
-30345,
-34935,
-56651,
-24990,
-40035,
-101235,
-6758,
26367,
-34100,
9614,
-6450,
-38166,
-114495,
-51000,
-8541,
-47022,
-42660,
-45675,
4590,
-112965,
-52275,
-22950,
-99685,
-67830,
-10455,
-144075,
-96645,
-30770,
-33915,
-57630,
-93330,
-89505,
-108742,
-58395,
-70359,
-20737,
-14025,
-43095,
-71910,
-82110,
-63495,
-68085,
-122876,
-21165,
-82526,
-49470,
-103020,
-8058,
-35190,
-15045,
-18664,
-43380,
-64575,
-99195,
-24990,
-28815,
-103530,
-62630,
-7215,
-30887,
-84007,
-74712,
-81311,
-64056,
-24480,
-91035,
-45857,
-60945,
-57249,
-42585,
-34425,
-45390,
-72165,
-35190,
15555,
-30923,
-47940,
-103275,
-80446,
-34989,
-61200,
-26945,
-20044,
-94095,
49847,
-102622,
-57120,
-55767,
-75360,
-77757,
-40035,
-34680,
-34656,
-11730,
-65007,
-69870,
-97410,
-21757,
-64290,
-42032,
-42075,
-31620,
-74473,
-141270,
-21414,
-100215,
-100800,
-32556,
-14219,
-81345,
-29947,
-50520,
-44115,
-35445,
-76655,
-90780,
-32385,
-59262,
-70125,
-69105,
-21303,
-81387,
-78030,
-122944,
-93585,
-108120,
-36720,
-71180,
-26265,
-105060,
-11391,
-66499,
-87677,
-26027,
-102255,
-33670,
-4335,
-5551,
-41070,
3060,
-76092,
-49215,
-85762,
-43095,
-59670,
-34425,
-45390,
-87210,
-15045,
-24763,
-52007,
-80138,
-83895,
17340,
10256,
-59069,
-36846,
-40511,
-48582,
-74238,
-86666,
-33915,
-2880,
-35983,
-75735,
-103079,
-47175,
-46427,
3458,
-20808,
-57375,
-9180,
-30345,
-5722,
-53340,
-94605,
-62475,
41820,
24093,
-74460,
-7905,
-9690,
-52668,
-98430,
-4335,
-105113,
-51046,
-61710,
-64217,
10922,
-14954,
-22185,
-18615,
-65025,
-106971,
-95534,
-57375,
-7922,
-59670,
9023,
-74460,
37148,
-50813,
-54570,
-44541,
-57630,
-85680,
-91157,
-43605,
-28560,
-8670,
-96645,
-23715,
-73036,
-69360,
-36465,
-50745,
-34250,
-66045,
-91273,
-28815,
-15177,
-58601,
-70041,
-77122,
-44432,
-89788,
-38505,
-26926,
-21420,
-62985,
-98430,
-97569,
-92820,
-45135,
-47339,
-74715,
-114201,
-104709,
-98232,
-64260,
-36465,
-19635,
-83090,
-78785,
-63199,
-58690,
-91075,
-43299,
-38260,
-34720,
-77989,
-111859,
-140545,
-117272,
-94945,
-45656,
-69400,
-123790,
-53108,
-69870,
-57925,
-56905,
-145764,
-79741,
-11357,
4796,
-19380,
-48331,
-59857,
-26102,
-19380,
-25565,
20915,
-10961,
-43860,
-16065,
-26721,
-19175,
-4740,
-27270,
53108,
-57120,
-60375,
-1785,
75634,
22451,
19934,
-7606,
23136,
32174,
-38716,
60180,
-24188,
118065,
-34893,
-3414,
-25333,
12539,
-10530,
55124,
61125,
-11941,
46665,
59824,
57034,
51612,
75243,
510,
64251,
57375,
68887,
-21448,
78540,
89118,
39884,
68091,
35764,
48450,
28365,
104082,
95880,
97953,
158100,
44511,
69358,
73482,
58186,
58650,
111180,
71145,
139995,
57635,
79182,
79351,
40205,
38250,
-15996,
18912,
89005,
95908,
155585,
90525,
143565,
85680,
95370,
78285,
89250,
55845,
66801,
101235,
106590,
86487,
104418,
155735,
92109,
132804,
51689,
35368,
68580,
170340,
125495,
65790,
105068,
179175,
95880,
126225,
71442,
61200,
105313,
132438,
92618,
29888,
90030,
99126,
78795,
115770,
75798,
36465,
136678,
86945,
129540,
102000,
114079,
103630,
119131,
105825,
77949,
98350,
95625,
156060,
49767,
95370,
103528,
80172,
88825,
79050,
79815,
38730,
52530,
69615,
126990,
38140,
67320,
79815,
85680,
47998,
118866,
77110,
83663,
131520,
95235,
78030,
92820,
87507,
118389,
174480,
194715,
89505,
75225,
129030,
88485,
42878,
57630,
84660,
40290,
39270,
86090,
34425,
45900,
73440,
95115,
104812,
37230,
87245,
101875,
81090,
64515,
130050,
56865,
108120,
142290,
68680,
126735,
14906,
87720,
36975,
69651,
107355,
102510,
173678,
94500,
66237,
53040,
114495,
110415,
30345,
116907,
138150,
67689,
63757,
86751,
76330,
127092,
148155,
95370,
69916,
69870,
127751,
109395,
124440,
102255,
126225,
112200,
121890,
65167,
62475,
102255,
95484,
111336,
100980,
130322,
109736,
55335,
88875,
94867,
62220,
121626,
107487,
97779,
109140,
140505,
143037,
99450,
122957,
43860,
58905,
127753,
136830,
118111,
84405,
99195,
51099,
57630,
70577,
55590,
126030,
103140,
71341,
174165,
102517,
53700,
43350,
96645,
95673,
85680,
98685,
109719,
91035,
112200,
91400,
88497,
30345,
125341,
67830,
116025,
28305,
54433,
91545,
146625,
94980,
68463,
27586,
126599,
37740,
104130,
117300,
123957,
145305,
100725,
105384,
110415,
130813,
141015,
68085,
45135,
98685,
58140,
133620,
98400,
123299,
98317,
146880,
154275,
126858,
73996,
122952,
99008,
80563,
110686,
175780,
148920,
65220,
84787,
96390,
80933,
57120,
31263,
33157,
80106,
96900,
88230,
116025,
83647,
104775,
79050,
115770,
107865,
81979,
144330,
72930,
77775,
65645,
55845,
102510,
71360,
51248,
66300,
75271,
131981,
152281,
102000,
78540,
45135,
41862,
137746,
97920,
113339,
94350,
26813,
41310,
30220,
77152,
127245,
82995,
56100,
121890,
44653,
97155,
141780,
110415,
148155,
90780,
91541,
135405,
148920,
60690,
74470,
58395,
36924,
-31365,
76114,
90625,
75855,
66714,
67035,
53520,
123930,
174534,
108630,
111690,
71655,
91482,
113220,
133620,
80116,
91800,
76554,
32027,
50409,
37740,
115770,
86955,
116683,
95679,
115277,
109295,
173810,
150651,
124415,
114395,
89012,
83536,
58805,
138756,
76814,
112202,
74360,
75440,
136550,
99206,
78185,
51155,
99132,
-17940,
60501,
91619,
109395,
166449,
176188,
141851,
166515,
102280,
138095,
112607,
155295,
116535,
154255,
154915,
94513,
60285,
97172,
152235,
58282,
74460,
86079,
165970,
125313,
183198,
213807,
171978,
173253,
74460,
106677,
112455,
156822,
159989,
143690,
156168,
97246,
55953,
52876,
130923,
86445,
67361,
-736,
56338,
17705,
113985,
117837,
58140,
127655,
93273,
48450,
79832,
91430,
80940,
62735,
17595,
30420,
48764,
84405,
83919,
32130,
59112,
59877,
42389,
88187,
34170,
82110,
117045,
92310,
46550,
50088,
55187,
53516,
30090,
22281,
40859,
35735,
13256,
54481,
89250,
35955,
91545,
15045,
76245,
16575,
93075,
70917,
60690,
54315,
19439,
131087,
29464,
30325,
69802,
13366,
-32221,
73143,
51510,
52696,
69615,
48265,
147855,
120615,
59670,
87972,
51765,
70842,
100291,
24346,
90391,
12090,
54126,
71400,
66810,
62942,
22440,
70587,
80882,
101745,
74205,
85665,
16136,
86402,
50745,
106377,
52085,
65535,
115260,
55649,
40035,
69567,
82263,
65085,
18360,
70380,
48364,
22950,
26775,
16575,
54747,
22950,
127245,
26265,
18661,
96429,
87305,
79947,
113925,
39975,
45390,
2040,
52079,
70986,
100035,
107325,
103785,
50745,
20910,
81855,
50909,
31365,
59160,
13770,
5610,
61307,
45390,
47940,
58905,
68340,
54666,
32640,
38342,
38939,
46665,
68595,
64770,
115005,
37485,
48195,
14127,
17340,
44930,
100470,
88740,
41094,
91290,
104550,
120769,
88965,
112680,
66810,
58905,
92820,
-33915,
50931,
37935,
113005,
70221,
83232,
37332,
-5712,
44115,
55080,
36317,
57120,
34132,
64515,
48705,
108885,
55590,
106590,
57375,
63249,
28305,
32895,
24524,
60712,
96390,
51289,
69695,
22440,
111491,
45486,
80580,
25272,
43005,
88707,
82365,
72420,
115827,
90270,
51216,
39270,
79815,
99402,
118800,
53912,
74460,
36465,
46040,
-10710,
7804,
31875,
55155,
59865,
38687,
116790,
122241,
48675,
46410,
107100,
16968,
39780,
48960,
73281,
89250,
39270,
81786,
-3072,
17850,
25789,
23715,
-8160,
51000,
-3712,
59160,
47940,
113670,
14552,
-21568,
79373,
51765,
29525,
88485,
113025,
65505,
98940,
68181,
65025,
53247,
37230,
105825,
36210,
56355,
57375,
79050,
94196,
74123,
72174,
42840,
77775,
135677,
45857,
72479,
80403,
79451,
79242,
62322,
71910,
65985,
60981,
85425,
50137,
33405,
-3077,
18201,
82149,
67320,
62730,
92055,
115356,
97800,
70890,
48960,
105825,
80575,
64770,
74715,
44880,
11151,
-26775,
49215,
-14903,
38144,
47430,
51362,
81449,
83852,
105060,
29325,
96645,
21479,
41522,
22695,
46478,
62220,
49968,
21420,
90959,
44379,
11475,
64455,
79305,
69870,
23456,
42330,
63240,
83640,
115515,
64260,
73076,
94350,
89760,
44880,
6665,
-2550,
22610,
-14535,
6115,
23992,
-11025,
40841,
47089,
62831,
105060,
116639,
54570,
69105,
91545,
80646,
63495,
78540,
117767,
97155,
58375,
55785,
56652,
25245,
12750,
82365,
42950,
64443,
-6313,
48830,
66170,
36547,
34145,
52655,
65342,
21762,
41435,
-2119,
28205,
33691,
-15175,
-24790,
-5894,
16384,
-6505,
-4465,
9501,
74768,
44372,
93562,
27540,
-1488,
-14008,
43454,
17340,
-18001,
17905,
-4143,
-13260,
-8670,
-30140,
20744,
-173,
33900,
35921,
6375,
111965,
145860,
50984,
12853,
36174,
55044,
70921,
58869,
31584,
50745,
81629,
36975,
51006,
8155,
27258,
-27576,
69103,
13989,
51508,
52239,
144330,
108160,
86333,
41480,
103072,
21420,
55944,
19890,
35576,
57529,
61710,
85434,
66307,
88104,
35019,
21675,
39870,
83115,
66045,
104145,
125205,
120291,
80681,
77760,
46468,
102000,
67575,
62475,
62475,
99250,
71367,
116612,
70992,
109650,
12804,
52260,
80005,
40159,
75782,
49470,
93840,
129285,
98685,
37995,
83130,
39015,
13614,
46920,
39015,
96120,
39534,
125700,
38455,
37026,
51258,
89854,
46743,
74460,
96437,
98940,
145567,
154695,
81345,
131070,
68091,
9180,
85526,
69090,
61906,
56551,
86430,
51232,
51765,
66045,
81084,
83895,
97511,
46443,
74715,
78540,
163608,
101220,
89053,
66555,
36333,
27758,
76755,
73950,
39765,
77520,
96236,
64872,
95868,
102000,
108630,
67894,
36210,
33405,
78795,
33869,
123930,
139740,
60945,
93422,
41316,
32710,
53013,
50475,
86565,
56355,
40545,
48945,
81654,
32985,
76275,
53040,
57630,
53805,
53040,
81717,
85170,
127500,
86700,
72930,
39803,
55080,
78030,
85935,
55080,
64884,
50490,
84898,
28780,
60690,
56355,
101745,
46665,
12240,
88485,
79679,
115770,
92214,
48960,
62985,
24486,
56100,
80325,
59073,
73215,
57540,
101235,
71145,
26520,
52785,
41997,
72660,
58976,
89364,
48894,
34034,
153102,
141780,
95115,
63572,
44115,
46987,
55590,
54315,
81855,
84660,
98175,
47175,
46732,
43095,
30855,
58248,
91143,
47175,
73678,
31857,
143310,
142451,
128634,
58905,
65889,
70020,
81633,
96135,
61200,
50570,
81600,
64900,
53040,
60690,
59516,
70920,
89072,
59670,
46410,
66976,
163200,
173010,
88995,
47010,
82230,
81433,
90015,
65394,
-13740,
61965,
36975,
42809,
35190,
77520,
54114,
67320,
80580,
68131,
69335,
43605,
103258,
160905,
103275,
52275,
22809,
97410,
91800,
53160,
41574,
77087,
34442,
87465,
58515,
80580,
62020,
84540,
61200,
90324,
103275,
82976,
136170,
159630,
69360,
65790,
90525,
65280,
46151,
58397,
58462,
76755,
53550,
67839,
12298,
84900,
72563,
42126,
71452,
85034,
80325,
53535,
183069,
106335,
102954,
91290,
68748,
81204,
49731,
50490,
31365,
57630,
21024,
56895,
-4080,
131070,
67320,
61582,
73695,
54570,
102255,
70426,
147390,
119340,
102760,
59383,
87720,
44702,
49016,
16888,
31875,
72165,
33405,
66285,
85483,
78030,
67847,
-3315,
19158,
40290,
52495,
82942,
151980,
113340,
87720,
93585,
39649,
78540,
48195,
30345,
40035,
55080,
88715,
85935,
68085,
49725,
51955,
43350,
96271,
51255,
42712,
86044,
125580,
119259,
64324,
64766,
78030,
59154,
62475,
46665,
17850,
18072,
61200,
81090,
59218,
25755,
47635,
18784,
39648,
27030,
46155,
28815,
116695,
79677,
86426,
137520,
57705,
35578,
76395,
34755,
73166,
60322,
74280,
52486,
79883,
63471,
28635,
100125,
21491,
77228,
58980,
55155,
132312,
-73100,
-70839,
-38616,
-32130,
-32944,
-4573,
-29591,
5100,
-1154,
-35355,
-51749,
16320,
-7140,
-40368,
-32384,
-30968,
-75345,
-52241,
-70380,
-169163,
-75225,
-31661,
-60259,
10742,
-17308,
-29220,
-23683,
-45103,
29070,
33294,
2550,
-28932,
-34638,
-37343,
-37453,
-71776,
-96103,
-14401,
-49438,
-114750,
-22129,
23264,
12444,
16075,
-61710,
46467,
53040,
-18743,
-15175,
33660,
-12895,
-66788,
-8403,
-11131,
27795,
-50400,
-12993,
-13770,
7845,
-50745,
-29292,
-91415,
-28803,
-87220,
9945,
-17850,
-37230,
7395,
-13935,
9812,
-4116,
-27574,
-26265,
-51681,
-22173,
18380,
-5605,
27897,
-13515,
-17850,
3570,
15300,
-11475,
-10200,
-85170,
-32073,
-47175,
-78285,
-34668,
-63130,
-52191,
-24048,
-36992,
-48384,
9861,
-47989,
-11985,
32232,
765,
-22964,
-13665,
-76500,
20145,
1413,
-22950,
6760,
-26967,
-56053,
5402,
-29445,
-28342,
-71655,
-29325,
-36955,
12240,
-53165,
-75067,
-14025,
-52020,
-61845,
5541,
-43105,
-45645,
-15876,
37369,
56100,
19380,
-42063,
-39270,
-40160,
42602,
-76091,
-4335,
-14280,
-6224,
-13515,
-19890,
19380,
-35134,
-20400,
-45900,
-41055,
-30099,
-36314,
-73725,
18344,
23625,
-42201,
2295,
-13260,
-58128,
-23121,
37575,
6720,
-23970,
12240,
9690,
-2805,
-67214,
-59925,
-9945,
-11985,
5100,
-44083,
-13770,
-510,
-15300,
12750,
36407,
-8160,
-61763,
-61476,
-60690,
-59415,
-33405,
2040,
6375,
-2040,
11441,
-77775,
-18019,
-73440,
37230,
-31979,
-15300,
-45900,
17661,
-165,
-51630,
-510,
-53550,
-20145,
-29070,
-30811,
-33495,
-38362,
28757,
-21783,
-4114,
-71893,
-8925,
-84915,
-52056,
-77520,
14084,
-26520,
-28560,
-25500,
46410,
-51000,
-68340,
-62147,
-48195,
765,
43517,
-77655,
-93840,
-24803,
-34852,
-51000,
-83146,
-72733,
-36210,
-21363,
-35400,
-16731,
49725,
-22695,
-11987,
-46155,
-10849,
-81855,
-37485,
-41435,
-17250,
-35226,
-38505,
-24735,
-48258,
-102510,
-9495,
-47430,
-4755,
-34041,
17930,
44625,
28247,
-3225,
-46410,
5865,
-3753,
-15300,
-16830,
-12921,
15300,
-4845,
9717,
-38847,
-19890,
-83980,
-34425,
17595,
-58395,
-29508,
-53550,
9435,
-40671,
10055,
2259,
-10574,
-26520,
-36260,
-27285,
6742,
12615,
-44625,
-14196,
-12240,
-52145,
-127245,
-16575,
-55080,
-33150,
-6375,
-32895,
48584,
-1514,
-33587,
37230,
11730,
-56755,
-12250,
-42318,
-31120,
16622,
24758,
21641,
510,
-49305,
-96829,
11730,
-13540,
4590,
-22746,
-30913,
-50339,
-15300,
-46920,
-8925,
-41878,
-17070,
-21420,
30345,
-77520,
-8953,
-10455,
-20400,
-1275,
-31593,
-96390,
36210,
-15695,
-20796,
-35190,
-61236,
14561,
21410,
32385,
7650,
-31875,
22707,
500,
-27795,
-57494,
8160,
-40444,
-17340,
-5121,
-60872,
-100980,
-29451,
-90015,
15555,
-5350,
-10455,
-33660,
-29325,
70125,
-52530,
-1391,
-19890,
-510,
-9435,
-15535,
43860,
-23613,
-47685,
3287,
-10379,
-20271,
23494,
-24074,
-16441,
-56100,
-3648,
7140,
-5610,
34425,
29841,
33660,
-21420,
-11740,
11220,
-9003,
-4779,
-33216,
765,
27795,
-41310,
-47168,
78698,
63514,
67760,
140690,
73360,
96230,
102695,
130324,
107854,
102950,
106095,
68286,
117778,
84335,
128540,
60754,
86576,
110090,
44300,
40551,
