# 747 (shape [1, 16, 8, 8]),
-58634,
-94934,
-35955,
-8109,
-16912,
-73418,
-70521,
-116790,
-34661,
-42678,
78030,
48992,
-6574,
30421,
18738,
-41915,
-44943,
20104,
-4833,
-7870,
9428,
-40590,
-56100,
-46012,
-47854,
-21939,
17861,
-8742,
64196,
38890,
-55827,
28040,
-59166,
-23970,
25715,
17340,
4590,
18016,
-82620,
-96230,
-48821,
-90548,
-88312,
-17283,
79190,
-18645,
-20737,
-164750,
-29638,
-40393,
-74176,
-48798,
-92659,
-83640,
-63665,
-137141,
-82532,
-48488,
-45039,
-57889,
9270,
-12365,
30868,
-113041,
91900,
83297,
66300,
82595,
164129,
41399,
129306,
15300,
64782,
2846,
79050,
80102,
121474,
64668,
136992,
74798,
50392,
27567,
96734,
47893,
56488,
-65106,
97155,
78014,
6349,
-62295,
52197,
89636,
47071,
10904,
43865,
80710,
28359,
46665,
47625,
50490,
-22950,
43030,
56355,
16148,
69620,
35499,
33914,
112953,
-1860,
137683,
-37313,
5060,
135499,
72926,
74377,
22736,
-35362,
125970,
35683,
-1504,
-69173,
-20444,
68030,
20036,
-122495,
-60900,
-95087,
-21626,
-100445,
-41242,
-111690,
-103042,
-67329,
-80222,
-44890,
-20910,
-84935,
-8748,
-38760,
-62528,
-136462,
978,
5640,
25396,
-102972,
6984,
-80788,
6571,
-82573,
8205,
6120,
-12042,
-103943,
-1213,
13938,
-25458,
-40449,
16916,
-40746,
-100214,
-83326,
17850,
69814,
31620,
-6885,
-15049,
29835,
-32744,
-35626,
-32950,
-61453,
44701,
-85899,
-45780,
10693,
6752,
-50837,
3527,
-1792,
-6453,
-16894,
-8415,
65896,
19556,
-40976,
3054,
36101,
-11997,
123048,
38618,
-20611,
-7845,
95185,
186545,
108375,
99993,
146526,
97797,
153326,
118575,
197985,
183888,
145095,
216505,
262589,
115691,
229825,
157732,
289836,
156036,
178399,
168662,
203419,
163196,
200940,
147302,
237453,
190245,
120607,
166029,
135871,
149484,
150743,
135047,
182318,
154530,
137581,
157845,
144840,
212414,
257805,
176347,
161665,
224693,
132403,
153188,
126419,
191468,
213215,
213065,
250082,
234532,
236633,
247638,
177871,
131325,
195561,
121338,
253639,
113271,
59836,
85475,
44959,
100815,
147129,
55578,
149310,
133066,
238425,
148141,
86662,
161449,
169134,
190485,
104015,
63957,
211905,
151599,
70864,
170567,
123954,
164606,
142085,
137975,
201883,
150398,
58846,
83400,
71910,
138470,
157479,
162916,
181249,
195464,
107770,
199189,
148378,
197824,
189554,
156060,
157731,
85935,
69870,
158912,
102765,
231671,
137837,
193049,
148985,
142613,
79434,
63860,
121356,
160224,
91746,
159566,
53314,
98892,
120158,
176205,
93753,
115257,
19061,
99140,
100433,
49955,
137571,
88841,
58888,
64397,
20430,
6360,
-56355,
-1614,
-23198,
19538,
46281,
69615,
-21273,
26699,
27540,
-20179,
-12547,
-32541,
52251,
-40333,
13973,
24628,
5952,
33464,
64681,
41060,
95115,
-25761,
-61476,
56049,
5660,
98080,
67457,
71616,
58447,
-43216,
13315,
117810,
84559,
69360,
-765,
138905,
153255,
154997,
38876,
73734,
-4976,
67997,
-32389,
81488,
161414,
134483,
105410,
35099,
26579,
5789,
6797,
34935,
99448,
109476,
100061,
69702,
45080,
-24332,
-98391,
-2961,
55428,
128039,
172419,
132620,
185640,
138019,
131421,
129969,
217280,
98940,
174122,
122498,
195840,
159637,
161042,
142946,
196801,
149922,
208128,
136243,
234273,
148724,
171450,
169806,
250410,
191069,
210726,
211187,
179648,
242154,
175466,
148192,
233381,
221185,
234645,
244290,
206151,
223125,
173910,
248487,
243270,
244782,
247026,
196211,
255797,
220702,
204537,
230412,
243144,
248943,
213732,
157482,
158799,
216083,
176151,
224400,
240114,
172743,
220378,
107985,
160926,
154372,
145018,
170894,
188391,
192929,
-187251,
-199029,
-195585,
-169809,
-145815,
-202234,
-160626,
-206550,
-97003,
-135431,
-92055,
-145004,
-174540,
-185004,
-110717,
-106412,
-114425,
-198965,
-136496,
-115634,
-96074,
-164265,
-91035,
-42444,
-167452,
-146247,
-174521,
-69058,
-180523,
-179522,
-125579,
-144335,
-119861,
-124185,
-80951,
-45135,
-183345,
-36909,
-40290,
97078,
-67789,
-88787,
-63420,
-68863,
-184832,
-121630,
-76469,
16635,
-101130,
-168096,
-190456,
-193316,
-200328,
-120870,
12557,
-22344,
-37484,
-97141,
-9349,
-28028,
-126388,
-37531,
-26111,
53492,
42258,
75186,
59160,
22299,
51238,
40512,
17907,
29070,
-837,
96976,
-1020,
59242,
80746,
71880,
17439,
37076,
-14591,
88015,
-4238,
17234,
61313,
115213,
54825,
-21314,
-14674,
97108,
68033,
40059,
81670,
57122,
82649,
47093,
5900,
77775,
63762,
36720,
58140,
77169,
105315,
91901,
-9902,
55801,
41328,
40102,
67101,
-15401,
3554,
6713,
-57241,
73384,
27344,
132676,
59812,
38250,
-34583,
-17246,
-31997,
75035,
-48425,
-3755,
15905,
91890,
50502,
17210,
-90357,
11537,
-23205,
-15855,
-47851,
-8684,
-64054,
8415,
-39640,
10463,
52275,
54271,
32594,
32016,
43834,
-8395,
-57652,
32432,
49218,
37117,
-6126,
-11579,
32130,
89693,
-95829,
-7349,
63269,
865,
-11083,
-52989,
-2900,
95840,
-13995,
27795,
60655,
30855,
55845,
22741,
62220,
68105,
-32077,
1089,
-1130,
-20635,
76550,
17497,
-28331,
-23042,
-11876,
57487,
104168,
44123,
86161,
14790,
-80987,
4227,
-127449,
17012,
-18647,
-80367,
-83395,
-25935,
-59131,
-138785,
-20771,
-10070,
-68595,
-7242,
-35644,
-40202,
-91030,
-64005,
18555,
-23013,
-62730,
-22054,
-49909,
-54226,
-83058,
-41571,
-48462,
-44529,
-96130,
-72374,
-78784,
-97757,
-73695,
-47158,
-40667,
-23428,
11704,
-18187,
-16565,
-100590,
-45305,
25611,
-10187,
-20400,
48988,
5865,
-2295,
-16893,
-28815,
8409,
-31830,
-74238,
15244,
-8431,
-78707,
-26006,
15962,
22124,
-60692,
-38466,
-67774,
-65598,
-85023,
-69870,
61664,
-3498,
-66022,
-83222,
-126360,
-61934,
-27925,
15844,
-13420,
-68476,
139693,
88763,
39525,
31203,
63055,
35300,
49107,
80835,
19566,
36384,
78795,
33227,
59577,
-20439,
89722,
15758,
77601,
-21608,
76513,
39839,
-16954,
-14643,
62475,
-64304,
12334,
-26421,
3062,
-52605,
15680,
24,
61107,
-88854,
37491,
30600,
21844,
46410,
51000,
113538,
-4845,
-205837,
61400,
45950,
6464,
79643,
-14569,
43168,
-85228,
-204425,
45058,
27058,
48683,
73104,
10639,
21165,
-40321,
-148705,
-28809,
63290,
81649,
-100332,
-67537,
17993,
60583,
-103809,
184157,
117073,
17340,
45311,
119287,
-10560,
69173,
-2805,
167914,
23904,
-42585,
-28752,
30776,
5519,
119283,
43914,
169568,
-36380,
3461,
-1205,
-6048,
4960,
47940,
45538,
150136,
47200,
-2207,
151494,
143228,
36605,
40346,
45531,
93496,
32385,
-15565,
48450,
34680,
70429,
133620,
94149,
133089,
119684,
98191,
138628,
49321,
90574,
87373,
69475,
172902,
107729,
31995,
83319,
-12223,
128010,
143211,
22719,
128939,
127614,
50598,
85348,
30091,
37528,
61651,
116880,
-27601,
-36625,
-6120,
-18114,
-13914,
-10886,
-32513,
0,
-56087,
-76089,
-14025,
-20124,
-16206,
-39208,
-2707,
-63739,
-51960,
2193,
-1032,
-712,
-2721,
-42118,
-48195,
-22595,
4638,
-4958,
27448,
-22226,
19705,
-25872,
-22325,
1453,
-78320,
-31110,
-69554,
-60180,
55590,
5523,
29580,
14546,
-86872,
-20852,
-38565,
-6929,
-7063,
-35852,
-79998,
-132545,
12629,
-46752,
-15413,
9846,
54654,
70380,
-10939,
-70807,
-34718,
5687,
-12798,
21351,
-20232,
62900,
30958,
-5213,
-157489,
-144631,
-146625,
-138764,
-130721,
-161253,
-142868,
-215475,
-200315,
-262039,
-208845,
-190828,
-195233,
-183900,
-163917,
-254102,
-278828,
-181562,
-235023,
-178761,
-192340,
-237664,
-234600,
-280523,
-216293,
-274231,
-270094,
-209468,
-140077,
-217667,
-251392,
-244585,
-274031,
-290700,
-220128,
-252195,
-208335,
-296314,
-248370,
-218912,
-251836,
-241573,
-167223,
-173903,
-244859,
-267429,
-278420,
-136381,
-190019,
-147569,
-127122,
-197269,
-250712,
-205275,
-180461,
-102626,
-189930,
-172931,
-127472,
-109943,
-86441,
-22835,
-128357,
-138927,
-115906,
-71158,
-49470,
-25539,
-67426,
-644,
-39590,
-26520,
-70225,
-74826,
-84405,
-70152,
-37761,
-41807,
-53641,
-137788,
-74494,
-55193,
-67697,
-56783,
-47871,
-65352,
-67830,
-24687,
-109416,
-42805,
-116986,
-65909,
35926,
-39822,
-69318,
-7887,
-81128,
8925,
-35771,
-17340,
-13770,
-73135,
-67320,
-89848,
-29622,
-34633,
-8374,
11766,
-767,
20496,
-11715,
22042,
-31598,
-28711,
-57605,
-64371,
-65653,
-47175,
-34108,
-21817,
-32731,
15158,
-71672,
-95895,
-77318,
-111016,
-95574,
21177,
