# 636 (shape [1, 8, 10, 10]),
-5865,
-22265,
-73607,
-16215,
-24072,
-20910,
-25680,
52528,
-41310,
82110,
-95563,
-132797,
-167894,
-148231,
-130753,
-175346,
-158922,
-129093,
-156002,
-81362,
-14025,
-46515,
-52317,
-14535,
-108270,
-49144,
-33092,
62103,
-9947,
-88360,
-10658,
-14552,
-16986,
-87272,
-51476,
-45332,
-57842,
-41910,
-17065,
17795,
-80217,
-88230,
4926,
136,
41775,
-97367,
-42989,
2802,
-29207,
-22695,
-38590,
-37230,
45913,
50613,
23011,
-139784,
36594,
-19962,
-174107,
-45151,
994,
-109844,
-42527,
-9122,
-100667,
-55277,
49121,
-14410,
-77448,
-53040,
90374,
-129372,
-65997,
-34367,
16227,
-94841,
-6703,
-106845,
-131972,
-23304,
-94602,
-89630,
6793,
-3077,
-48407,
-70926,
3060,
-76770,
-24559,
750,
-54016,
-44967,
-63315,
-65554,
-48724,
9259,
-49357,
-33150,
61455,
8285,
-64770,
-46702,
-151914,
-53745,
-72369,
-109140,
-122849,
-68484,
-87210,
-112200,
-122789,
-62728,
-133051,
-41733,
-76889,
-41702,
-63286,
-47838,
-60178,
-7864,
-130305,
-26810,
-87367,
-8415,
-139020,
-9286,
-23968,
-795,
-112453,
14812,
-100870,
-20359,
-8452,
14273,
-2302,
-12748,
-65563,
-12757,
-68878,
19756,
-161726,
-80580,
-19334,
19243,
18848,
-115152,
-47017,
42796,
-49153,
7650,
-58320,
-84435,
-127098,
56327,
-19674,
-31471,
9535,
-32391,
-20653,
-17025,
-50250,
-5904,
-37993,
-36973,
6122,
5102,
9863,
-371,
-82505,
39780,
-117706,
-106326,
4131,
-49468,
-13919,
-32256,
11430,
-87465,
-39208,
-5025,
-40076,
-8220,
73088,
-78913,
-41038,
-32310,
26775,
-75345,
-15849,
-40949,
-129691,
-112813,
-28110,
-54890,
-7593,
30480,
21543,
-70125,
20910,
-22958,
-111690,
-13780,
-150940,
-49755,
-91754,
-80580,
-111767,
-42010,
-52020,
81855,
-89250,
-26524,
-43221,
-61584,
-24990,
-42585,
-69630,
12287,
-26014,
-32718,
-118320,
61794,
-6457,
28050,
9285,
-23004,
65531,
37721,
95141,
1411,
-144513,
25932,
46060,
59628,
50222,
-2809,
31346,
109391,
-11880,
187925,
-86597,
-9180,
47421,
32257,
102283,
69324,
41201,
66467,
21596,
154020,
-5321,
-94920,
-31160,
28709,
28239,
23629,
65861,
24624,
-56104,
80241,
-7067,
-29646,
107861,
142796,
-75229,
35951,
42871,
19150,
-16468,
119340,
4991,
20500,
65463,
57626,
136567,
27266,
-6047,
-59160,
-30424,
126803,
-61517,
-37068,
110663,
90836,
61917,
28168,
-4590,
54600,
59423,
95848,
-74794,
25592,
49095,
34631,
80323,
134743,
-11583,
67065,
141270,
49363,
35445,
46817,
-4165,
-24600,
-1414,
-255,
-259,
-34195,
-31110,
-6375,
-866,
-46691,
-99488,
-37627,
-43451,
-108810,
-107303,
-81737,
-39041,
-40363,
3315,
-56253,
-101664,
-73185,
-109770,
12309,
-47711,
-145901,
-62816,
-111534,
-38579,
-109723,
-129629,
-77772,
-51434,
-93356,
-85871,
-91641,
-146610,
-94161,
-84482,
-118065,
-87281,
-88946,
-64401,
-108600,
-66711,
-38823,
-82121,
-94350,
-71097,
-102600,
-96550,
-56451,
-34498,
-71855,
-86053,
-93602,
-126251,
-62884,
36379,
-48268,
-109676,
42559,
-14561,
-152006,
-71061,
-174386,
-48347,
25755,
-22528,
-23788,
-29699,
34399,
396,
-113417,
-140448,
-111180,
-139496,
-26951,
-72212,
-6140,
-39308,
-30311,
-36037,
-62885,
-55590,
-111435,
-71699,
-29014,
-9328,
-7096,
-25350,
-28249,
10957,
-47426,
-43253,
-58650,
-39270,
-80826,
-58140,
-23446,
-48125,
9735,
-43348,
-69615,
-65864,
-61700,
-90015,
-79305,
-143261,
23084,
20280,
31471,
51814,
24201,
91947,
148869,
103154,
20335,
29580,
29400,
-24501,
-2805,
25050,
38721,
-62341,
-44544,
18209,
61685,
-58914,
12175,
28153,
15431,
30974,
-6496,
-18751,
-60135,
29579,
15215,
-78495,
83385,
36756,
40717,
73805,
-17085,
48829,
-10837,
47489,
53550,
-3602,
-14235,
-9608,
-33083,
-16921,
-49975,
-25438,
37017,
-29956,
30079,
-74712,
-70216,
30989,
-33781,
-40156,
32519,
49659,
13577,
5220,
-30090,
-26527,
-27466,
38029,
-40156,
-7778,
23054,
43046,
32895,
15104,
-14410,
-96615,
-59588,
37989,
-55756,
30256,
-82210,
-53040,
-82350,
59660,
-36089,
-19162,
-2569,
-3180,
32095,
55773,
-14802,
2589,
43095,
-27285,
-45227,
143820,
188127,
202817,
146460,
198952,
189720,
187254,
144407,
227460,
114240,
48757,
84956,
144633,
127291,
122962,
78613,
83057,
58884,
106631,
68740,
80835,
120634,
151041,
72675,
120150,
91163,
52316,
50306,
160496,
35197,
101411,
58285,
46413,
16696,
70804,
51551,
63401,
87583,
29654,
-41141,
126231,
97665,
29306,
14857,
77286,
33005,
84287,
52632,
25316,
-510,
73025,
86655,
56442,
60485,
6332,
120061,
89368,
-6565,
104591,
52187,
73052,
54017,
53081,
34976,
-31069,
43901,
5308,
44193,
138684,
18615,
54886,
73460,
35310,
26561,
-3978,
88229,
-14529,
55845,
103346,
51621,
36381,
126231,
68533,
101936,
10706,
13576,
86700,
12855,
-1151,
58209,
136801,
150685,
115920,
101042,
38823,
43892,
81649,
146625,
5100,
66069,
17850,
-33109,
-83411,
-111270,
-59987,
-80580,
-77433,
-49886,
-79305,
-100725,
-68714,
-21437,
-48662,
-69371,
-39389,
-84369,
-85055,
-35354,
-73967,
-90970,
-41565,
-19978,
-87225,
-74715,
-117135,
-95499,
-105332,
-146176,
-150062,
-110352,
-116544,
-114175,
-149921,
-188502,
-162436,
-117062,
-149852,
-107224,
-203605,
-147396,
-122700,
-156825,
-61006,
-108298,
-127274,
-152810,
-88878,
-64273,
-128147,
-97155,
-3869,
-77550,
-81457,
-94075,
-46412,
-10488,
-111253,
-85582,
-131852,
-75639,
12488,
-51512,
-77282,
-142562,
-94112,
-172652,
-121138,
-130279,
-117091,
-94095,
-111277,
-94170,
-83396,
-56117,
-22044,
-45999,
-79051,
-36975,
-115142,
-100286,
-157320,
-73522,
-54697,
-111902,
-131515,
-143087,
-134385,
-122955,
-118651,
-64818,
-89452,
11580,
-29895,
-67271,
-151136,
-74017,
-78285,
-73950,
-57375,
-44000,
-125205,
-76396,
-127983,
-84195,
-191553,
-202470,
-147505,
-173283,
-200175,
-107100,
-42390,
-16343,
28702,
20122,
-10515,
-3596,
76624,
22740,
-56633,
-19709,
-63495,
-612,
-41347,
-50490,
27720,
50575,
-19913,
6904,
-18323,
-11842,
-60110,
-7979,
-41465,
59157,
87548,
-78308,
13042,
9709,
-23676,
42253,
-95711,
-20655,
31151,
-26572,
-832,
-30138,
21229,
21077,
-8423,
8670,
-56664,
-1155,
27393,
61891,
-3739,
-57721,
7033,
-14327,
64747,
28168,
-59716,
-52954,
-29093,
60667,
-8438,
-70913,
-11171,
-18006,
-59889,
90525,
7964,
-41865,
-3477,
-2063,
-51219,
81552,
23070,
-24735,
-98948,
36604,
-5756,
-65139,
-35503,
39757,
-16596,
-23301,
17085,
36585,
-38764,
19865,
-17986,
-13718,
34170,
49392,
-16659,
49394,
-23027,
-44370,
47685,
25221,
