# 633 (shape [1, 8, 10, 10]),
40545,
18615,
-2807,
-12240,
-1932,
-10200,
13770,
4333,
-20400,
26010,
-51765,
-49215,
-38099,
-12089,
-1020,
-2769,
-5100,
-2909,
-28050,
-17595,
22950,
57794,
-41862,
43860,
-6885,
58395,
58140,
21095,
32130,
-6940,
-13208,
73695,
-1571,
20910,
13770,
51765,
19380,
20691,
25969,
42614,
0,
27030,
79203,
63451,
60587,
18615,
30618,
40545,
44370,
72420,
64065,
26775,
70890,
58650,
100215,
-24837,
29835,
36845,
6630,
35752,
15889,
19125,
73185,
56610,
-1020,
40035,
55333,
24492,
-2804,
36210,
49574,
-9820,
39845,
49980,
75329,
41074,
59867,
-1785,
-39270,
18922,
-32640,
-34425,
86040,
4590,
29070,
7419,
15045,
5865,
2668,
60945,
33764,
27963,
42585,
26265,
57812,
67909,
3946,
35190,
71655,
29450,
-29580,
7140,
-16974,
20400,
-1569,
-31875,
1275,
46776,
-28815,
-41310,
-61455,
-30345,
-19831,
8984,
16320,
-45274,
-56355,
-2491,
-34680,
-20910,
-59670,
13668,
-61102,
-8160,
-49470,
-13515,
20400,
9643,
-48195,
-30113,
-60325,
36720,
-35179,
17085,
43095,
18105,
3060,
21536,
-65779,
-15828,
-79815,
-11985,
38142,
31858,
34146,
-3060,
18366,
7650,
-6375,
-4590,
-26411,
-29835,
-19635,
16830,
-10455,
-12858,
-7650,
15547,
-52530,
-46810,
-22560,
-13005,
7650,
-255,
-2295,
-10200,
12606,
39404,
-41089,
-5610,
-27436,
-5873,
15049,
-16830,
-2446,
14664,
14639,
-29835,
-29325,
-24880,
-33915,
-10710,
40446,
-15300,
-26520,
-1770,
17085,
-16575,
-3356,
-19380,
-38911,
-45238,
16830,
-28305,
11275,
40170,
25245,
9435,
64005,
33907,
-11220,
62220,
27095,
60945,
54646,
76755,
38760,
89315,
74715,
112455,
-26010,
76500,
38889,
49344,
58140,
53044,
36210,
57504,
36720,
65790,
-48450,
60815,
-15127,
57630,
18360,
62475,
62985,
72990,
57630,
56746,
-44553,
90015,
30516,
44880,
77520,
59415,
56355,
66304,
31281,
81284,
-19380,
92565,
55763,
63307,
73472,
90780,
49215,
60945,
63495,
90780,
18857,
-1020,
26775,
63495,
61455,
17258,
67575,
57778,
3315,
42912,
1633,
38250,
90525,
75735,
-29325,
63750,
69680,
49833,
25661,
74715,
19016,
46813,
68272,
47430,
44006,
69596,
59010,
510,
-765,
53622,
7905,
26265,
99702,
51255,
60180,
53653,
53805,
20655,
25002,
43860,
9326,
20237,
84150,
71910,
88556,
78388,
18647,
64005,
75480,
22843,
-47175,
-49980,
-78820,
-85170,
-73144,
-48450,
-32385,
-67600,
-86190,
-37740,
-37230,
-37995,
-38033,
-31658,
-27030,
-22849,
-39270,
-31913,
-44115,
-25245,
-15555,
-5541,
-65709,
28560,
-68850,
10965,
-8670,
-27705,
-76245,
2526,
-91109,
-12495,
-32297,
27540,
-30855,
-2040,
-7650,
-61864,
-21332,
6395,
-61710,
8670,
30171,
30844,
47315,
31110,
31550,
31110,
13770,
15810,
-44925,
-5355,
41565,
39015,
49725,
9261,
26520,
18624,
-13260,
-8234,
-31616,
-8415,
21930,
32130,
19380,
-22440,
36695,
-60657,
-49691,
44115,
-20743,
-3051,
20637,
49980,
65957,
28108,
5611,
-6375,
-67320,
22111,
-117045,
-29325,
15033,
-9945,
16575,
22000,
2550,
-51765,
3297,
23970,
-3403,
6674,
62985,
6120,
45497,
33154,
-3395,
11985,
38250,
-1266,
38250,
50490,
28570,
7395,
16412,
-5865,
510,
1030,
-13005,
24735,
7140,
69615,
39660,
32520,
48960,
25087,
87720,
64650,
83895,
11220,
91290,
61717,
25479,
41055,
54570,
77520,
12240,
44677,
81345,
25205,
42066,
44625,
68175,
9690,
77010,
61965,
63750,
-3983,
81945,
32877,
18105,
73695,
88101,
80032,
80046,
35955,
71405,
57375,
93075,
78795,
72146,
39015,
71400,
39525,
52785,
18741,
70635,
82273,
53040,
39261,
45888,
43605,
37230,
43350,
13770,
46665,
86710,
60316,
66714,
-25500,
44618,
46573,
47570,
73185,
72413,
65384,
103615,
49215,
58395,
32376,
36975,
28305,
71260,
32385,
71910,
-3850,
24480,
7650,
63861,
37995,
67313,
65771,
42840,
106080,
70582,
42573,
60943,
84405,
19125,
58303,
41055,
83640,
80912,
87210,
63862,
61965,
66045,
83972,
66810,
96390,
31875,
27540,
46713,
75018,
46155,
47462,
45645,
40848,
39780,
68085,
61965,
69452,
98256,
78795,
81600,
67830,
55590,
83700,
103530,
68902,
78461,
103530,
72027,
22440,
59415,
66555,
72930,
34712,
63867,
17920,
84915,
66045,
42245,
22612,
95860,
48195,
50241,
75990,
71910,
49215,
35514,
74205,
56100,
52020,
36210,
51680,
78285,
34959,
72675,
33326,
46952,
80580,
66300,
52275,
14790,
54825,
46997,
67828,
119686,
55845,
58966,
62499,
32254,
61965,
38821,
60434,
38187,
17085,
110415,
59591,
39270,
72165,
73592,
85170,
63240,
6106,
70635,
53550,
25073,
43605,
86251,
94585,
75990,
66810,
51143,
68117,
101550,
87465,
56100,
49494,
-33150,
-36210,
-53711,
-60690,
-31652,
-43860,
-19890,
-76916,
-88485,
-59415,
-61965,
-8415,
-68807,
-43307,
-8670,
-68542,
-73440,
-13217,
-44115,
-15555,
-34425,
4504,
-67080,
-46665,
-38250,
-50490,
-85170,
-63959,
-116535,
-58422,
-101754,
-65025,
-48053,
-92055,
-72675,
-74460,
-91290,
-130507,
-102623,
-82119,
-87720,
-84660,
-91306,
-65263,
-72687,
-113985,
-55216,
-69615,
-84150,
-63240,
-48814,
-41310,
-79560,
-61200,
-68085,
-12001,
-57630,
-57260,
-84150,
-68349,
-49792,
-29070,
-101490,
-95370,
-49980,
-92310,
-69521,
-102140,
-91462,
-27540,
-92152,
-71285,
-91374,
-65535,
-57727,
-57219,
-55288,
-58395,
-61200,
-69369,
-132600,
-21420,
-75590,
-66555,
-95115,
-101942,
-79815,
-65790,
-48764,
-85935,
-52117,
-14175,
-54060,
-86700,
-54618,
-77842,
-14205,
-53805,
-77265,
-28955,
-28815,
-47940,
-62868,
-79305,
-108108,
-91545,
-88485,
-90663,
-77520,
-87975,
-69360,
-61200,
-44738,
-49583,
-50490,
-29583,
-3060,
-3428,
-60180,
-45390,
-53040,
-33325,
-34207,
-62475,
-10965,
9945,
-16065,
-21063,
-57375,
-44857,
-78215,
-49980,
-74252,
-33915,
-13260,
-57120,
-47685,
-80583,
-58442,
-18563,
-68340,
-34170,
-19958,
-36772,
-22739,
-22695,
-28008,
-45900,
-26010,
-17085,
5904,
-45390,
-18105,
3570,
5865,
-82433,
-36975,
-18384,
-46155,
8230,
-31696,
-59670,
-45390,
-39270,
-21675,
-70380,
-30228,
-83716,
-79864,
-30600,
-1216,
-7929,
-28819,
-8415,
-12181,
-39573,
-32750,
-61455,
-62220,
-950,
-51510,
-28815,
-27065,
-23205,
-24480,
-61761,
-59925,
-41310,
-30581,
-41565,
-43036,
-17288,
-35190,
-13260,
-22822,
-36796,
-22467,
-45390,
-43605,
-30369,
