# 830 (shape [1, 16, 5, 5]),
142504,
105667,
73903,
-37056,
-44080,
34589,
9614,
95690,
-14736,
-39620,
-14543,
92565,
71981,
29665,
20642,
-2720,
57875,
12438,
53295,
-70972,
2991,
-15378,
23293,
17957,
111408,
2536,
-69433,
-56565,
-72372,
-23268,
-13631,
-164618,
-100898,
-108535,
-83481,
-120490,
-275400,
-85544,
-64685,
19346,
-14998,
-91015,
-41953,
-18360,
-56542,
-91585,
1457,
-45147,
76387,
-38369,
232497,
200044,
240625,
167478,
176504,
12809,
35928,
76755,
110471,
116790,
-23454,
-2805,
-70054,
-71145,
-8638,
19357,
-26755,
-17801,
46665,
33960,
47086,
9762,
-14358,
16135,
-10636,
-87742,
8775,
49739,
-76266,
-48497,
-140436,
-100874,
-118913,
-80682,
-54044,
-75071,
-25500,
-76521,
-72420,
-171418,
-50446,
-32272,
-36631,
-39780,
-125905,
-95184,
-154485,
-65275,
18184,
-47976,
62864,
-104382,
-36950,
-52103,
-48643,
-1324,
4712,
-34650,
-34213,
972,
-13572,
26520,
43132,
-25500,
4134,
4216,
-21638,
19260,
40035,
46304,
-39668,
-63260,
-16355,
-95418,
-72363,
-138305,
-118372,
-87976,
-100005,
-80708,
-31211,
28132,
-79127,
-21102,
1818,
4256,
97920,
88867,
74035,
8968,
-87445,
84326,
-21533,
-8415,
-7920,
-33933,
73044,
105917,
101266,
-11375,
237622,
231307,
279628,
326789,
269770,
35072,
70239,
84782,
143713,
218292,
155093,
82875,
142252,
195670,
269538,
138378,
209650,
224474,
33915,
200693,
149116,
80996,
93674,
151703,
181656,
-166237,
-100334,
-59484,
-75999,
-30700,
-36437,
-57063,
925,
-39961,
-26954,
44122,
-6630,
-81480,
55590,
25267,
-27028,
11459,
-72859,
-112200,
566,
-62697,
-9512,
-52055,
-96673,
-82901,
-5881,
-44937,
13559,
21245,
16678,
7658,
68896,
150145,
90583,
176093,
90430,
139485,
36592,
87805,
114350,
37344,
91891,
16030,
0,
41373,
23861,
27593,
6946,
60000,
48874,
107623,
-8817,
-43054,
-22503,
13472,
147599,
158091,
133156,
177026,
72836,
180964,
173400,
186715,
151810,
89309,
151267,
71231,
103208,
177225,
72836,
119656,
177523,
156240,
174519,
90760,
64795,
54730,
-33303,
7990,
-76256,
134946,
132235,
-44579,
-68251,
43638,
74520,
-39270,
81457,
75395,
89924,
91658,
-2612,
40180,
75225,
78758,
-14128,
-64226,
-27122,
-14004,
25714,
61131,
200641,
83868,
-15721,
87500,
9887,
-35307,
-47317,
-9611,
-74587,
113371,
94350,
-15732,
66470,
98357,
104961,
27671,
78669,
15555,
-77,
90793,
10050,
-3640,
-14863,
78862,
-24080,
-11830,
74163,
35670,
28242,
-27327,
20703,
78552,
67397,
93567,
74827,
51255,
148196,
23545,
-89756,
80516,
58070,
35620,
42840,
-89774,
37981,
21913,
61428,
69992,
23790,
184337,
167498,
156734,
114354,
143925,
-85053,
-4238,
-100616,
-46538,
-45744,
-134181,
-86955,
-32053,
-26010,
-53236,
-57595,
-3031,
82235,
-18105,
-49753,
-31924,
-52014,
83332,
8537,
9175,
-97204,
-7720,
-61020,
-68812,
-88837,
-14523,
90862,
-17643,
9226,
-52005,
203026,
110670,
82815,
18615,
79229,
74878,
75194,
15506,
42585,
-12971,
67279,
119792,
115,
111472,
75355,
60344,
152193,
2999,
18284,
23935,
75716,
57068,
-21356,
-43848,
-60165,
27755,
-15555,
-111469,
-9350,
68848,
82741,
-83735,
-65745,
25500,
-35268,
-82136,
-191907,
-140105,
-203059,
-87206,
