# stage2.main_conv2.conv.bias (shape [32], dtype float32),
227.00000000,
-539.00000000,
-8754.00000000,
6553.00000000,
-861.00000000,
6756.00000000,
300.00000000,
-1634.00000000,
3523.00000000,
2048.00000000,
-4525.00000000,
6122.00000000,
2813.00000000,
340.00000000,
6564.00000000,
2435.00000000,
2793.00000000,
-6387.00000000,
819.00000000,
-206.00000000,
4243.00000000,
210.00000000,
5564.00000000,
-2257.00000000,
1150.00000000,
4614.00000000,
1392.00000000,
3129.00000000,
3976.00000000,
-703.00000000,
3536.00000000,
-1362.00000000,
