# stage3.refine.conv.bias (shape [48], dtype float32),
2273.00000000,
-6536.00000000,
865.00000000,
1515.00000000,
-7342.00000000,
3599.00000000,
1082.00000000,
-6833.00000000,
-538.00000000,
-1791.00000000,
-1437.00000000,
2351.00000000,
-1177.00000000,
-525.00000000,
-459.00000000,
-2999.00000000,
-5524.00000000,
-8658.00000000,
-10373.00000000,
-7338.00000000,
-5227.00000000,
-8896.00000000,
-8656.00000000,
-3642.00000000,
-2772.00000000,
-1507.00000000,
4015.00000000,
-3272.00000000,
-9414.00000000,
-1209.00000000,
6140.00000000,
-725.00000000,
-6255.00000000,
1788.00000000,
-10344.00000000,
-2652.00000000,
-6130.00000000,
-2559.00000000,
-3382.00000000,
-4012.00000000,
-10210.00000000,
-1154.00000000,
-4518.00000000,
2611.00000000,
-2753.00000000,
6830.00000000,
-3816.00000000,
-3057.00000000,
