# stage3.downsample.conv.bias (shape [48], dtype float32),
3069.00000000,
6436.00000000,
2233.00000000,
420.00000000,
2307.00000000,
10959.00000000,
3746.00000000,
1711.00000000,
1811.00000000,
-2851.00000000,
3995.00000000,
214.00000000,
-808.00000000,
4286.00000000,
-4411.00000000,
5420.00000000,
-1819.00000000,
2240.00000000,
6770.00000000,
-1831.00000000,
-2591.00000000,
-740.00000000,
7717.00000000,
1665.00000000,
-2216.00000000,
3460.00000000,
153.00000000,
10993.00000000,
-6399.00000000,
1099.00000000,
-6565.00000000,
4732.00000000,
-10571.00000000,
4229.00000000,
381.00000000,
-4947.00000000,
1199.00000000,
1748.00000000,
8265.00000000,
8948.00000000,
-4447.00000000,
14025.00000000,
175.00000000,
-3911.00000000,
-184.00000000,
3424.00000000,
2027.00000000,
1492.00000000,
