# stage2_refine.conv.bias (shape [32], dtype float32),
314.00000000,
-4629.00000000,
11580.00000000,
-1417.00000000,
-578.00000000,
410.00000000,
1594.00000000,
1543.00000000,
2379.00000000,
5460.00000000,
429.00000000,
6950.00000000,
1104.00000000,
1901.00000000,
11960.00000000,
4130.00000000,
3945.00000000,
11047.00000000,
4337.00000000,
2063.00000000,
4229.00000000,
-1626.00000000,
-702.00000000,
3423.00000000,
9642.00000000,
7225.00000000,
-3344.00000000,
-1891.00000000,
7374.00000000,
-7461.00000000,
-1772.00000000,
4264.00000000,
