# stage2.main_conv1.conv.bias (shape [32], dtype float32),
-664.00000000,
-6558.00000000,
4036.00000000,
2624.00000000,
1645.00000000,
6305.00000000,
-3337.00000000,
1271.00000000,
1429.00000000,
-2587.00000000,
1081.00000000,
3334.00000000,
-979.00000000,
-3108.00000000,
2072.00000000,
1859.00000000,
-872.00000000,
3571.00000000,
7161.00000000,
352.00000000,
-3996.00000000,
415.00000000,
3999.00000000,
769.00000000,
-566.00000000,
-3257.00000000,
6508.00000000,
3905.00000000,
1725.00000000,
4246.00000000,
-463.00000000,
1004.00000000,
