# 802 (shape [1, 16, 4, 4]),
83125,
60445,
49860,
3620,
-41565,
-7970,
-1023,
-29580,
36975,
13980,
-57919,
-12684,
-59160,
-88108,
-65565,
-19829,
95140,
-36856,
-30276,
5830,
93075,
-10524,
35775,
64260,
6630,
-7940,
16347,
67539,
18615,
147215,
84272,
81252,
128530,
170161,
189531,
179620,
43095,
-2165,
150853,
141270,
12495,
15865,
71914,
79179,
47940,
-32898,
-30402,
-18640,
23810,
-7524,
112456,
75655,
-32640,
33850,
43214,
53550,
-39270,
43115,
64014,
53180,
-7650,
62216,
44110,
55153,
98755,
-20095,
-101865,
-760,
91800,
2596,
-36099,
-61965,
-22185,
29290,
-85097,
24092,
-88740,
14093,
-9236,
-30207,
2685,
-60604,
-4509,
-39535,
-19890,
18099,
-35831,
79305,
-10455,
-16085,
52875,
12294,
2040,
60810,
57252,
30066,
278095,
220707,
275007,
261950,
175695,
153894,
140884,
186150,
197625,
160520,
133530,
155850,
219555,
103143,
92644,
99264,
-82525,
-29652,
-16832,
-68550,
68340,
4455,
42647,
19125,
73950,
-8745,
-1112,
-30469,
52530,
9567,
18911,
12792,
-74565,
-43283,
-36283,
12280,
-39015,
74212,
33789,
42075,
31875,
46420,
25687,
31405,
6375,
39389,
96812,
90827,
20460,
-38621,
7714,
149795,
108630,
102964,
141758,
90015,
109650,
67360,
162926,
104109,
113220,
85229,
-61553,
65074,
80825,
17181,
25256,
-59370,
153765,
-7597,
44417,
19125,
122910,
6320,
43443,
65400,
33915,
-77394,
14538,
-20205,
-41250,
62744,
-11731,
15275,
-83895,
-32071,
-58423,
-27030,
-45135,
-26160,
-15890,
39646,
-65025,
-21548,
24491,
-50696,
12720,
68615,
50685,
102460,
-37740,
70388,
45296,
5100,
-37485,
70495,
-3768,
-60248,
-60435,
-4014,
-64315,
30903,
-12280,
57069,
45649,
27585,
-49725,
-146300,
-76899,
-111690,
-74715,
-65635,
-88341,
-151268,
-52020,
-133426,
-205337,
-122478,
-76195,
-15495,
-17335,
32765,
67065,
-68,
-99462,
7905,
54825,
127455,
68436,
78752,
42330,
77706,
138336,
62887,
-27205,
-4570,
-58140,
-59735,
51255,
-33286,
-57744,
-15300,
35700,
-12580,
-15632,
-27925,
-23970,
-117478,
-71646,
-133507,
