# 913 (shape [1, 2048, 4]),
14906032,
4215922,
5776338,
312428,
-7813749,
-3808154,
2590633,
4041584,
-1522219,
-17888694,
1508532,
13642131,
-7314590,
8493901,
-12208950,
-26550876,
19970504,
11812689,
-947009,
-9883266,
-13259534,
-5021844,
-2010097,
-82981,
2509998,
-14922510,
-15610093,
10827119,
-12568073,
8156908,
-12019700,
-40018752,
29260428,
15434026,
-10980109,
-11330854,
-12931231,
-2571074,
-301650,
-16266496,
3592495,
-10774875,
-34077144,
-5663813,
-12786557,
9320332,
-8739952,
-50886472,
24962926,
-2078945,
-16495877,
-8705831,
944874,
4992013,
-5083363,
-41733672,
-7043128,
-3885419,
-29577852,
-19189828,
-9074512,
10858599,
-1495684,
-39685744,
21036854,
-2850489,
-8166757,
322231,
-7894594,
-12894106,
-2484591,
-39704264,
-5692188,
-2499012,
-18063352,
-15580897,
-12631452,
8446191,
-264228,
-42936500,
14563068,
75997,
7682759,
8066269,
-14632502,
-26762056,
-407890,
-19345856,
-4106727,
-10152229,
-29579136,
-6767106,
-11664203,
5480208,
-7885834,
-39433720,
5974596,
8562222,
1488193,
-9635892,
-20748090,
-23527236,
-15044764,
-7806302,
1056638,
-4799173,
-18455032,
-10700253,
-3396811,
1819246,
-23093042,
-46082248,
9408547,
19402920,
5450725,
-19709262,
-27966682,
-20302446,
-10751685,
879068,
-3512929,
7769029,
-10269419,
-24563382,
-114187,
4174956,
-35684232,
-52564008,
12910414,
4641330,
1660682,
-17231082,
-22268364,
-17331258,
-10695345,
-3451414,
-16046709,
13308732,
2303294,
-27980508,
2169882,
-3805768,
-50974000,
-39319408,
22062506,
8966254,
-1155552,
-15055522,
-19157460,
-5293831,
-5366430,
-10741834,
-18963550,
14668572,
11256605,
-11760347,
-11859977,
-24797430,
-53067632,
-20348784,
27444186,
8299530,
-1322380,
862099,
-12473742,
-6350221,
-11059925,
-13352692,
-17720376,
19065832,
3496324,
-14957317,
-12162353,
-8177062,
-44868168,
-32599658,
22764108,
21377720,
4108369,
1338285,
-20901206,
-10440719,
-12041271,
-14563041,
-897931,
19395972,
-9793766,
-14325496,
-1617082,
-7700590,
-43428632,
-45005312,
20462092,
30222228,
43971,
-11673515,
-22104108,
-17434806,
-8972458,
690380,
-5532508,
4888993,
-17613038,
-20277904,
-7321659,
-7235658,
-26051182,
-42693024,
33866024,
15466370,
-12344515,
-22510714,
-29748552,
-11371270,
-14278445,
-14046456,
-13825857,
-3987935,
-15377449,
-10458700,
-14792496,
-24186566,
-23954164,
-41077628,
31777618,
-7900520,
-20816628,
-33531776,
-31575398,
-2796465,
-29723762,
-25383320,
-6310461,
-14828370,
-12469994,
-5174111,
-38755580,
-31023324,
-22419274,
-35300552,
14715168,
-13363071,
-19404812,
-18139194,
-19730074,
-8073310,
-27752430,
-16445893,
-2108178,
-22736226,
-8489386,
-3592651,
-37981036,
-33475434,
-17723534,
-12260936,
3997706,
8347225,
20332842,
17601760,
13891449,
1435350,
6888083,
20368630,
27764624,
22409824,
10817173,
10881068,
7654991,
15152880,
14839280,
2662814,
437086,
5093983,
11395304,
4702749,
4178289,
24345882,
15266146,
32580964,
25613100,
56810404,
37616360,
11651321,
-8763300,
-992974,
-2703786,
3020072,
-19474344,
-25749972,
-39970892,
-43020596,
-30151858,
-22063560,
-13996667,
-20244766,
-31430692,
-17430980,
-14164408,
-29035674,
-31889296,
-30537350,
-27992496,
-12199266,
-14106216,
-40699080,
-49414052,
-49033592,
-62626692,
-54865496,
-34232404,
-35282552,
-53260096,
-63897232,
-52032288,
-59816768,
-36275032,
-40528432,
-36031576,
-29691628,
-11065214,
-29585532,
-34965900,
-20581080,
-23769206,
-33872096,
-57714264,
-54190024,
-46412976,
-59389864,
-72439848,
-66038460,
-51270096,
-46032304,
-49651480,
-38811992,
-24567360,
-34996016,
-30712544,
-10928864,
-29673340,
-55801568,
-76407984,
-68380080,
-58034308,
-55012732,
-60990232,
-48998964,
-48588832,
-55884580,
-59753880,
-33760836,
-21285728,
-32232000,
-29472156,
-24134308,
-41903808,
-48327004,
-48562240,
-39165168,
-40354140,
-37216012,
-33123330,
-33026808,
-27074456,
-13008525,
-6959618,
-16105680,
-16028163,
-32296228,
-44961340,
-58632444,
-56682528,
-60071692,
-51907116,
-46626264,
-49762252,
-38934812,
-29718192,
-29012884,
-17002872,
27982,
-20736932,
-22799012,
-4200720,
-31893032,
-58035860,
-68287656,
-69806136,
-66502632,
-58603116,
-61234476,
-49089324,
-56188648,
-32512264,
-41673832,
-26326910,
-55849924,
-83213824,
-59996312,
-16232570,
-36216560,
-37556144,
-46842080,
-43524320,
-27807916,
-33591736,
-54868432,
-63135084,
-45101088,
-46539520,
-33008442,
-35435172,
-41923100,
-54703048,
-35005740,
-26185784,
-37876880,
-30118108,
-32316176,
-36431776,
-42877728,
-58285004,
-59489708,
-56722760,
-45210208,
-44952304,
-37242724,
-35747428,
-24995168,
-14697302,
5812763,
-7222067,
-19543532,
-38994452,
-16629872,
-31392688,
-35007640,
-51852080,
-51104444,
-31624802,
-32022936,
-52487104,
-69608728,
-52397180,
-36299280,
-28739884,
-4044514,
18249800,
10012358,
-6675886,
-1657416,
-28688344,
-27238392,
-15925822,
-25782490,
-34013400,
-36380776,
-47333704,
-56418964,
-49705088,
-49467148,
-34515412,
-16904948,
32766012,
20998676,
-11148227,
-30309080,
-25728484,
-28344350,
-25184768,
-13720756,
-13256882,
-27283174,
-22023986,
-12689225,
-35157692,
-55346880,
-50849440,
-35611828,
-16812524,
-55075544,
-63777364,
-84581344,
-56981064,
-52262296,
-66238448,
-59797660,
-28362908,
-44963236,
-46375640,
-40127368,
-33173196,
-66154172,
-65860772,
-43829388,
-30848416,
-68464240,
-75621072,
-81117120,
-63063440,
-67221760,
-64557428,
-59503808,
-56509520,
-67849760,
-62334440,
-70218584,
-59672312,
-63935636,
-54753448,
-29744042,
-49432396,
-65690176,
-42245048,
-40906224,
-33399200,
-31460560,
-31971198,
-6142466,
-10563862,
-2126144,
-1945276,
-10462880,
-16305361,
-2588321,
-7816456,
-19239652,
-62960536,
-79336736,
-53988424,
-55117356,
-50458864,
-41475904,
-37563516,
-15040543,
-33093748,
-10423626,
-29338398,
-32255004,
-51709288,
-33549966,
-41068444,
-49780712,
-58888136,
-70809760,
-36088816,
-46092920,
-37484456,
-37811044,
-31673384,
-9568962,
-27472168,
-15681453,
-28021470,
-29263256,
-40987104,
-50039464,
-53444176,
-59383360,
-50115976,
-48001016,
-22585532,
-18110712,
-17511248,
-33092136,
-21873424,
-6687532,
-13105247,
-11549289,
-17169482,
-30324814,
-31116468,
-46258092,
-45724376,
-62799248,
-51679580,
-48417392,
-18159686,
-35004816,
-24006130,
-29072308,
-19460464,
-5724271,
-2565142,
-6832845,
-18773932,
-19733052,
-25453278,
-20719972,
-38768432,
-55495324,
-35119492,
-37727112,
-17091820,
-37164320,
-38516860,
-24878608,
-23188436,
-11030579,
-7347795,
-11911600,
-8421476,
-14242974,
-17217760,
-6525653,
-13015134,
-38183104,
-19224770,
-31796176,
-22308544,
-30761232,
-41500904,
-31089328,
-36994932,
-18766672,
-13375277,
-6552925,
-19969104,
-20092228,
-21993824,
-20290668,
-25393458,
-29907936,
-35154768,
-42444768,
-33949084,
-28425868,
-29745036,
-37886988,
-38629184,
-39287192,
-34309756,
-17121554,
-25405748,
-22877242,
-27151870,
-48603976,
-27867814,
-34239800,
-37904220,
-51190340,
-43519872,
-28839936,
-32260984,
-28532184,
-43719692,
-40855852,
-33091852,
-21533532,
-33799976,
-16651526,
-29485602,
-44942340,
-13106387,
-44794768,
-40023584,
-51640040,
-36755224,
-41253416,
-33931792,
-26857788,
-32484776,
-36367236,
-38053232,
-45653040,
-51032040,
-22301052,
-31092048,
-35386420,
-9605425,
-47599896,
-40220908,
-44987928,
-20238940,
-25279008,
-24463152,
-20926284,
-39421584,
-30284628,
-27958354,
-41327304,
-52406992,
-22267012,
-22420932,
-21170926,
-20430768,
-46828028,
-35403264,
-33040292,
-10527172,
-17166230,
-19184932,
-19599962,
-30683966,
-34165624,
-36755156,
-36694820,
-39739232,
-16936712,
-22845716,
-19895052,
-35629020,
-52780400,
-37239472,
-27941896,
-17770624,
-14939562,
-20781984,
-24338316,
-34711696,
-43266296,
-34111900,
-30225784,
-11598708,
-3748162,
-21092490,
-31321656,
-52645200,
-60911504,
-41233716,
-27714532,
-22208556,
-13754949,
-19065044,
-28760382,
-35955076,
-34838776,
-30582712,
-20650556,
-10140848,
4907248,
-24519116,
-34384596,
-52618588,
-63787268,
-47754156,
-36089688,
-17849790,
-19659140,
-21642984,
-35892072,
-33591500,
-35323148,
-38235856,
-26655604,
-6428872,
5415967,
-9944770,
-32343152,
-42058316,
-60659280,
-16762966,
-2102380,
8735650,
1280928,
238986,
-12384037,
-6795019,
-9978936,
-9624959,
11449764,
11853883,
17591564,
17249000,
1952296,
-3773382,
-24191644,
6489226,
-125362,
2128265,
-3195474,
-15433079,
-26074320,
-32224248,
-30750310,
-34856284,
-49801392,
-54087056,
-42296924,
-42174704,
-40169720,
-31598810,
-18201006,
-9466375,
-12535733,
-9522904,
-14656324,
-8326285,
-25751960,
-34856824,
-41684856,
-51880724,
-63424612,
-64874136,
-50913640,
-57467856,
-51965960,
-40219708,
-32090764,
-5182479,
-6845802,
5779177,
-4560835,
1552783,
6017417,
132096,
-8720209,
-22396768,
-26444544,
-30917848,
-23044658,
-33178820,
-29332674,
-19745960,
-24162316,
1319764,
10063319,
9196963,
8287241,
13162114,
12619833,
20060568,
2060694,
-7259317,
10545211,
2657926,
1382340,
-5142194,
-8075238,
-3566899,
-12039946,
-5649941,
3116214,
13632297,
19473044,
20157912,
8641636,
4527963,
2979444,
2928192,
23266712,
15656385,
10920891,
9338614,
14256995,
11351354,
-4573249,
3200172,
1470508,
15512110,
24214610,
21584084,
28937422,
13315083,
7283885,
-1376654,
10127578,
12148782,
21261400,
21870572,
25916592,
34868328,
9674122,
2409253,
8042314,
14142060,
21251552,
20804226,
17903072,
1791115,
2441966,
5026255,
10390581,
9835650,
20265548,
22970256,
37980828,
37013456,
14659930,
-1836908,
8300506,
12119263,
24314852,
21334568,
15262426,
15926457,
12076285,
4054100,
12613907,
12807299,
27342604,
37351328,
46630868,
29909426,
14402581,
6319450,
15070489,
25744100,
31670844,
22911040,
20601024,
7733891,
13637698,
5267605,
18932702,
14552070,
26559916,
38694912,
53570080,
47862300,
20934372,
1506966,
15667422,
26016066,
18465936,
7257177,
7020489,
9702888,
5994347,
8887223,
14623239,
21942052,
17785320,
31489964,
39043172,
30130072,
6643439,
-5444000,
-737857,
7808137,
11860463,
18877568,
26699812,
21405560,
13430071,
10290593,
10344519,
13553905,
18049014,
17246936,
19027524,
4884465,
-2079160,
-17849884,
-7197935,
2130409,
20138132,
23195592,
32912708,
28045378,
26348644,
7732685,
3679939,
3903130,
4481003,
7038364,
7653849,
8568921,
3361500,
-6267061,
2233164,
4694840,
29230254,
36913888,
35615920,
34477360,
18033690,
9841722,
11980188,
5974085,
-3709075,
-4360647,
4856991,
7778267,
6423210,
-3478126,
2786639,
11202625,
28697744,
30183940,
34371352,
23226912,
20242120,
18443496,
9931152,
6051065,
-7114561,
-10577083,
2419686,
20183812,
11437941,
-15307333,
-9774128,
-546706,
5518369,
9044560,
12407390,
15546588,
4363668,
-1085240,
-10495505,
-15617643,
-13199449,
-27528166,
-23857652,
2504810,
-358067,
5168731,
12777632,
18355854,
21156134,
15353696,
19293684,
21251560,
11091763,
13228204,
15677400,
8246125,
8955388,
6920105,
6307063,
15041048,
6807674,
5283376,
18044304,
2223529,
8600542,
-8274631,
-3081113,
9618165,
6170817,
-2576987,
-15608593,
-2322958,
11040578,
-869093,
3030934,
-3114864,
-17644912,
-3156998,
15790629,
10950996,
-8106819,
-18369426,
-2936532,
-4211532,
1916843,
-163669,
-12462336,
-14295386,
13050706,
320989,
1495459,
-13056890,
-19838900,
9093262,
21402330,
-7273646,
-12621353,
-18132228,
3122532,
-711382,
-14370585,
-11826995,
-9999708,
-30504628,
-1699870,
-8754643,
1628531,
-4620936,
-32960104,
10287270,
4891949,
-11621291,
-11257264,
-5675374,
2554194,
-14993670,
-36140564,
-32008778,
-3311381,
-31799986,
-26437504,
-11549113,
5045059,
-4145984,
-26876510,
7371224,
8186469,
-8121069,
1671279,
-8927422,
-11076744,
-11941221,
-31040654,
-20294544,
-2629730,
-15240669,
-23575592,
-18381208,
6168053,
-11457604,
-35777832,
2006408,
9800546,
1963881,
13577160,
-20871184,
-14385032,
-4794742,
-25112740,
-11484916,
-10197776,
-27512226,
-20154474,
-11496985,
663626,
-13932278,
-33249012,
-3445961,
18859232,
-7595270,
-12861238,
-30019744,
-27290654,
-19272130,
1577804,
4209014,
-11290734,
-23742208,
-16930120,
-6593684,
-5676760,
-25327568,
-43718484,
-6767191,
25113142,
-19855,
-14886975,
-33069470,
-20987770,
-7363246,
-1194606,
-773533,
2798589,
-5373290,
-24327268,
-6829243,
-8847241,
-37866496,
-51023392,
-10842145,
8585433,
-1613371,
-14004773,
-27523110,
-23929014,
-15747730,
894554,
-14378846,
3079676,
2916913,
-29933568,
-6268758,
-1992833,
-55643000,
-51691900,
6571390,
16793178,
-1509374,
-15354639,
-28218170,
-10976229,
-196738,
-11724567,
-24211886,
14760525,
20299392,
-17891284,
-11442542,
-21758124,
-65708392,
-30973112,
15332808,
8236062,
-929144,
-4125111,
-16528244,
-18087686,
-6899411,
-14553792,
-12722966,
8748054,
6008569,
-15940087,
-5896774,
-11311832,
-56185172,
-29428618,
11330934,
27120560,
7755738,
-7014975,
-16259696,
-16168619,
-9081814,
-26666998,
2078236,
9258114,
-1305916,
-10469780,
-19355998,
-17978822,
-48676024,
-37966728,
7851211,
26838892,
5813352,
-13276892,
-15055001,
-32479098,
-7723814,
-11795305,
3538339,
1572890,
-13210509,
-26274070,
-23968360,
-5718823,
-36003640,
-38965180,
20923230,
12630187,
-4592278,
-15646693,
-32459754,
-27114140,
-7780146,
-29932466,
-7596877,
-11700969,
-25457766,
-21839186,
-25842808,
-20268556,
-37799604,
-35451908,
12965693,
-7474948,
-18829002,
-34972768,
-37561352,
-8958042,
-25190768,
-45013312,
-16416221,
-11356002,
-23470348,
-15092691,
-42156844,
-34083296,
-33792304,
-20695880,
6219775,
-13430262,
-23127572,
-22645012,
-33066960,
-11100396,
-30355872,
-34356068,
-3058107,
-22550632,
-32596448,
-8888966,
-37110960,
-44217856,
-28920482,
-11690801,
-23333856,
-28410352,
-15760500,
-16838798,
-31908712,
-26181748,
-41752576,
-12686195,
-11664715,
-19626908,
-28230384,
-22892690,
-29818350,
-17342616,
-23638464,
-19775952,
-10037127,
-14850090,
-3352861,
-9061784,
8392372,
17350032,
28585884,
29683028,
20246148,
51674460,
25131360,
8072169,
-19528724,
-7708506,
-10693730,
-2286311,
-10316250,
-7821738,
-34286124,
-20724776,
-20262592,
-10958717,
5125445,
-3126573,
-12936910,
-3472775,
-5910152,
-22592692,
-9946755,
-26470112,
-18025806,
-7713657,
-11160983,
-33680240,
-48371120,
-49105936,
-63151436,
-49863744,
-41022012,
-43263332,
-37494096,
-52234016,
-36032392,
-39480208,
-30086960,
-26102748,
-22912956,
-11032185,
-18057840,
-32206124,
-32161248,
-16774332,
-35467968,
-30019452,
-51009456,
-52371180,
-51063276,
-47539144,
-68687256,
-57433368,
-58665444,
-43294552,
-55408704,
-29112750,
-13455163,
-17880352,
-25078092,
5779674,
-29563594,
-41528536,
-71902960,
-67483016,
-61142648,
-60758288,
-57293672,
-39847196,
-34128448,
-49727040,
-30518204,
-16178206,
-23379926,
-44567820,
-45625072,
-32595788,
-38794136,
-47772408,
-50976480,
-34271544,
-40624844,
-32965176,
-42676264,
-29047410,
-26863024,
-3144101,
-23961360,
-7705850,
-21249086,
-32527796,
-40905236,
-56298832,
-63717180,
-70765104,
-51064300,
-45428172,
-38272440,
-40341360,
-30267844,
-44461920,
-10273147,
-15671607,
-21162340,
-16113818,
-5656531,
-33302748,
-45011904,
-47830108,
-60076904,
-63625572,
-61410644,
-66910128,
-49011732,
-45521284,
-37374192,
-36391840,
-19063144,
-46999432,
-54724624,
-43916388,
-5983222,
-32082446,
-36689648,
-55877240,
-47820864,
-29123612,
-30058132,
-46249364,
-48787752,
-44243416,
-45021048,
-34754220,
-53104488,
-47545448,
-68806424,
-35184620,
-38066056,
-32092768,
-33852680,
-19561360,
-26257636,
-24631444,
-55551332,
-48367172,
-58260424,
-42677064,
-43665824,
-38819496,
-33045152,
-27196792,
-28232816,
-2023006,
-12339537,
-20634124,
-42537072,
-19394300,
-27869156,
-32199080,
-38383264,
-51285728,
-52381360,
-45251800,
-51768852,
-65097048,
-59152944,
-46207596,
-32292980,
-4667255,
19253332,
16237615,
-7551988,
-4050281,
-23252500,
-23090320,
-13272176,
-25324274,
-16011004,
-24789682,
-28129368,
-52383200,
-40317712,
-43832896,
-24635584,
-10363909,
11252646,
3006127,
-10373262,
-29241584,
-18150052,
-31157444,
-21705270,
-18629292,
-16910960,
-42387920,
-36912920,
-34331176,
-45158068,
-65094356,
-47419952,
-33372156,
-5242845,
-42977580,
-49382936,
-77284176,
-68902032,
-73520656,
-70046656,
-62826172,
-44796228,
-41874500,
-44226332,
-43324440,
-32369480,
-61528840,
-47711252,
-34238788,
-11370478,
-33551574,
-37229200,
-46300912,
-39216996,
-37743592,
-31640544,
-33163600,
-25429492,
-32426344,
-16042680,
-35270912,
-21604414,
-25360110,
-30289672,
-2155678,
-33076956,
-51958868,
-32122688,
-28408772,
-32874072,
-16971612,
-23664624,
-6871089,
-9384050,
14910143,
7326854,
3490061,
-3417738,
3129145,
-18794028,
-10989647,
-42065664,
-72253736,
-54248416,
-54857408,
-47464228,
-36655900,
-30069042,
-16707812,
-27090940,
5569671,
-22522788,
-27465708,
-38200360,
-34800852,
-47232120,
-37540004,
-44383080,
-73396376,
-52165552,
-43149672,
-47066572,
-47185120,
-39497456,
-26142012,
-38520352,
-16689358,
-27491804,
-32780432,
-31357852,
-53044016,
-65194104,
-51699060,
-44211912,
-47757908,
-34932280,
-19659940,
-23104876,
-36135680,
-24314206,
-16139202,
-15315123,
-13602593,
-28951488,
-31588510,
-31236460,
-49400752,
-55638392,
-51503528,
-43379048,
-43899928,
-35678548,
-37175432,
-29302788,
-44080088,
-23794522,
-13047352,
-9531886,
-21311144,
-29184036,
-23504952,
-30199388,
-45110500,
-54758828,
-43879616,
-30172026,
-36745552,
-21477310,
-35521948,
-29020622,
-44343460,
-28843978,
-17363938,
-9941617,
-24222128,
-9641921,
-15605173,
-16727417,
-21053702,
-28111786,
-27060944,
-24812698,
-41185208,
-23680668,
-37723064,
-35731444,
-40025240,
-29147368,
-21062408,
-16516134,
-15957818,
-21741120,
-23501012,
-23890658,
-27289978,
-39303252,
-21930164,
-36291856,
-51202320,
-37959960,
-36128344,
-36250712,
-42924208,
-43343080,
-42760812,
-39204504,
-34205620,
-25734442,
-38052864,
-26631032,
-46761792,
-38218988,
-29823488,
-40725608,
-53986948,
-40369604,
-37973056,
-34699232,
-35392608,
-35262260,
-40217856,
-35136912,
-26494928,
-33438476,
-26586676,
-26958226,
-52072056,
-37134168,
-36832984,
-36860340,
-54951220,
-38549268,
-37739164,
-27155324,
-32210662,
-37094480,
-38503088,
-39781136,
-55962344,
-57946296,
-26621112,
-32861538,
-41036904,
-14905001,
-32205276,
-28989760,
-40507560,
-26690182,
-20556502,
-24134104,
-29601782,
-42899776,
-31658466,
-37648988,
-44384204,
-50674972,
-28199644,
-19596798,
-33508520,
-25959060,
-40522392,
-21847452,
-43697560,
-21307108,
-20432144,
-21298172,
-23480948,
-32964226,
-27017632,
-36371208,
-38864448,
-41722556,
-22864504,
-26937066,
-28828710,
-40355096,
-41571932,
-24710840,
-36874416,
-20754310,
-17087128,
-24734464,
-22385588,
-42150580,
-33788992,
-43651680,
-41195320,
-25804864,
-13617565,
-19388424,
-38266512,
-59569792,
-47471812,
-24892902,
-43733248,
-30138126,
-31950364,
-24055206,
-29536380,
-35816184,
-31313986,
-31989482,
-27132576,
-8385258,
-7481731,
-19662856,
-40353440,
-70238352,
-50938004,
-35843632,
-44853828,
-29703824,
-30781994,
-24623210,
-39672752,
-42796124,
-36834952,
-45826688,
-32332890,
-10629541,
-20643618,
-5682765,
-32512128,
-52640080,
-51227912,
-9623221,
-11207158,
-3803470,
-7614118,
-1418260,
-16740037,
-8985902,
-9862476,
-19232464,
-1407567,
6407274,
4059348,
9195122,
-5848371,
-17035280,
-25189932,
2596363,
-8702282,
2101511,
-15970163,
-18907288,
-19761908,
-39216588,
-25036062,
-35991288,
-35656240,
-43207400,
-32626812,
-42081908,
-39382816,
-36673408,
-23742968,
-14404911,
-31854196,
-22179566,
-36646232,
-20641036,
-35121736,
-46394004,
-47699068,
-71691536,
-70247440,
-79541952,
-71249736,
-78600384,
-72871376,
-62061264,
-43512272,
-12951289,
-22288752,
-25422504,
-29363680,
-18008694,
-32259474,
-22353008,
-30272906,
-49591284,
-48969320,
-46197940,
-51901920,
-40952280,
-55264640,
-46250352,
-43480248,
2356495,
-1157008,
-2424052,
9251136,
16618032,
8494402,
12582939,
-12430305,
-19027028,
-1821183,
-15624212,
-16565408,
-7605987,
-13687834,
-14100597,
-28510438,
-1850687,
-13517997,
-1922220,
19823380,
13694866,
4050287,
-3332408,
-12724323,
-9645408,
11297497,
-2734998,
-4142324,
-4992944,
-3664640,
-3437552,
-15393862,
2673414,
-15618204,
7573216,
6275034,
11773357,
-761416,
3712064,
-5334236,
-12344597,
4140390,
11144794,
15388653,
22696684,
24738936,
32279260,
171122,
9241623,
-8396933,
8782664,
4684845,
11787065,
20635234,
4022962,
7509141,
-2855306,
9658581,
4656832,
15833550,
20710572,
42797768,
33193872,
16743106,
189882,
-13000104,
2302214,
44879,
-2246206,
-829103,
-4693641,
-5858201,
-5839715,
-425774,
12430306,
19217460,
30289076,
28854970,
12837268,
5413785,
4394940,
-2587438,
11140980,
19335476,
5511279,
12176018,
6223964,
-5281125,
-90553,
4051941,
-1992830,
14461081,
21211626,
25451810,
14438603,
8060208,
-1927966,
-7905786,
12607171,
7158889,
2257573,
8127594,
3822497,
1611497,
-5278848,
6541963,
-5382105,
26261846,
22233908,
37831128,
33832756,
10818824,
-541722,
-12766655,
-3151200,
11494398,
6703231,
29050244,
4625565,
12350183,
1969931,
1184991,
815229,
-669232,
846428,
2580876,
2832245,
-6719198,
-13483047,
-12773365,
-5505405,
26295348,
21646524,
31343028,
23420526,
23614788,
8072695,
2574577,
-8647180,
-12550152,
-9779729,
2478661,
-1517404,
-8669032,
-969696,
739040,
4864820,
21421570,
19235332,
32459032,
19002056,
18888344,
7639799,
-307949,
2964976,
-16894618,
-3236405,
-9178635,
-21474624,
-6371701,
-11849214,
-20685852,
-7729444,
-2155144,
23658936,
21196514,
16011676,
11297920,
14086736,
2661402,
2270094,
-9254978,
-9369550,
-16156035,
-8202171,
-10023909,
-14353435,
-27284526,
-12469188,
-4987663,
7267991,
6032411,
6195651,
-5784088,
-11604891,
-24809280,
-20845374,
-28402352,
-23405862,
-29024864,
-5544392,
-11986547,
10828294,
14777422,
14105173,
24015304,
23344882,
24765402,
24855332,
19517580,
13538963,
15025596,
5218541,
10698142,
-1892514,
2768431,
24282594,
6231196,
15982353,
2579503,
4731815,
329182,
-6773468,
-3812221,
3380672,
3630210,
-2266236,
-18001380,
-419651,
11782065,
-7592661,
8124850,
-12000638,
-27306726,
20549852,
10686388,
774039,
-8748335,
-14284460,
-6989049,
-1128806,
-279586,
3773756,
-16285227,
-16218932,
11116219,
-11584780,
8455488,
-14493475,
-41797068,
30006584,
15304482,
-11481557,
-13646795,
-13452549,
-1020299,
-1837807,
-17369266,
2665727,
-12508085,
-35799980,
-5317121,
-13432862,
7203399,
-7128692,
-50687260,
24184514,
-1186761,
-17715836,
-9695864,
645226,
1409304,
-3013131,
-41360968,
-10891856,
-2522841,
-27058536,
-20881490,
-11582323,
10822073,
-245609,
-40689152,
19966700,
-3351439,
-7686030,
-2589077,
-6935046,
-11749987,
-3204290,
-40596268,
-7054573,
-3102237,
-16907244,
-16225481,
-12342361,
8947122,
-2551527,
-42162664,
14258560,
-1420784,
7393902,
6597883,
-12693778,
-28066714,
-1648834,
-22457042,
-5553359,
-10255565,
-30633588,
-7757200,
-11954466,
3016509,
-9364992,
-39309812,
5188742,
8958680,
2539551,
-9781130,
-22133342,
-26718390,
-16472386,
-6600654,
2271619,
-6593834,
-20771638,
-11303374,
-2731302,
1778859,
-23486160,
-47755060,
9026977,
19738228,
4677369,
-20402532,
-27923768,
-20495408,
-9990820,
507395,
-3873416,
5925050,
-10891513,
-24103524,
-2299031,
3648321,
-36359800,
-51913624,
14859289,
1342023,
-745461,
-16102161,
-22728520,
-17818856,
-13500477,
-1358287,
-17056036,
12881377,
804779,
-29037528,
345395,
-1709743,
-50850716,
-41412596,
20542738,
6988363,
-693645,
-16057625,
-19242372,
-6488694,
-5543301,
-10741675,
-19726108,
14003005,
12682460,
-15850888,
-11775852,
-25824180,
-55782768,
-20273180,
26746048,
10187448,
-1391100,
191461,
-12963542,
-7314097,
-11298025,
-16712053,
-18287442,
19074828,
1768541,
-14167348,
-9825075,
-8282619,
-45689360,
-32121710,
24567382,
21654944,
1435902,
577047,
-21668052,
-10125311,
-15040600,
-13315091,
-1987932,
21302996,
-8140141,
-12719706,
-825682,
-11026540,
-43741528,
-44705192,
20659556,
27131810,
-1023409,
-11422278,
-21290052,
-17542016,
-11773703,
666749,
-6553459,
6143445,
-19032892,
-23005004,
-7701741,
-7241762,
-27728704,
-41928540,
34913792,
14125996,
-12621850,
-21155152,
-31743304,
-11476692,
-12985235,
-11979923,
-14185130,
-5800562,
-16301060,
-12618244,
-14488047,
-22812452,
-23745796,
-42287948,
30859688,
-8547498,
-20961570,
-33319336,
-32979640,
-3500496,
-29694484,
-26766188,
-6571849,
-15434856,
-11461723,
-5886692,
-40144952,
-31163150,
-22462704,
-34923632,
16439185,
-11060183,
-19575464,
-18357832,
-18929224,
-6648657,
-26474980,
-14672139,
-829537,
-20940416,
-9014858,
-2598590,
-36015712,
-33637640,
-15483583,
-12353906,
2454288,
8223240,
18887072,
18716296,
11719887,
2057605,
6952084,
18892544,
28791780,
21835598,
10204258,
11859785,
6598643,
15391214,
13972436,
1713839,
-4341586,
5358279,
12151719,
5309688,
6260482,
19672834,
18533382,
33152024,
26023700,
56198064,
38658740,
9705750,
-6019629,
180020,
-4686616,
5375293,
-18551586,
-26767418,
-41619488,
-43665536,
-30212096,
-19832966,
-14937978,
-21887984,
-29954176,
-19635962,
-14633933,
-29558008,
-32503484,
-31818204,
-28102790,
-13245865,
-14372996,
-41594220,
-49954464,
-51488384,
-63711072,
-54816976,
-33936136,
-35115952,
-55851476,
-60383608,
-54588824,
-60759492,
-38873320,
-39838376,
-34549128,
-30058062,
-13640235,
-27218254,
-34123400,
-21936826,
-22966244,
-36758252,
-57792504,
-52546488,
-49591480,
-57796684,
-72896904,
-65368164,
-53186576,
-45949668,
-51551484,
-37703904,
-27894710,
-34637512,
-32315994,
-10471179,
-29444668,
-53320028,
-79425744,
-68920800,
-59614184,
-55740516,
-60253016,
-51440960,
-47210400,
-60433024,
-59741792,
-34085840,
-21757388,
-32343406,
-29477568,
-25452108,
-42721540,
-49078808,
-46952764,
-38629128,
-42162480,
-37829652,
-34355896,
-31480882,
-28328206,
-11247383,
-8408761,
-14103724,
-16129094,
-32623322,
-44976976,
-59440376,
-59812608,
-61742256,
-51947024,
-47462412,
-46593896,
-42685812,
-27847920,
-29642996,
-18960906,
-785978,
-19662178,
-23221304,
-4428535,
-33724388,
-58922372,
-65868816,
-71698712,
-65432536,
-62583800,
-58068356,
-53240600,
-56045676,
-36120592,
-40434956,
-27867938,
-55643688,
-85350912,
-61329180,
-20921832,
-37255156,
-39274436,
-48012564,
-41134736,
-29643566,
-34380600,
-53860144,
-60547288,
-45621076,
-45418240,
-38420536,
-35532808,
-42745792,
-54761200,
-34018160,
-28539342,
-34827532,
-30933342,
-32740066,
-36864004,
-42789976,
-56666400,
-63848096,
-57554852,
-46869468,
-45676964,
-39538344,
-35633536,
-23472200,
-15068488,
4786081,
-6647471,
-21446102,
-40414184,
-15016264,
-32240426,
-36226112,
-52928308,
-50111336,
-34084428,
-31727726,
-52213164,
-66171952,
-52276272,
-40319856,
-26110450,
-4350227,
18476624,
8962763,
-5982425,
-3456997,
-28552578,
-25115402,
-19694712,
-24533896,
-33433688,
-35844488,
-47780356,
-57508528,
-48457376,
-52149056,
-34762232,
-17797668,
32040960,
19197558,
-10627561,
-29267340,
-27286038,
-29357644,
-22435812,
-15298377,
-14242231,
-28471656,
-21696304,
-12544139,
-36703312,
-51697392,
-52602452,
-35636368,
-16382948,
-54597528,
-62703016,
-83276656,
-55401416,
-51438976,
-66323616,
-58916992,
-27382362,
-45322360,
-43000168,
-43686412,
-34666176,
-63316424,
-63817744,
-43595820,
-34986872,
-66790748,
-79805808,
-83712912,
-66185992,
-69822008,
-64910940,
-61771816,
-56363800,
-69826640,
-64690024,
-68688736,
-62129436,
-67358144,
-56324288,
-30118532,
-50557680,
-63554424,
-41145120,
-40886908,
-33108846,
-33066502,
-30466178,
-7270152,
-9946810,
-2008624,
-1265364,
-9604611,
-14327945,
-3075878,
-8643447,
-17235410,
-63724864,
-81520840,
-54964456,
-55352232,
-51744544,
-42050252,
-38491536,
-15533946,
-33337760,
-10432629,
-31065062,
-31601098,
-51506216,
-35900676,
-41115544,
-49406144,
-56998760,
-73192560,
-35538284,
-43131720,
-38985912,
-37138808,
-30457296,
-8826721,
-28092578,
-14522838,
-29852240,
-28547390,
-41732264,
-47917720,
-53268268,
-61418984,
-50637324,
-46870748,
-22406476,
-18593778,
-14888400,
-30334322,
-23209364,
-4930992,
-15046434,
-9404520,
-21371888,
-29617426,
-32174392,
-44428288,
-45460568,
-60913268,
-55027704,
-45460824,
-20014108,
-34346064,
-23889666,
-28423928,
-21433144,
-4416594,
-3844895,
-5413881,
-17171150,
-20165586,
-26158922,
-23328536,
-36849836,
-54812812,
-36819968,
-36978960,
-16192500,
-36086776,
-38832476,
-24283798,
-19580258,
-10074043,
-7667443,
-11160772,
-7474658,
-14440464,
-17841744,
-6652345,
-11857821,
-35884356,
-20224672,
-30384648,
-21053834,
-32582428,
-42263704,
-30490548,
-35310688,
-17352432,
-14224317,
-7094835,
-17632454,
-18670480,
-23144028,
-20291376,
-23840800,
-27274818,
-35494232,
-43855488,
-34400300,
-27066660,
-30607808,
-37609568,
-40362656,
-37142888,
-34936580,
-17838294,
-24719940,
-21069410,
-27570354,
-47118392,
-26935328,
-36718432,
-40082760,
-52051456,
-41729104,
-28272110,
-31621030,
-27301674,
-43165248,
-39434552,
-33992928,
-21756934,
-33670500,
-16521040,
-27625546,
-42895736,
-13901770,
-45018472,
-41806680,
-47041508,
-37782080,
-40051760,
-33515092,
-28961522,
-29889268,
-36835480,
-34544160,
-46047536,
-50279316,
-22450082,
-29040036,
-35735724,
-8134681,
-47275712,
-39366412,
-45016192,
-21730328,
-23926794,
-23738272,
-22603506,
-38544720,
-28356222,
-26543678,
-39859532,
-52389616,
-23979536,
-22941450,
-22504818,
-17361434,
-47018064,
-37310432,
-34733800,
-7364074,
-19025716,
-16512489,
-17537020,
-31743442,
-35054444,
-36215904,
-36216112,
-41026488,
-15761188,
-23109142,
-21237012,
-35453288,
-52984072,
-37883528,
-26622898,
-15233633,
-15638366,
-22146032,
-23438814,
-35219280,
-41780124,
-33872900,
-29608722,
-9862948,
-1464402,
-21273714,
-32303278,
-51582216,
-60481592,
-39909016,
-27406912,
-24790828,
-11431519,
-19730354,
-28637494,
-34325460,
-36586328,
-31870384,
-21667470,
-8935727,
4673402,
-25828732,
-32368090,
-54165360,
-63343716,
-50092412,
-34565408,
-19482438,
-17847488,
-20113358,
-34958520,
-32419870,
-35380808,
-37221280,
-25350086,
-7481039,
2980097,
-9112116,
-29247876,
-41710200,
-59193920,
-19466904,
-3114679,
8465179,
-310976,
1294831,
-15712292,
-7773221,
-10179088,
-10074388,
9724799,
11127061,
17463360,
15807264,
1272198,
-3815741,
-24177740,
7812126,
437016,
2976812,
-5658115,
-14167406,
-24820014,
-32259660,
-30213164,
-35333392,
-46766328,
-53791456,
-41442072,
-42670536,
-41169888,
-27569632,
-18508902,
-8750971,
-14443454,
-9446262,
-11900234,
-11178242,
-24131416,
-35746888,
-39892464,
-52876944,
-62457712,
-64662736,
-50664968,
-58297536,
-51423172,
-41625168,
-31456168,
-5582630,
-4062423,
5540959,
-5373059,
5354735,
4103162,
103749,
-9323177,
-21840722,
-27234474,
-29721924,
-22617420,
-31721858,
-29872628,
-22408814,
-23800006,
1992178,
10362347,
9803743,
10377907,
12990686,
11857527,
20766318,
2919752,
-6472898,
10712588,
3731125,
368812,
-2642097,
-7857475,
-1245942,
-14827065,
-3042886,
1191543,
14508934,
20702172,
18111428,
12118143,
6274058,
2600453,
5241430,
22345180,
14640988,
13472665,
8282790,
14789588,
12370462,
-4461715,
4613226,
2144545,
16137932,
24228232,
24771058,
26100864,
14847915,
7664271,
-1258110,
11394115,
13644089,
20416710,
22810618,
28147258,
35982352,
8758282,
2479565,
6944885,
13428544,
22799966,
21654708,
20008756,
601170,
4378798,
4643201,
11662701,
9878416,
20957942,
23890540,
38277216,
38165388,
13554518,
-1954174,
8935272,
14608644,
22857562,
22827286,
15081360,
16248973,
11459700,
5081892,
13229567,
14406082,
27814398,
37422888,
46042324,
29738084,
15042855,
7961302,
17295660,
25269020,
33654888,
22355942,
20931130,
9473640,
10210301,
9074497,
17898860,
14515618,
28280334,
42063464,
52518844,
47843424,
19540450,
1602513,
14424842,
26608344,
18218374,
8690410,
8261193,
9562108,
8345364,
5556584,
18060748,
19929294,
20012160,
30604678,
40261596,
32817274,
6187258,
-5317875,
-1796668,
10191544,
11172799,
18912964,
28002890,
21708204,
15093710,
10785653,
8898865,
15204176,
17056884,
17730530,
21270068,
4747660,
-3009624,
-17750268,
-4337952,
998070,
22207192,
23464910,
32461966,
29470556,
26551396,
8077714,
3344095,
3438836,
6818997,
6186016,
8651374,
9228553,
2866795,
-5212701,
2091877,
5261029,
29531420,
37651904,
36918752,
34681824,
19000292,
11090705,
12684340,
7792373,
-6201282,
-2908516,
4997498,
7612636,
6775560,
-3913534,
2312780,
11929632,
28410772,
32034210,
33401428,
23703986,
18725218,
19517526,
12529533,
4528030,
-4743156,
-7755977,
1156973,
20328016,
10872515,
-13308052,
-10422718,
1069400,
4931832,
11453552,
11219182,
15197436,
7240355,
-3107655,
-12297470,
-13314511,
-13073607,
-26682952,
-20968624,
1220134,
-1381355,
6384465,
12055243,
18206092,
21639252,
14240881,
21864712,
20938636,
10931853,
14194592,
16488640,
8532948,
8942170,
6494234,
5646895,
18002472,
7727697,
17450472,
3100057,
4477626,
2070260,
-9644074,
-3732078,
1910816,
3658388,
-3741203,
-18374440,
54508,
13125893,
-8069166,
8884712,
-12843265,
-27828830,
18734204,
10793691,
-1367037,
-11780778,
-14953996,
-6663922,
-1763518,
-2173120,
4120517,
-17699406,
-14381114,
11896134,
-12120537,
7108658,
-13634651,
-38671944,
30857344,
14088357,
-8667418,
-12926756,
-12456139,
-1392744,
-2274385,
-16124378,
4316578,
-12457563,
-32309552,
-5370005,
-12988415,
8551206,
-6935892,
-51730444,
24214304,
-1784911,
-18198802,
-9366309,
2230536,
3769121,
-4221808,
-42261684,
-9894509,
-1958909,
-29011838,
-21615176,
-10356888,
11884392,
-1478015,
-41802296,
19602092,
-3231218,
-9737331,
-2422356,
-8094711,
-12707681,
-3041270,
-42383632,
-5519040,
-2021717,
-18771780,
-15907144,
-12864422,
7806336,
-3954498,
-41103896,
14847334,
-576578,
8613251,
9465415,
-14738731,
-28731408,
-2777283,
-17810162,
-3717125,
-11232737,
-31081362,
-7702238,
-11475212,
4090040,
-8374224,
-40344464,
6640598,
6745495,
378218,
-12054944,
-20769008,
-26337556,
-14506088,
-8780633,
1918652,
-5899800,
-20303742,
-9798777,
-3042265,
-29832,
-22563348,
-48962168,
9595038,
18884244,
4102201,
-19570704,
-28104464,
-20637736,
-11236447,
594742,
-3595731,
5229013,
-9829751,
-25070268,
-1418538,
5372109,
-37401016,
-53107296,
13160766,
2248754,
1773238,
-16217085,
-23111196,
-17215860,
-13624768,
-2658387,
-17986012,
14531965,
1434300,
-28117504,
1129495,
-1258528,
-52393160,
-40098756,
21926804,
8301883,
-1408932,
-16321293,
-20606566,
-6513910,
-4573835,
-10158366,
-20052624,
14871232,
11679832,
-14996283,
-9930899,
-27419808,
-54750296,
-21031472,
27751496,
8592755,
-2395294,
-1031170,
-12230722,
-7166385,
-10067777,
-16781404,
-15376866,
19850994,
1466445,
-13511508,
-11353314,
-9440877,
-47061200,
-31234252,
23390184,
20885254,
2059101,
2158374,
-21639022,
-9373754,
-14873519,
-14353401,
-2480300,
19024726,
-8731998,
-14538638,
-2505927,
-11758836,
-41680560,
-47130440,
20067556,
28819436,
-434051,
-11752747,
-21926968,
-20139606,
-10307693,
2509478,
-8283580,
6062708,
-19751472,
-20249274,
-8874367,
-5468575,
-25733964,
-44182372,
34737936,
13269038,
-10884558,
-21437856,
-33569288,
-9439787,
-14220301,
-15849817,
-13952833,
-6040480,
-16890732,
-11963681,
-12525223,
-23954188,
-26787370,
-41424308,
30693972,
-7284502,
-20078560,
-35605416,
-30412020,
-2853379,
-29606196,
-24700990,
-5453640,
-15493204,
-11378529,
-5914569,
-39206656,
-29123628,
-22714276,
-36746872,
15848755,
-11769655,
-20985496,
-16645095,
-19392216,
-6894393,
-26800694,
-15968209,
-2326378,
-21297612,
-8443824,
-2018138,
-37353584,
-36298592,
-15409060,
-11923017,
4306557,
8383934,
19812288,
19958128,
11076028,
3909947,
4539323,
20181722,
26795572,
23398256,
11009811,
13811416,
6664913,
14895403,
14853285,
2757253,
-1767427,
5997441,
12777816,
1044467,
8807060,
17434052,
21150360,
31101540,
26695620,
56652008,
40392900,
8790972,
-6105557,
-1765016,
-3028021,
7153274,
-18946100,
-26336260,
-41677232,
-39627396,
-30358204,
-16242920,
-18208928,
-19406388,
-29959960,
-17932380,
-14496665,
-30586500,
-30085950,
-30862592,
-27894752,
-14932939,
-13840104,
-39269944,
-50000876,
-51058976,
-62822544,
-54659632,
-33917656,
-35433796,
-53347304,
-62042936,
-55504088,
-56357344,
-40292276,
-37313884,
-35063616,
-27789144,
-10420085,
-27903388,
-36110196,
-18471232,
-25371684,
-36373108,
-56736168,
-50707488,
-49813004,
-59589000,
-72644944,
-67009152,
-50163156,
-47186512,
-49659648,
-37826760,
-25609092,
-37611420,
-29751052,
-10730905,
-25866168,
-53867324,
-79094024,
-68304512,
-57044924,
-55772068,
-58469664,
-49549748,
-48326456,
-58875228,
-56693676,
-34859872,
-18676066,
-35559828,
-28699080,
-25581186,
-42070356,
-48187664,
-43844452,
-39435800,
-42489188,
-36291240,
-33655680,
-32865976,
-27204444,
-9965444,
-8693583,
-14302774,
-17663024,
-31822872,
-44422824,
-58830196,
-60159332,
-58430252,
-54686732,
-48928988,
-45079892,
-42263568,
-26418658,
-31342504,
-16452974,
-1340319,
-19725288,
-23686018,
-3774948,
-30062256,
-57803900,
-67341520,
-71087136,
-66977212,
-58717596,
-58813588,
-51844180,
-53255052,
-37313060,
-36629548,
-28237898,
-53889680,
-85844368,
-60029644,
-14988967,
-37851624,
-39418752,
-47562816,
-40485884,
-27646704,
-34535412,
-53446400,
-60488332,
-44933484,
-45949124,
-35679940,
-33386492,
-44009952,
-53629496,
-34637836,
-28095484,
-35719212,
-31032530,
-31443084,
-37324736,
-40845664,
-54346492,
-61686844,
-57939932,
-45907416,
-43617848,
-38519492,
-36391172,
-26008576,
-13483300,
5683525,
-5987232,
-21695894,
-39326752,
-15625930,
-33005072,
-34948460,
-52517472,
-49604100,
-33391636,
-32559814,
-53242472,
-68979680,
-52987068,
-37572736,
-23171416,
-6496108,
17401452,
10173708,
-3922786,
-2593141,
-28230872,
-24867808,
-19377532,
-24237974,
-30781598,
-36151208,
-48451660,
-54654444,
-48550776,
-50724292,
-38122660,
-12696565,
35767908,
19512780,
-10247405,
-33859352,
-24815014,
-30193708,
-22577180,
-15035667,
-14986937,
-26139392,
-19092268,
-15370975,
-34304500,
-51872004,
-51109812,
-36852824,
-15345011,
-53612584,
-63313336,
-80395536,
-53378432,
-51411520,
-64881676,
-58618656,
-27239168,
-44993176,
-43475716,
-41858832,
-34092864,
-62430672,
-63246208,
-43846840,
-35470264,
-68917120,
-80494176,
-84338184,
-67966296,
-69472280,
-67533824,
-62964664,
-56918096,
-71225984,
-67176104,
-68725376,
-64973636,
-68244192,
-58447744,
-32195436,
-47680948,
-66026048,
-40747264,
-39813528,
-34679744,
-30644040,
-32773306,
-5848524,
-9788032,
-993367,
-2205863,
-7369370,
-15396589,
-997899,
-8014341,
-21078188,
-63602588,
-78807648,
-54201192,
-55199760,
-49865472,
-41048760,
-36149608,
-14804269,
-34222224,
-9105329,
-30426186,
-32570260,
-51665144,
-33998968,
-38872112,
-46693520,
-58471412,
-69224032,
-35594888,
-44491324,
-34955336,
-38451676,
-31635464,
-7761470,
-28253160,
-15703217,
-25108746,
-30112558,
-41722480,
-50509416,
-53119352,
-60155200,
-49718240,
-46457576,
-22241476,
-18881242,
-16686116,
-30449520,
-20608964,
-7123430,
-13574401,
-9125423,
-18358670,
-30070410,
-29356656,
-44816184,
-44734936,
-62907476,
-50724488,
-47466108,
-16182475,
-33621836,
-23288332,
-29116664,
-19786800,
-3813067,
-2927884,
-5350368,
-18541560,
-15388756,
-27014344,
-20349638,
-39174024,
-54501060,
-36534264,
-36013068,
-17026678,
-34014648,
-37099624,
-25345376,
-22558858,
-7952363,
-5762734,
-11406278,
-7108901,
-15617832,
-13487496,
-6810983,
-9416876,
-39149432,
-18424100,
-31642920,
-20713198,
-30734544,
-41337112,
-28963540,
-35215808,
-17526772,
-14719698,
-5156334,
-19978346,
-16651263,
-21651212,
-18051004,
-23948662,
-29185168,
-34483468,
-42245652,
-33580784,
-27161832,
-28595464,
-38519440,
-38653404,
-39207920,
-31546392,
-17692262,
-23338928,
-24131980,
-26350804,
-47241012,
-25381834,
-35982788,
-37482924,
-51853788,
-42386456,
-25920568,
-32506628,
-25760320,
-43206620,
-39323364,
-33576692,
-21431392,
-33100580,
-14764583,
-28545058,
-45883440,
-14327387,
-44227328,
-40746784,
-48553944,
-35797744,
-41312008,
-31344072,
-27823884,
-32263936,
-35598392,
-35682244,
-41886040,
-52734232,
-20702528,
-28619964,
-34596028,
-7111069,
-47565768,
-40071416,
-42654168,
-19748076,
-24686552,
-24240468,
-18593128,
-38386352,
-31279540,
-27560984,
-40812328,
-50845208,
-23150412,
-21430352,
-22099558,
-18685856,
-47054280,
-34925568,
-34540092,
-11218867,
-14246173,
-18353264,
-17992512,
-29519466,
-33271584,
-37011252,
-36871540,
-39108448,
-13975315,
-23568324,
-18885764,
-34008872,
-53129368,
-36404024,
-25800744,
-15986026,
-15205117,
-20454428,
-23620328,
-34738000,
-39261016,
-33314168,
-29067312,
-11193344,
-4500122,
-18228552,
-31380632,
-50113284,
-61284216,
-41703564,
-28351776,
-21271196,
-13130769,
-17954244,
-27977248,
-34062936,
-36839076,
-28681940,
-21573976,
-9713031,
6210221,
-25119168,
-32285836,
-52835952,
-62951524,
-45223020,
-34969856,
-16355404,
-18907452,
-18316152,
-35654276,
-31695302,
-32401016,
-37207236,
-23611604,
-3534023,
3141915,
-7425468,
-30201180,
-39467364,
-59372944,
-20362236,
-3252614,
5179231,
-817035,
-2043601,
-15360576,
-9747739,
-12375008,
-12226165,
7965844,
9750669,
18725350,
15253542,
-874388,
-4930908,
-26012828,
7005480,
1214449,
1276449,
-4149818,
-16001633,
-24844908,
-32437592,
-31357688,
-33684536,
-47801968,
-53020204,
-40734608,
-42931112,
-41219816,
-28128460,
-19089428,
-9017281,
-14836661,
-8803199,
-14831182,
-9292271,
-25131202,
-35782744,
-39768512,
-52880972,
-63060440,
-64373212,
-51335664,
-57529896,
-52108868,
-40006248,
-31653484,
-5766159,
-4948797,
5000206,
-4129286,
3451944,
3381342,
2475041,
-10910444,
-21532712,
-27921390,
-29438380,
-23586324,
-31697968,
-29802740,
-22694540,
-23900364,
2914902,
9110319,
9969580,
8874630,
13196627,
12576057,
18497278,
2744130,
-5067033,
7587983,
3710996,
414975,
-3074520,
-8422715,
-2201306,
-11853004,
-3197851,
1984134,
13806831,
19646912,
19716320,
7994857,
8468198,
1059030,
4141233,
23287234,
14877694,
11076751,
8500488,
14891181,
12590339,
-6185612,
4500588,
1463963,
15935610,
23292280,
23864444,
28467804,
13286130,
7186869,
-657292,
10960951,
13166875,
20061842,
22553286,
27958658,
34418392,
10461536,
2788659,
7723083,
11990089,
21160720,
23179516,
17851064,
2893501,
2213798,
3506696,
12600191,
10260068,
19281604,
24096246,
37614648,
37592632,
15938287,
-496679,
7841673,
14747838,
22503050,
21272482,
14419066,
14445894,
11951642,
5185190,
13493022,
13226252,
27892036,
36259936,
46918900,
29621092,
14428157,
7442715,
18023476,
25356740,
31049686,
23728658,
20330406,
10127310,
10350658,
7222528,
16618601,
15664616,
27085416,
41136448,
52501992,
45914384,
21571316,
4703731,
12626371,
24699438,
19746166,
7497721,
9008497,
8104469,
8429821,
6824964,
15932353,
21184984,
20215252,
28790878,
40547844,
31240470,
8476313,
-5469037,
-1979169,
10079715,
10867185,
19015308,
26910726,
21424808,
15598220,
8927539,
10101402,
13972516,
14923899,
16684529,
22583844,
3599153,
-2591826,
-18271996,
-5264820,
1806920,
20972312,
23923734,
30982400,
29738844,
25328028,
8185415,
2378079,
3504991,
4326632,
7435181,
8595237,
7139348,
5550787,
-3350793,
2743765,
3630067,
29604884,
35846112,
38140032,
33683216,
19709282,
10295088,
11992826,
7846053,
-5095980,
-3451990,
3512781,
8039943,
6548861,
-3872212,
2497096,
10583391,
28579748,
31459800,
32761396,
22868026,
18929334,
17152246,
13486773,
4604113,
-6157585,
-7746215,
943304,
19512820,
11986397,
-12084215,
-11243601,
1077943,
6101490,
9897033,
13421030,
13854077,
6890634,
-2513013,
-12081933,
-14909596,
-13932689,
-26323550,
-22080556,
2138891,
-1340416,
4728884,
9915868,
18325364,
19868548,
12088965,
19929340,
19625908,
9815900,
12739811,
14743747,
8460766,
6361554,
5572191,
5655135,
15221783,
7819542,
-10262925,
21204500,
8583587,
11207122,
-1911458,
4075961,
16316343,
10011595,
-1514503,
-6405043,
-469365,
5213817,
4336321,
4659440,
-14022896,
-13883844,
-149382,
20041040,
-102195,
-1037773,
-6502650,
1549980,
3253737,
5558883,
-4692631,
-5338502,
-22148776,
-1015230,
-2189149,
8641730,
-17433742,
-26674528,
8754894,
10858691,
-10628064,
-12601128,
-10534421,
332472,
-692769,
-12008789,
-13011195,
-5540409,
-33563736,
-15535436,
-5629298,
3838643,
-15533981,
-28946720,
2293378,
4565586,
-15104229,
-11369060,
-13371950,
-2972645,
-9973972,
-25240646,
-28347060,
1402970,
-36622840,
-21341212,
-7082671,
54696,
-14757806,
-19901998,
2528778,
8918176,
-18768676,
-1541906,
-20570936,
-7575222,
-5999171,
-26583276,
-20671982,
-13313601,
-30874820,
-19842420,
-8048893,
-2329882,
-22055366,
-23359538,
2018838,
-5020101,
-13444731,
-4837972,
-11604426,
-6500648,
-6373502,
-20396130,
-16018745,
-16851220,
-29650008,
-18807204,
-18590428,
-6179627,
-24838088,
-24676632,
-5463904,
-2841467,
-12382340,
-21922152,
-15760819,
-15765388,
-13285451,
-4399135,
2098541,
-12210073,
-23509934,
-25363408,
-16571323,
-7012195,
-27089592,
-31699578,
-7891150,
-2294477,
-9395102,
-19392220,
-27659012,
-14373883,
-10965304,
-1898767,
-4975611,
-281798,
-9978731,
-35940548,
-16093274,
-4729352,
-40001032,
-27541894,
-18332136,
-4996716,
-9499318,
-16568716,
-24726656,
-20176300,
-17016680,
-8540453,
-6854130,
1784159,
-3345925,
-38555544,
-11397347,
-10960319,
-43828328,
-16013490,
-5144335,
2042844,
-6529524,
-11505411,
-20769920,
-11152671,
-14735814,
-11901132,
-8498869,
703176,
9752916,
-20681226,
-21295564,
-18939052,
-41848288,
-13743823,
7394101,
6060255,
-4133634,
-12602682,
-17144316,
-16040045,
-19548464,
-11977360,
-9000929,
-517041,
643476,
-7465777,
-9477880,
-13181428,
-46419416,
-18797300,
8285161,
22527088,
-9179960,
-20409510,
-18501012,
-15424035,
-9735302,
-13101073,
2925339,
5311851,
-7463835,
-13203991,
-11026693,
-16215582,
-46496624,
-31260752,
4969298,
12941413,
-8109121,
-19800672,
-23339184,
-22640172,
-8142997,
-11852100,
7034773,
4943717,
-11547919,
-25362672,
-23850154,
-14458976,
-47496908,
-17571668,
16347559,
7042633,
-15038970,
-22408680,
-30238200,
-17153682,
-10146956,
-17445420,
-1284310,
-14694986,
-11748254,
-17795378,
-33278744,
-33694652,
-40149192,
-13987446,
9100012,
-2103201,
-25400920,
-29211988,
-26831184,
-19750168,
-21604828,
-20785716,
1115339,
-17389860,
-7436942,
-11876223,
-43033728,
-38734916,
-30667712,
-7513515,
10066854,
-14995668,
-27589776,
-17687394,
-26038108,
-16910436,
-15154206,
-20251948,
-5111275,
-19149122,
-13308960,
-6715978,
-37901988,
-41504036,
-24819926,
-8016627,
17084010,
28030444,
37635688,
31323912,
31233350,
31383200,
40137964,
46216928,
53774404,
55047720,
46316392,
42245108,
33255544,
39572560,
35867152,
23635324,
15227562,
21349560,
17897694,
15355377,
-4022813,
12766558,
4594135,
23787564,
14904809,
38692304,
10165884,
16512974,
-17221878,
-8189814,
-8459115,
-5275893,
-1708442,
-23964444,
-22102968,
-31683408,
-20470584,
-10319426,
-19575908,
-28630294,
-35461348,
-25896260,
-33810680,
-30810786,
-29473488,
-23599228,
-34101224,
-20258030,
1835416,
-1856225,
-14409911,
-5513126,
-10290019,
-18857604,
-9287033,
-15260515,
-25363566,
-35128760,
-38318040,
-50561736,
-20005100,
-24656100,
-8522520,
-10762810,
5441965,
9363236,
-18333300,
-13835620,
-18982392,
-19961224,
-15212888,
-15854587,
-9153789,
-11735754,
-33448504,
-39720440,
-35894464,
-15360182,
-7189023,
-467218,
4094457,
-3938341,
-29882000,
-22717642,
-26843220,
-20138740,
-25888982,
-28279360,
-40148448,
-19820606,
-26370896,
-14172710,
-19671072,
-17710092,
-29109780,
-9439853,
2741396,
1082542,
-480282,
3075668,
-5436693,
-25652188,
-31914142,
-29889864,
-27512656,
-10042846,
8997136,
-4804679,
-8578100,
-23710712,
1687192,
-6955190,
-12392002,
-19230036,
-9019171,
-11985104,
-5353204,
-24050360,
-23663180,
-34860144,
-47973004,
-30679086,
-13569592,
-3545412,
7347840,
-1181492,
-22720238,
-15038813,
-3206059,
-4733481,
-19212340,
-32782036,
-34458096,
-30162888,
-22062828,
-24015320,
-24126596,
-29013554,
-17530744,
-19212030,
6821578,
-18449772,
-48966644,
-36038132,
223561,
-286468,
144418,
-10844333,
-26223996,
-18226600,
-15803223,
-17609508,
-21848016,
-23333066,
-31056072,
-10764337,
2950797,
8951187,
-1625531,
2801459,
4105831,
-9561908,
-2108155,
-11136836,
-16171562,
-21489048,
-28759652,
-25221704,
-21846586,
-13360515,
-23410584,
-8715749,
-9892536,
2445540,
-4492181,
10272797,
-3489734,
2987489,
-13669403,
-1873516,
-20987220,
-18259260,
-36254432,
-12190238,
14498440,
21146184,
71884,
-25204500,
-23995984,
-24193868,
-14688130,
-5710277,
-2968221,
13195148,
-10603098,
13071850,
1463690,
-3555391,
2418277,
-19557082,
-38932152,
-30952880,
-24233374,
-16797588,
-22767070,
-28009800,
-29226912,
-14265324,
34557360,
28253076,
10378031,
-3368460,
-8402055,
-10812033,
-20540028,
-4187424,
2831246,
5549264,
24684986,
27958426,
26646804,
6137449,
-14211372,
5289832,
-13972909,
-51404944,
-38745064,
-52966216,
-25363664,
-24679884,
-30819924,
-33488344,
-16988456,
-38383236,
-18091434,
-33737336,
-10009120,
-33883524,
-35098968,
-24025830,
-18843096,
-49579944,
-50137880,
-54569152,
-46653016,
-45903764,
-28862300,
-34148440,
-39769332,
-51628576,
-51463256,
-71280088,
-61501944,
-62332508,
-36316132,
-9063295,
-34340200,
-61575704,
-52437660,
-43499224,
-52767180,
-35546192,
-41422048,
-31090632,
-27513238,
-6601929,
-12283756,
-15380073,
-14121944,
-15577936,
-41594536,
-17953924,
-44051400,
-84458624,
-65458608,
-57849672,
-60134560,
-50785464,
-41086488,
-40802484,
-35563356,
-24799240,
-35200580,
-37249656,
-38362236,
-36984104,
-62497120,
-37944084,
-39206804,
-69658624,
-60531788,
-49172948,
-53673904,
-42985136,
-31597414,
-31381800,
-22895570,
-37675504,
-25203384,
-46638600,
-42248608,
-57457956,
-61288016,
-29218408,
-42271024,
-57970792,
-44062160,
-47556720,
-41331268,
-57153224,
-41900812,
-36755912,
-19833594,
-45578648,
-32737398,
-41554792,
-46361072,
-65404752,
-71503600,
-38738672,
-48244480,
-61426344,
-44948296,
-53210924,
-49942224,
-58053240,
-38030220,
-37875040,
-20707236,
-41616608,
-27311178,
-35018032,
-41661520,
-49293936,
-68248608,
-28253938,
-28591352,
-40754392,
-36228368,
-53974940,
-51885152,
-56887456,
-42682880,
-37790256,
-29457356,
-42654512,
-35745092,
-34135084,
-35526852,
-41253572,
-65454264,
-25780404,
-36239664,
-42175396,
-45033896,
-47301632,
-47792836,
-67493104,
-47751744,
-44249648,
-37477336,
-41300172,
-40677692,
-41502904,
-27439072,
-54014700,
-71613192,
-32041500,
-42261444,
-70684928,
-55535740,
-53816792,
-41541868,
-52017792,
-46351024,
-55260080,
-43922640,
-49638032,
-44771816,
-47741848,
-40557856,
-58996340,
-53374536,
-25043438,
-37460904,
-65785684,
-51120256,
-58582944,
-43641120,
-59927660,
-51855640,
-44832400,
-43636664,
-46691140,
-47807648,
-49239792,
-45562208,
-49583952,
-42608248,
-17437910,
-26568664,
-59964592,
-48945408,
-57252280,
-50437336,
-53231116,
-52999836,
-39209496,
-39580580,
-52884192,
-59170232,
-57639124,
-57330520,
-53896960,
-59811400,
-31276524,
-33897528,
-56247716,
-38716568,
-37318824,
-36381344,
-46910332,
-52327984,
-42683200,
-48162252,
-46677408,
-62225488,
-49819992,
-37336816,
-50395996,
-64455428,
-21069982,
-20859894,
-53237096,
-39243488,
-34678892,
-37651552,
-31693900,
-48049292,
-51604648,
-56986928,
-55747756,
-46604180,
-33469650,
-35526992,
-56501468,
-64291032,
-34434392,
-22402914,
-57972732,
-54725200,
-42202724,
-38739284,
-42336876,
-50953072,
-44933432,
-58012336,
-43659264,
-40482364,
-28450404,
-35793388,
-45891936,
-67017184,
-39438212,
-25129592,
-59338884,
-39023224,
-40645556,
-34019644,
-40085716,
-46962568,
-36075236,
-58952564,
-56270984,
-37973072,
-45600520,
-43096188,
-53123352,
-64078340,
-38306952,
-34580440,
-65210816,
-40784688,
-47663928,
-46579268,
-52392132,
-52406500,
-41922776,
-53188772,
-46578908,
-25924304,
-50528328,
-32688968,
-47291080,
-72051448,
-40698244,
-15899048,
-28852912,
-7123753,
-13011586,
-19741416,
-19045108,
-21765480,
-20169992,
-23435928,
-5408436,
-451188,
-22515354,
-5296045,
-13829708,
-24402680,
-14677723,
14769368,
17946578,
24665872,
6059519,
6917436,
-6360405,
-16079685,
-17917162,
-27377826,
-34209680,
-35022060,
-24408082,
-27137606,
-26767144,
-17375184,
-9220319,
10179526,
13226627,
35048828,
24345348,
16628504,
16542274,
-3663653,
3577599,
-22818994,
-14426508,
-15190529,
8215999,
-2519592,
885403,
-8907432,
-11416644,
15491504,
18820026,
29361032,
32596454,
46589916,
38494348,
34579472,
35831580,
15466680,
31895792,
15263299,
21514790,
13931188,
25499530,
12857463,
-1818554,
15097892,
20641768,
10376010,
13442489,
28555652,
27384026,
38099176,
28892658,
19800230,
38349112,
33458824,
21939594,
21617582,
5169364,
16963100,
1008103,
11105521,
11899020,
37500912,
30229400,
31057578,
28503034,
31377150,
23344818,
27388948,
42625248,
33781256,
28481488,
22526986,
36577864,
43015204,
14798136,
24973740,
20270118,
31665394,
50420868,
45985080,
49034220,
36538256,
28567604,
29995260,
27799418,
20002424,
18200688,
27763948,
33653088,
36279104,
13739138,
12710577,
21058822,
27090990,
34574952,
31216502,
40088780,
20690724,
23452866,
20095896,
29983600,
21372910,
30380826,
21029640,
33001794,
27561068,
13468522,
13881501,
21189160,
31763614,
42788880,
49735264,
41573712,
35399240,
34036420,
24640184,
32656106,
27168554,
41465512,
51727488,
64696212,
57018060,
29203278,
28151486,
32893602,
43316224,
45055280,
28261888,
36510552,
28265720,
18963012,
24135962,
31435690,
38157904,
43949888,
63829732,
60921976,
76378352,
39556488,
22727322,
29691290,
39376080,
29656688,
20079654,
18951420,
27500758,
22388666,
21625166,
23449442,
23615684,
34109512,
37706816,
31982932,
32289428,
6645979,
8990587,
5302334,
23348076,
14113455,
30112188,
42839080,
30779738,
24213396,
18462814,
24630028,
24779160,
39732048,
38678488,
35426608,
22615254,
2213901,
902822,
2018341,
11935565,
25188866,
23326270,
31603610,
27423310,
33458426,
12747885,
11907594,
13920865,
25923748,
13403861,
31793882,
20256800,
16704716,
3145181,
4329247,
12805746,
47134912,
46627980,
47030840,
35084512,
30856750,
27206860,
23132446,
8870405,
4921057,
24780786,
24661372,
26402084,
15475939,
17677482,
40499344,
39592512,
51920808,
39915752,
34170420,
32573394,
23786632,
28306438,
19934368,
12357226,
17103744,
21947480,
36896672,
34063360,
16296629,
10092725,
17271658,
30872296,
25698242,
30462224,
20696484,
32066220,
24356312,
6479885,
13225874,
12469938,
16933916,
14987904,
7143725,
17848086,
5097297,
-773898,
-839938,
12016660,
4869073,
9946038,
6012062,
2169947,
-3804878,
6366122,
7497828,
15685618,
16607584,
14939968,
3131491,
3868480,
-9994377,
24262106,
-13913559,
2843986,
-3412990,
-15112199,
-8493199,
-6286557,
-350337,
-4171389,
-26605480,
-1440946,
12015338,
-15560072,
8531787,
-9679714,
-21206732,
30583352,
-11986417,
13237111,
-6205453,
-19372744,
-11718038,
-7391119,
-3714949,
11234697,
-26266052,
-3414546,
24842438,
-14234174,
15191710,
-12982590,
-26731016,
42555680,
-563264,
-7673382,
-7229053,
-12254675,
2487780,
-5002803,
-16857906,
17148144,
-27927548,
-23739144,
811459,
-19291828,
19402006,
6846452,
-47879228,
29712004,
-6776815,
-11301415,
-17166044,
10039052,
-1927437,
-5042010,
-36974364,
2467371,
-8217180,
-10994244,
-14982799,
-24950496,
16408936,
17464466,
-40682916,
28025140,
-5690260,
5333432,
-12996815,
-3514681,
-5173388,
26012,
-44192084,
12169149,
-2970428,
-1085081,
-10360513,
-15546795,
14571356,
8857430,
-48639392,
24321216,
-9054583,
22596000,
6722467,
-7612789,
-29295444,
2627521,
-26145880,
-5760855,
-6964916,
-15166586,
6692919,
-15814177,
3563703,
-877233,
-41449432,
12742608,
7415212,
18885600,
6148609,
-17675070,
-42111056,
-17569556,
-3293602,
1809179,
123249,
-5631146,
3745780,
-1694734,
11971671,
-12060392,
-54623484,
19694640,
23319396,
19108152,
-9318567,
-28386040,
-19408474,
-3093953,
-1307999,
-2942589,
8462755,
-7752638,
1270411,
12062218,
11040873,
-27395240,
-56024212,
29660414,
9119890,
2426026,
-10846144,
-18540702,
-18226124,
-7915276,
-1208435,
-14054111,
19163912,
-6025319,
-11655494,
21919488,
5897404,
-45107552,
-56596020,
34484448,
12409966,
1170732,
-13732086,
-16141974,
-9814334,
3640209,
-5613924,
-18653346,
32177812,
3614955,
-11394237,
8249080,
-27752244,
-55370144,
-24945204,
31345624,
7390013,
5020857,
9356627,
-3054630,
-6209955,
-13565391,
-12444354,
-19739648,
36126392,
-3538107,
-15963272,
-7496,
-8574303,
-41500296,
-25835740,
27823474,
18323256,
7977324,
10948921,
-18741160,
7356351,
-21674748,
-15786973,
-11070679,
32419990,
1433189,
-7606040,
3514907,
-14981324,
-24798384,
-40617752,
24443920,
15516116,
3755929,
11232587,
-14597919,
3751581,
-12999104,
-5751049,
-14915457,
11282549,
-21727768,
-19792198,
23240,
8469967,
-6930088,
-48526540,
34747420,
14609023,
542876,
-3424853,
-18573230,
-1878472,
-12255530,
-2565067,
-16631774,
-2570038,
-20880416,
-12208246,
2589799,
3613668,
1800008,
-51967868,
30709534,
-5510579,
-6952741,
-26507424,
-9818845,
8242086,
-24259046,
-14269544,
-15964468,
-10495518,
-6981617,
-8250356,
-31302008,
-1989758,
6936138,
-40138404,
17546968,
-10938873,
-10586021,
-19230882,
-6299440,
-297010,
-33722232,
457860,
-1704069,
-23669800,
-11416626,
-10326216,
-24731972,
-18909216,
3320168,
-16551929,
-6114471,
-14300584,
-10620504,
1126069,
-14270289,
-27534932,
-16997356,
-10340569,
-4466571,
-12987290,
-28951230,
-22016366,
-10212453,
-10044634,
-7524768,
-7399616,
-6712661,
-15222532,
-4895544,
3159705,
5175220,
20058658,
20695972,
23738540,
28810584,
46531072,
39563852,
11538019,
-3318623,
-796371,
10648540,
14044137,
-26230172,
-18117648,
-21729132,
-33702744,
-41581056,
-11948412,
-5694815,
-15608642,
-16243215,
-17486136,
-8971408,
-13316130,
-21648456,
-18285282,
-22103552,
-4614609,
-25424664,
-40004328,
-39469340,
-51901808,
-62193232,
-56631988,
-36321492,
-28073498,
-49252032,
-58197448,
-32878062,
-35476624,
-35796984,
-32523784,
-34353480,
-21776270,
-25904492,
-43247480,
-33560484,
-16122679,
-4322523,
-28692240,
-52092420,
-52637940,
-38969960,
-58744280,
-52627284,
-55797340,
-47872944,
-50175296,
-61723216,
-48498440,
-37068520,
-31125024,
-12651885,
-1039880,
-7274171,
-47044080,
-58489784,
-60948424,
-52185452,
-54243092,
-51528292,
-42797448,
-34010060,
-41558496,
-40433492,
-10417487,
-47076500,
-46503912,
-39610020,
-32997744,
-44970096,
-52966256,
-38060664,
-32779148,
-23030932,
-32037212,
-40708160,
-45289192,
-26451216,
-2313740,
-3654397,
-21719160,
-9698211,
-14780946,
-35611132,
-56796244,
-58274220,
-55692216,
-38699012,
-25180986,
-26283176,
-37794564,
-33493244,
-28360152,
-20755976,
7332654,
-17119614,
-28798416,
-16913452,
-16102460,
-43009112,
-42696088,
-36551840,
-63391040,
-65289064,
-54022260,
-39576904,
-37985552,
-18230044,
-33844424,
-25711522,
-35991216,
-60434776,
-41638500,
-15811578,
-38700720,
-46455928,
-50132040,
-40938784,
-32211636,
-31912944,
-47914208,
-55639960,
-31616654,
-20363596,
-33486510,
-38816924,
-50181484,
-65829416,
-37135776,
-41986044,
-46993032,
-34854196,
-41766904,
-34575700,
-38290644,
-28909492,
-42032068,
-50405928,
-38621832,
-41106120,
-37722428,
-26601164,
-27191556,
-20825614,
237622,
-13990023,
-31485636,
-38181036,
-26964240,
-24809824,
-31015336,
-39373136,
-48189060,
-36829028,
-53278220,
-60377768,
-65328684,
-51918964,
-47453316,
-23086276,
22605122,
27831408,
6280505,
-3569897,
-3569647,
-16247924,
-22918920,
-17641066,
-16874556,
-24681996,
-21769096,
-39352080,
-50103508,
-40541120,
-31024156,
-19280696,
-9878813,
16389105,
583589,
-19581508,
-21629640,
-28264884,
-38272360,
-27516712,
-13145289,
-25666164,
-27564710,
-35270508,
-43477244,
-54949616,
-60136072,
-46263480,
-25096048,
-19686740,
-53006312,
-62725512,
-72215568,
-63609932,
-56130312,
-72593536,
-60352132,
-41700164,
-47409920,
-64162736,
-45389888,
-45911480,
-63518428,
-73775912,
-48699776,
-20052392,
-34131108,
-33150216,
-38267248,
-30913054,
-32596398,
-36807400,
-25258554,
-26514858,
-27903950,
-18748180,
-13735192,
-11485861,
-18414664,
-35684608,
-15892220,
-46577080,
-32610388,
-9198156,
-25519460,
-11076847,
-10951607,
-6551497,
30589778,
16631971,
5811507,
16393826,
10730790,
-15285132,
11566025,
31417724,
-5680145,
-69603936,
-28816736,
-14209458,
-36992560,
-11925024,
-10643941,
-9455990,
22626184,
-14619759,
1775625,
1392188,
-19680588,
-60691608,
-22622688,
-6249328,
-48108032,
-54958140,
-15730013,
17085612,
-16891406,
11403526,
7695974,
-866475,
38282368,
1210410,
23432688,
14330228,
8919464,
-20193328,
-1905844,
-14088133,
-55716040,
-25880814,
7377920,
33393972,
27358460,
32833412,
28784184,
24015088,
46867656,
24921608,
51059752,
21626508,
9100060,
4953095,
4661275,
-7964840,
-59623864,
-17783224,
-11531463,
39090776,
25892464,
13268221,
18320904,
16464892,
46871656,
55161496,
52136920,
11627371,
21865260,
18853114,
39080208,
19987004,
-52375400,
1204422,
-3010362,
26749788,
16506386,
-6426368,
30140366,
19010368,
40542008,
48035156,
47014400,
32555504,
30504168,
34474804,
65987196,
70997216,
-37301700,
31719718,
19771492,
16997856,
8582522,
-11992577,
33917728,
3272165,
25889056,
39883248,
59654184,
18165986,
18702244,
13924857,
59332048,
43389704,
-26898048,
7358307,
4943451,
11883775,
24431616,
7505146,
8793726,
-6692246,
-11526316,
-2096380,
41060080,
29982740,
27582832,
19200412,
128606,
15994712,
-28575932,
5684395,
15924635,
8749472,
32502004,
10645628,
24900912,
-9600045,
-22440908,
3167934,
40978192,
13606944,
40758988,
21330242,
-10555887,
28235684,
-34273392,
-19623414,
14490108,
16974242,
2234171,
770991,
29000900,
18813596,
-10440843,
-20178108,
688891,
-16523791,
37802496,
26753712,
10887205,
43669824,
-45036696,
-21042996,
-4352434,
23454208,
11296792,
6656248,
42338464,
-1236382,
-5517749,
2445707,
967205,
-9288551,
32691016,
19678432,
24186648,
32068578,
-47799664,
-26808168,
17559136,
43129536,
32117304,
9295126,
17509736,
19741184,
4821218,
-2136586,
-940095,
-9114099,
27319424,
9550886,
35601072,
18249740,
-57153436,
-26732684,
32728774,
43227628,
37135376,
10891744,
3039867,
4311975,
-20360690,
16363093,
13848619,
27631116,
41923808,
21345490,
14299703,
-20286132,
-61501508,
-34335184,
39935464,
30886952,
34262820,
18882152,
4173983,
1993404,
-20873252,
26489148,
35240744,
35281248,
76705568,
24604204,
15665813,
-6204305,
-70658240,
-48646488,
14584174,
30112912,
19640564,
15283433,
-7904518,
-283442,
-16539559,
-4992955,
9468035,
38486832,
93984960,
39820104,
6971126,
7617418,
-56742844,
881983,
44889992,
49527176,
38342376,
35184436,
22312418,
23713684,
13692465,
26772776,
47435352,
49539408,
94129864,
56656908,
28538166,
33529558,
-18344336,
-2478981,
-21450338,
-25713286,
-22706504,
-30066872,
-41622444,
-44065368,
-45654104,
-42425684,
-46460568,
-54821528,
-44324948,
-40385280,
-44492648,
-38850568,
-23694152,
-27977204,
-57106760,
-59658624,
-35890252,
-41318880,
-54437528,
-69318560,
-78930656,
-82051056,
-96112984,
-100874832,
-86711032,
-82315424,
-81402608,
-65082076,
-44774132,
-22047300,
-35725244,
-35893512,
-48705008,
-40549496,
-40822648,
-28406808,
-38356048,
-48092464,
-68177056,
-69938992,
-53871488,
-68064248,
-69413992,
-47324492,
-29672880,
-11449243,
-16612490,
-8965279,
-5482229,
-9731652,
-9522404,
-19254456,
-30949624,
-35116000,
-34938760,
-32407142,
-24407782,
-25821088,
-39156068,
-36692320,
-30565346,
-33523704,
-33486252,
-11051431,
-1609814,
9695086,
-17597358,
-30384068,
-32814360,
-23189018,
-8853997,
-11384743,
-8963852,
-24446892,
-24525462,
-19287342,
-18040202,
-28702324,
-22713564,
-12672783,
-21060696,
-19199668,
-9937771,
-5733080,
-19210502,
-34361356,
-18317430,
-5874256,
-1112386,
6061517,
4610519,
4423488,
-1174952,
-19177008,
-21301072,
-20346060,
-20934196,
-7944553,
-10520792,
-19458122,
-15471277,
-22073844,
-25985686,
-15483919,
-1323232,
5205929,
13951562,
15679929,
6588801,
-26235472,
-22353104,
-19871952,
-7373853,
-10557007,
-25377372,
-17017444,
-19429564,
-21454692,
-17084568,
-7763946,
5151827,
7496248,
-5763751,
-6123578,
-2264308,
-25085920,
-16869220,
-5146369,
10222467,
5844283,
-8650960,
-20596102,
-9874239,
-15709029,
-26519194,
-26892512,
-16934404,
-3421585,
16636556,
19276212,
2654826,
-22547416,
-8252295,
-10908018,
-15401222,
-13657541,
-15824419,
-16956148,
-7146732,
-12216720,
-1821570,
-4735155,
-8882527,
2240087,
22181400,
9719164,
-4525872,
-21906840,
-23933724,
-25522824,
-15173589,
-2672459,
1209181,
-3008941,
128670,
-7152161,
-21575388,
-11137288,
-27287308,
-30477188,
-19750714,
-10465380,
-3325343,
-28576138,
-26176512,
-16210594,
2909452,
18819822,
17867668,
8236911,
5187319,
-4161653,
-20672552,
-24365842,
-26353384,
-23515308,
-25829164,
-28149820,
-6040744,
-11081007,
-16819106,
-26322530,
-17416684,
-2854675,
8620654,
14704808,
86650,
-8737032,
-5841483,
-1298436,
-32605188,
-38386800,
-31180816,
-16547083,
-11799354,
-32229936,
-45864120,
-38866148,
-16111854,
3666390,
7970642,
-2587217,
-10381173,
-21030064,
-25703824,
-27055916,
-49621556,
-55266056,
-35856812,
-12100950,
4587090,
-43254988,
-60413480,
-53869024,
-40637200,
-33401012,
-23634964,
-21281660,
-22426792,
-39150740,
-51329896,
-56015608,
-70470016,
-74316728,
-63480620,
-36303872,
-18653208,
5716095,
7666716,
15640811,
21528628,
10657186,
21863096,
18805580,
12497431,
12380911,
11819115,
1733443,
-14126594,
-13637352,
1538706,
18752032,
14803910,
26591944,
-16237341,
3928824,
-3066751,
-16424641,
-8038822,
-5263068,
849611,
-2544995,
-26598334,
-2012112,
14829690,
-13549705,
10746462,
-7683326,
-21265538,
34263568,
-14941871,
11787736,
-7830586,
-20065690,
-11792599,
-8246498,
-5214261,
8748403,
-24518698,
-6523660,
24509446,
-15257522,
14033758,
-10646400,
-27189452,
44019440,
940350,
-8439949,
-9555901,
-13434228,
494520,
-4071638,
-18029360,
14137830,
-26987362,
-22443404,
-256657,
-19778912,
17523568,
7675042,
-47557960,
32222154,
-5468757,
-11799702,
-16695978,
11695711,
-2302509,
-2422294,
-41227752,
1466251,
-7398467,
-12723680,
-15243519,
-23780248,
15371565,
16158671,
-42409864,
28990806,
-6608324,
4567478,
-11850829,
885748,
-8498923,
-735793,
-46205480,
11545867,
-1729643,
-1571753,
-9630981,
-15913284,
13954933,
8044315,
-48640568,
23954174,
-7574543,
22686314,
5163082,
-5889891,
-34031720,
4287918,
-27341454,
-4049708,
-5585012,
-15716373,
5265903,
-12795025,
3938512,
1347238,
-42376372,
14183894,
7820651,
20161908,
3616453,
-17490056,
-45822160,
-18616720,
-2420406,
3032323,
-614692,
-7186941,
4185599,
-1363099,
13136125,
-13141744,
-55583564,
19153208,
24066142,
17711346,
-9957950,
-27604038,
-21394150,
-3463154,
-2476369,
-4437786,
7435807,
-7031406,
-123570,
11700823,
8977012,
-30534280,
-57575888,
29431142,
8144906,
2523713,
-10406096,
-18397722,
-18975858,
-9001740,
1149479,
-16855238,
18130496,
-5190762,
-13333298,
19883060,
5646066,
-48185328,
-57496528,
35667172,
14000559,
3411659,
-16505574,
-17202444,
-10917974,
3976236,
-6926835,
-21774814,
33889956,
2785611,
-11198068,
9231991,
-25677028,
-58249032,
-27221712,
32780534,
9099306,
3816841,
9306621,
-3340241,
-7676124,
-15055803,
-10914092,
-21939844,
35709772,
-1452601,
-17633406,
844634,
-11440958,
-42466324,
-24417486,
30601496,
18801512,
7487765,
11820419,
-17385822,
7195176,
-23020820,
-15805987,
-10552900,
31908382,
1070850,
-10062956,
2526417,
-13673646,
-27798314,
-40359688,
26740584,
17232632,
4805545,
10819928,
-16992210,
1264190,
-15065327,
-4482470,
-16192662,
12738456,
-20890692,
-23610458,
710158,
8223721,
-7861939,
-48362604,
38009144,
13405455,
1063336,
-4896160,
-19705374,
-3011086,
-15959081,
-650349,
-18232642,
-4375285,
-21145882,
-14418241,
1229307,
2033217,
-47,
-50947248,
34212632,
-7825817,
-10124425,
-29978072,
-14690323,
7292216,
-27940460,
-15949229,
-19492420,
-9855376,
-8410194,
-11193240,
-29241128,
-6499966,
3949264,
-40400880,
20243782,
-10957869,
-9736978,
-18895244,
-6767798,
1698682,
-35415956,
87152,
-2663546,
-22713450,
-11276189,
-9520980,
-23495440,
-17346876,
2207620,
-17205320,
-7437404,
-12793700,
-10329486,
3089473,
-12820343,
-27212584,
-14842687,
-8439696,
-2480061,
-10961503,
-26291864,
-20822694,
-8875405,
-8984129,
-6546922,
-6752490,
-8942383,
-13099178,
-2978920,
1818255,
4739808,
20344894,
20471968,
24019148,
29831624,
45685232,
41395664,
11929051,
-4716121,
-822736,
10047906,
11920331,
-28013456,
-18966948,
-20922404,
-34181332,
-41311824,
-10439740,
-6288451,
-13094005,
-16042204,
-14207443,
-8292291,
-12770139,
-22020056,
-17335196,
-19813478,
-5351774,
-26752576,
-38329360,
-39806324,
-50636792,
-62266660,
-56575716,
-36063588,
-25480256,
-49092728,
-55072768,
-33186600,
-34631128,
-37325220,
-32280140,
-35509380,
-21731362,
-28180444,
-40088528,
-33832392,
-15083308,
-5965823,
-27316260,
-53816216,
-50505768,
-37577420,
-59077024,
-53035412,
-57173912,
-46566116,
-50353960,
-60345408,
-49420328,
-36329148,
-32535684,
-11237573,
-265813,
-8729394,
-45983376,
-59719712,
-60433200,
-51420628,
-53125696,
-52275988,
-39563424,
-35602348,
-41135228,
-39589344,
-12229843,
-45799640,
-44341008,
-38682016,
-30283124,
-44820832,
-52147232,
-37893224,
-32198612,
-21721340,
-33062008,
-39444908,
-46109956,
-25791436,
-802177,
-1846681,
-24335816,
-10929825,
-15729591,
-35530468,
-54131560,
-60185384,
-55068200,
-40070792,
-25413056,
-28381938,
-35157816,
-32933524,
-27152364,
-20470752,
8936738,
-16734776,
-28587526,
-17967764,
-15950764,
-41723068,
-42655340,
-37338332,
-64236660,
-66091956,
-54699424,
-39167096,
-36114012,
-17691142,
-33639520,
-24774156,
-35157368,
-58270300,
-43382684,
-16805616,
-35955984,
-46634072,
-48744000,
-42117796,
-31404848,
-30380316,
-49777656,
-55495240,
-33970504,
-20053342,
-33041584,
-35795396,
-51646672,
-64903240,
-39530308,
-42425380,
-46038276,
-35335436,
-40797708,
-33436380,
-38776608,
-29552968,
-44458336,
-49260856,
-37996336,
-42404824,
-33366196,
-26240244,
-27952016,
-19576744,
-1872183,
-15968168,
-30735412,
-35869560,
-26381276,
-24232128,
-30137728,
-39565924,
-47408124,
-39050472,
-52464948,
-59744716,
-65692540,
-51025876,
-46704260,
-19098580,
18867140,
25839054,
6138672,
-1648570,
-1176906,
-16433508,
-23394720,
-16087580,
-19645118,
-24229868,
-21430090,
-40124492,
-46660100,
-40598148,
-29015166,
-20191016,
-11368021,
14836864,
3813432,
-17313000,
-20285384,
-28340116,
-36415112,
-26551402,
-13198418,
-23537876,
-27995172,
-33352482,
-41089440,
-52747672,
-59650604,
-44779296,
-27352968,
-22183996,
-48283356,
-61127816,
-69972000,
-61371100,
-56495824,
-69416352,
-61163496,
-40205716,
-45547628,
-62193180,
-39249704,
-43732740,
-61763720,
-72417856,
-49051212,
-19426468,
-33509570,
-32474938,
-38133472,
-29197496,
-33216300,
-35518120,
-25732240,
-26448536,
-26052132,
-18376856,
-11966103,
-10909136,
-19693164,
-34664208,
-18766756,
-39406608,
-35360564,
-9615502,
-22302784,
-11859242,
-10380014,
-8344632,
26333656,
13406426,
1905812,
12345478,
7180289,
-15856446,
9435665,
25131358,
-7148106,
-58573968,
-31758220,
-11458228,
-37417984,
-9349382,
-10934864,
-9459425,
19706080,
-12622911,
-2601696,
-1144682,
-17361478,
-56151756,
-20245686,
-9714647,
-42097720,
-43639240,
-21409546,
14919233,
-15840473,
9564114,
6694300,
981920,
32566652,
1199802,
14358784,
11003097,
5216294,
-17908602,
-2407246,
-17293952,
-53153168,
-19108208,
-366109,
27570202,
19615740,
31527628,
21535880,
23964246,
36453260,
21327054,
40013432,
18453302,
5052224,
4188878,
5121904,
-7697062,
-53900264,
-12240676,
-15395247,
33775728,
18735838,
14450035,
13396048,
18195106,
35022880,
47972780,
45732772,
13180731,
12353797,
15379252,
38051964,
15777871,
-47398128,
4564599,
-7879159,
23873022,
8472381,
-4392870,
28919888,
18352338,
30944064,
42140264,
41683700,
28099314,
24084550,
27426434,
57951264,
59838544,
-30308316,
30403806,
15896836,
14071174,
118331,
-10619727,
25805082,
3014797,
20403018,
34423552,
52835900,
16000080,
15177864,
10538001,
50217112,
34399272,
-21315812,
11882302,
3115291,
8238170,
14627057,
5418355,
7315166,
-7263848,
-10361341,
-2616469,
35225492,
23885570,
24606492,
14631012,
-1199048,
7560550,
-22672502,
9346381,
8742675,
6237726,
22597774,
9147099,
21739730,
-9195189,
-19036964,
-2035383,
34465628,
10609630,
34759516,
15999719,
-9912526,
19679822,
-26628772,
-9800321,
4949393,
15286180,
-837379,
-2311923,
27414530,
14528739,
-9532856,
-19487194,
-334397,
-16298635,
29976152,
20065908,
9923981,
34302200,
-36464208,
-14877202,
-8390315,
22906260,
6824659,
4041057,
36114312,
-2886328,
-4780387,
-1232657,
820074,
-12785349,
25321476,
15120471,
23655328,
21303772,
-35779856,
-18385168,
13522210,
35332228,
25042004,
5850582,
15269289,
10610010,
5151669,
-1751836,
-472693,
-8580384,
19167024,
6004883,
30444334,
9460534,
-47548692,
-18155014,
26605992,
33318070,
32669722,
8507516,
2339781,
42317,
-16653848,
11775506,
16081456,
21931804,
33033178,
15616296,
12342840,
-26044006,
-53856544,
-25817890,
30566314,
26707578,
29735296,
13965689,
5506912,
-5514155,
-16499070,
21716078,
27938756,
31174220,
61543584,
20993920,
11685645,
-9733539,
-63028996,
-40651336,
6405756,
24050110,
14988528,
10812259,
-6789261,
-5394702,
-15788297,
-5513388,
5433776,
32308828,
78365104,
31804812,
5634490,
4142965,
-49954204,
1316960,
32184090,
39901864,
29175664,
24035672,
16300944,
14602618,
9435254,
18496002,
36055296,
41164024,
76886784,
46087416,
22812288,
28357408,
-17578528,
-5241273,
-18531656,
-26411278,
-24667824,
-29660536,
-40764240,
-45685828,
-45381100,
-43778260,
-45840248,
-53217052,
-44841016,
-42218632,
-45193428,
-39404696,
-25227614,
-31379020,
-53416208,
-58105324,
-34860024,
-39383016,
-55272408,
-68513792,
-77031552,
-81113600,
-93986992,
-99073296,
-85935312,
-80752712,
-78485144,
-64636724,
-48294404,
-27094668,
-34757704,
-36291780,
-48505548,
-41339604,
-39776688,
-31058254,
-37066016,
-46860132,
-64332660,
-68842048,
-53619100,
-67579296,
-70142016,
-46506940,
-30400636,
-15829344,
-15875332,
-9689889,
-5992019,
-12000043,
-10063898,
-21125360,
-27592404,
-33990448,
-33023936,
-31740608,
-23449864,
-28009332,
-39457976,
-36227236,
-33150094,
-34452960,
-32369796,
-11449328,
-914760,
3755282,
-15098665,
-30672328,
-29133236,
-23467204,
-9893408,
-12312235,
-8164175,
-24415220,
-24505160,
-18871896,
-20328966,
-29320464,
-23701944,
-12720255,
-18041608,
-22460130,
-8670906,
-9734205,
-18060010,
-35282556,
-19187552,
-7038648,
311495,
3782702,
3806168,
3618490,
-7819457,
-20735426,
-20038508,
-19704752,
-14834548,
-10783812,
-8004206,
-21010088,
-16096344,
-22420616,
-25001468,
-16238080,
-2593240,
5168901,
12950185,
14666217,
2299686,
-29519256,
-21525484,
-17835932,
-5107517,
-12589947,
-24433392,
-16283299,
-19831928,
-21606554,
-15668632,
-8107498,
5656784,
9902082,
-4933016,
-2305265,
-4304701,
-26534332,
-14609205,
-6368141,
10097015,
3393085,
-9047278,
-20546330,
-12382747,
-13597824,
-24389372,
-27873022,
-13906005,
-3730060,
14184143,
22689256,
-1435515,
-25525324,
-8695832,
-12210728,
-14564500,
-14900616,
-16633912,
-17079624,
-7278613,
-10701012,
-4222529,
-4630223,
-7156128,
822334,
19988588,
11492025,
-9686869,
-24454894,
-24470232,
-25655266,
-15145188,
-4081190,
1396833,
-3024152,
-2413166,
-6930926,
-21495822,
-12385943,
-24300138,
-30175876,
-19781012,
-11757640,
-10243684,
-33127306,
-25957718,
-14850719,
3619241,
16525576,
16934060,
10423558,
2597214,
-4994968,
-21137304,
-23973220,
-24008842,
-23756972,
-25292644,
-24023564,
-12123643,
-16760766,
-16803860,
-25419046,
-16427172,
-32969,
8264366,
16223295,
-4241475,
-8285096,
-10153996,
-2278985,
-29472556,
-37985084,
-28743298,
-16419732,
-15699811,
-35729604,
-41897220,
-36358132,
-15706388,
4632470,
6352246,
841892,
-12372764,
-19332104,
-23895560,
-27938094,
-44536024,
-52890240,
-35771628,
-9224528,
-737598,
-44647132,
-54756300,
-50111856,
-37475184,
-28495944,
-23337868,
-16850934,
-22299336,
-36593084,
-49517268,
-55489464,
-63496472,
-72848664,
-62187736,
-35074852,
-22453612,
3335340,
9178373,
15457564,
22500936,
11775403,
21274442,
21461258,
11274372,
12656572,
14148771,
1185997,
-10666642,
-13127404,
-610428,
17255164,
12964888,
-10131010,
18436640,
8736443,
7558361,
-4487889,
1388066,
12159733,
8206523,
-4453776,
-8883687,
2729169,
2779611,
5538922,
2441090,
-20264364,
-14752572,
-4584638,
23643712,
-3614397,
-2365643,
-3637870,
-505796,
11320681,
1500675,
-5693245,
-7321483,
-16227284,
-7610125,
-3440974,
6991953,
-11330920,
-30625924,
-482309,
21111654,
-10155883,
-15381094,
-13771690,
1930442,
-7174840,
-2460070,
-19288898,
-1860655,
-32103776,
-13580012,
-11821174,
1802741,
-10785166,
-27182880,
-1854470,
12444514,
-10892907,
-10741853,
-12580727,
-2939003,
-11381162,
-24106792,
-18716326,
957756,
-32518640,
-14900786,
-6812774,
463392,
-22461284,
-18614808,
3831014,
4857252,
-13717206,
2558421,
-17484884,
-11777806,
-9953113,
-23304058,
-16543416,
-12320151,
-31637468,
-14032705,
-1374723,
-7685498,
-23771580,
-23205994,
3687004,
-4096292,
-12621552,
187942,
-12681361,
-4853488,
-7260374,
-12687429,
-12545888,
-17791436,
-33466950,
-14240512,
-11698819,
-399110,
-18690228,
-33285228,
-2653177,
-7404852,
-17805460,
-15273582,
-19344908,
-9631120,
-12925121,
-7425459,
5415988,
-13744110,
-23041944,
-26673676,
-17069356,
1233535,
-25937460,
-38827464,
-10640042,
-1833281,
-12448795,
-10350886,
-25908890,
-13457365,
-12599570,
-5834909,
-3062146,
3182465,
-11230333,
-40750336,
-17134482,
-3758414,
-34219768,
-28533498,
-15755665,
1032189,
-3091213,
-11311945,
-19367650,
-19369166,
-18055644,
-6452884,
-7382139,
11684212,
-2953400,
-35060140,
-12779664,
-11541559,
-36846224,
-15538966,
-6767479,
7662271,
-4726728,
-11090829,
-19035064,
-13820887,
-16080129,
-15674801,
-2929994,
1389019,
12851753,
-22085080,
-8270646,
-21477820,
-41291064,
-15248191,
5734337,
9043536,
-7383672,
-11325490,
-17944880,
-7533884,
-16459521,
-16837366,
-9802643,
-321152,
3104037,
-399428,
-10391400,
-21056532,
-41450044,
-21883822,
10707130,
14039327,
-8871459,
-16869332,
-23522666,
-12143828,
-5183256,
-7198661,
247738,
5449938,
-8150853,
-9810932,
-7055545,
-12193654,
-47667144,
-33510044,
4532283,
18678440,
-8441428,
-20046252,
-21086632,
-25142194,
-1166349,
-9568290,
9312094,
340369,
-14621783,
-23582514,
-18968368,
-11701817,
-45225744,
-21040180,
9021030,
12525221,
-13257556,
-26524700,
-24353620,
-17721400,
-10310379,
-19937882,
-348611,
-12037145,
-8393810,
-18325702,
-32565940,
-31540000,
-35573744,
-15040356,
4577192,
620157,
-27120506,
-28442326,
-29745238,
-24550162,
-21808852,
-21151450,
-1248436,
-14675186,
-12580111,
-3059701,
-43244412,
-48165280,
-26424322,
-16700735,
12826805,
-8095074,
-19027552,
-6952246,
-19225060,
-11426753,
-7269781,
-16848328,
106381,
-12795845,
-3051517,
8176955,
-30051096,
-36800548,
-24064492,
-4533416,
13479923,
30254824,
32074700,
37819008,
26115012,
34221224,
35793468,
45367496,
56147680,
48950424,
43668304,
42986804,
29393572,
42135152,
37401696,
22845348,
3370704,
22439272,
18093758,
3824491,
5849387,
-468615,
3745976,
16403275,
17755080,
30259716,
10420682,
11688478,
-11889363,
-12695523,
-14148471,
-2380299,
-8099058,
-15995992,
-35701228,
-33177936,
-26134066,
-18222282,
-23006096,
-42228560,
-41418436,
-33788072,
-29966632,
-37756576,
-25759884,
-28922502,
-29024364,
-23948280,
-542118,
-8958710,
-14140859,
-11232740,
-19761060,
-14971882,
-9184702,
-20593814,
-24461408,
-39158176,
-40033320,
-50066784,
-30576824,
-23444568,
-16908058,
-8565141,
5836001,
-2716034,
-21782148,
-12181241,
-20024788,
-22857436,
-27986684,
-21162304,
-18016738,
-9985315,
-38944428,
-41327456,
-36974296,
-17399400,
-18512338,
-6789271,
-758901,
-6261830,
-37955344,
-18953870,
-31761060,
-17673982,
-41319536,
-32509016,
-34308948,
-24193028,
-28315708,
-21685760,
-22175232,
-24021552,
-30459572,
-20167896,
-5195668,
1678803,
-1429435,
-392350,
-21052682,
-32873950,
-30091242,
-32207836,
-30435636,
-8019748,
2246711,
-8083688,
-15125327,
-27740732,
-9864440,
-272123,
-12258833,
-20867188,
-13821646,
-10797912,
-10606988,
-25191820,
-28226080,
-47249264,
-48800084,
-37754120,
-14941447,
-5829805,
3175579,
-10393026,
-21335650,
-21619916,
410970,
-9702490,
-27172032,
-35103352,
-35445396,
-26485724,
-17750976,
-19956432,
-30162688,
-34442800,
-21120796,
-17903964,
-41083,
-16873662,
-52913424,
-39402832,
-5014439,
-7113828,
-4753177,
-18141016,
-29678852,
-17105196,
-19463344,
-19644788,
-21879032,
-30285502,
-27724848,
-12652156,
-6221025,
11221544,
-6606934,
3602432,
-2752639,
-1459912,
-9259774,
-9184688,
-25748064,
-28238128,
-30174488,
-24251516,
-26739670,
-14572264,
-21747844,
-16495507,
-15854372,
-729350,
-4412300,
5408870,
-5889843,
-2042746,
-19709408,
-5886882,
-18575940,
-29510292,
-33055442,
-15115595,
15989536,
17257280,
-1744827,
-31033852,
-26250800,
-27475416,
-18887344,
-9669858,
-6209756,
6388714,
-2803553,
10851904,
-2410610,
-3716875,
-1145324,
-25311216,
-34540616,
-37588408,
-32537364,
-21939972,
-17360502,
-34479812,
-31571168,
-16203271,
34019880,
25249196,
8217743,
-9428890,
-12279662,
-21891058,
-13741765,
-9891122,
-4933969,
-1623679,
16632924,
32195032,
21801624,
2889848,
-9849339,
-7317933,
-18218272,
-54359408,
-49684040,
-53794892,
-33925688,
-24924628,
-28960592,
-38915612,
-23879792,
-46065036,
-27714462,
-31239176,
-20328258,
-49298516,
-34240224,
-25942888,
-24606398,
-44081308,
-49854832,
-55291976,
-46477552,
-43329656,
-27246648,
-36377104,
-33881776,
-45897872,
-60487292,
-63552228,
-55868124,
-55656792,
-43240912,
-18185468,
-32251912,
-58893396,
-49198752,
-48723616,
-49211772,
-37726664,
-39819236,
-32779976,
-23961484,
-4401588,
-11256063,
-12183529,
-15838520,
-14666317,
-37659024,
-11911817,
-42278456,
-84016272,
-65986232,
-54600704,
-59282404,
-47841044,
-39052048,
-39687760,
-39883792,
-20399714,
-31554588,
-42493216,
-33035388,
-39659532,
-59885232,
-31691424,
-38406808,
-67890904,
-58324448,
-46789480,
-50644616,
-46884192,
-29386976,
-29887684,
-19851980,
-33153114,
-26567404,
-41378784,
-44843496,
-53400136,
-64666872,
-24015984,
-36098524,
-57216044,
-46956816,
-47104144,
-39219584,
-53924768,
-40556392,
-36746976,
-16501838,
-45884056,
-31244850,
-41668140,
-41160608,
-65566048,
-74174544,
-42676552,
-43728168,
-66191896,
-41643696,
-52742848,
-38344524,
-61248656,
-32540602,
-39707352,
-20887976,
-38353132,
-27755226,
-30347008,
-37351624,
-47439140,
-58225076,
-28856960,
-32405946,
-38476472,
-36501904,
-50980152,
-51915664,
-62750020,
-40759708,
-37137316,
-26163168,
-42435912,
-33285954,
-41300744,
-33403370,
-40543544,
-64618224,
-21414316,
-30991202,
-39072968,
-42723072,
-49002896,
-45783900,
-63696880,
-44074792,
-45921008,
-41255208,
-39736512,
-39174080,
-39420192,
-30607670,
-50794688,
-71208592,
-26199912,
-41706704,
-67787664,
-53157768,
-53807544,
-35612816,
-50521128,
-46482728,
-52517828,
-40357912,
-51148064,
-40486736,
-44787140,
-42301172,
-56969028,
-52442400,
-27932622,
-33980144,
-63048276,
-51768312,
-60701520,
-43309712,
-55701536,
-50932900,
-44137344,
-43900672,
-49417376,
-45828768,
-47517288,
-45707468,
-53052744,
-47490872,
-14424465,
-25716272,
-59050932,
-48566132,
-59686812,
-45411800,
-57186512,
-49178680,
-39465512,
-44242184,
-50617992,
-60642816,
-57549568,
-55654648,
-51666432,
-62230024,
-26061848,
-32912726,
-58425732,
-38695288,
-38592248,
-35215996,
-43515000,
-51183340,
-40597608,
-51665556,
-47002068,
-55881588,
-54668944,
-41630824,
-48691664,
-58048540,
-19132870,
-15873284,
-53984912,
-36887824,
-28280532,
-37766080,
-30949088,
-46325404,
-50868016,
-53671184,
-56634912,
-50701220,
-31935864,
-33162294,
-48746904,
-70078344,
-27133324,
-18201560,
-53507248,
-50221152,
-44720948,
-43186356,
-40794104,
-57687508,
-37037924,
-55306976,
-45466472,
-35408324,
-31728202,
-30407332,
-53327144,
-57869912,
-34096364,
-19756920,
-60390424,
-44750728,
-42528668,
-29024486,
-40448604,
-46250328,
-35225696,
-63307856,
-46582104,
-38973780,
-46526408,
-42332072,
-48834964,
-71460032,
-33947124,
-29164406,
-68397232,
-39761616,
-50296272,
-50432848,
-48610856,
-60593248,
-40534064,
-52507200,
-45695624,
-28355632,
-52720500,
-27388640,
-50115720,
-75522608,
-43736404,
-16584376,
-27763960,
-6529408,
-9736324,
-15024320,
-16805358,
-24248088,
-16442376,
-20596404,
-10080606,
5078284,
-20351880,
-6168816,
-5912992,
-28122304,
-7644024,
15293081,
17613550,
26690674,
6196951,
2648080,
-4941375,
-17149992,
-11555242,
-22356516,
-32332860,
-30639260,
-20818150,
-29771068,
-27737098,
-22475730,
-8941331,
14893466,
21194394,
33727368,
20827610,
19698194,
18867126,
5108650,
718838,
-17666232,
-12345917,
-16935072,
3952108,
-6148434,
156072,
-12730199,
-11746361,
13845703,
23220912,
34732864,
33305556,
48578448,
41607484,
34894760,
35553464,
13616853,
36238964,
12068357,
17395596,
15633234,
21780340,
11376871,
-31700,
16428992,
12891679,
12126000,
14413139,
24516968,
23016192,
38339820,
29521694,
21653648,
38927372,
37053512,
25090514,
23294500,
9300989,
16134818,
3054115,
18607840,
13772214,
32895934,
32101024,
30824162,
27010034,
35051364,
18177712,
26440812,
39759296,
35214180,
27967616,
31498670,
40172088,
39935976,
14033867,
25396996,
26512384,
34952360,
42963680,
50429784,
37672088,
31617992,
30616948,
29397668,
27226542,
18922300,
20474436,
24394020,
35455176,
37012616,
15943052,
18760812,
22771780,
32041718,
40908680,
33382852,
40257616,
20141572,
16563010,
15251923,
29361996,
25660232,
28764652,
26462460,
33174688,
27274650,
16000598,
13966637,
21137420,
32478768,
39521232,
48042048,
42991656,
35605500,
31605472,
26287916,
30956704,
26627820,
35504244,
52394176,
66086960,
52557848,
30102960,
26823584,
35221100,
38996600,
38325596,
27125740,
36688820,
32865562,
22167474,
19783728,
32644080,
37646904,
43388360,
60407560,
58706652,
65643272,
41815504,
21991598,
24813692,
41270704,
33417410,
23222048,
21007220,
21915980,
23445948,
15748988,
21398316,
24108728,
32940674,
35203464,
27351544,
33344992,
12794118,
9394284,
10600381,
26290992,
23898312,
30981358,
38313196,
26010546,
20920324,
15318953,
23228040,
21161596,
41414604,
39082820,
37651392,
20900112,
3551660,
2503469,
4168152,
12833003,
28498768,
17876076,
31109276,
22703732,
32278988,
15505009,
19354460,
10297278,
27514376,
26502688,
33592972,
15728283,
16578470,
6055106,
5564777,
14562812,
44918676,
42212336,
53177748,
37268552,
33332482,
28823258,
23100632,
11357062,
5107002,
22435822,
22020580,
25844120,
22986460,
20148824,
37736992,
38857032,
49039704,
47575820,
39905592,
35112708,
28145364,
25638656,
20769980,
21199122,
17061246,
22440604,
33993724,
36124276,
17394386,
21920496,
18943006,
37012420,
30219668,
31905956,
22572356,
27635912,
26259304,
18719116,
14978598,
16656664,
22305548,
21927630,
12052301,
19155476,
3295844,
-3687882,
-8194719,
7877199,
515402,
5367807,
1357808,
-1950148,
-7339259,
-720538,
4995902,
8557105,
6042747,
14265342,
2076883,
3487941,
-10035079,
