# 525 (shape [1, 8, 16, 16]),
-60369,
-49408,
-47857,
-44279,
-37352,
-34004,
-17881,
3315,
-33853,
-105182,
-140937,
-95710,
-85091,
-40459,
-2550,
-84490,
-74964,
50235,
42840,
15045,
22695,
41820,
65280,
37995,
68510,
14280,
26331,
49776,
43401,
17232,
50235,
39014,
-34858,
95115,
60196,
77265,
26775,
51765,
56472,
44115,
99450,
1785,
97310,
30090,
22929,
16575,
10455,
35700,
-45900,
53033,
117965,
72165,
64515,
100075,
75225,
39270,
68595,
73863,
72420,
80835,
105262,
48195,
18360,
5355,
48720,
84168,
78285,
132600,
94775,
101490,
19635,
79815,
69265,
105570,
67065,
58140,
77265,
107865,
73458,
32895,
56100,
88995,
55761,
65025,
45328,
37270,
74205,
67575,
79050,
112455,
27030,
35833,
106845,
76645,
88924,
5488,
10455,
43605,
38505,
45900,
109395,
25245,
92310,
59925,
89505,
111180,
73821,
62475,
48993,
104626,
83616,
61625,
97410,
62025,
88873,
42585,
63240,
42585,
61058,
49215,
68085,
57120,
83385,
28090,
53040,
48350,
88363,
64420,
64260,
61431,
49470,
99450,
73488,
74460,
48195,
60945,
38520,
54315,
74205,
25755,
27055,
58395,
19635,
37230,
-51240,
77775,
48000,
71655,
74205,
83935,
74083,
37347,
26311,
58140,
86439,
70316,
83385,
56980,
22452,
10115,
2295,
66045,
14535,
69546,
29835,
80230,
116790,
60447,
-20655,
2040,
99687,
56472,
102255,
62985,
53545,
41304,
34680,
84651,
34180,
60388,
41565,
32379,
83045,
45406,
64005,
51255,
32748,
64941,
65256,
53805,
51000,
43010,
-20592,
59160,
87696,
77775,
43086,
68772,
46780,
49470,
45645,
74208,
52275,
-14535,
79715,
23970,
52785,
19258,
14695,
27540,
113730,
77945,
26010,
19380,
35700,
13005,
95370,
82875,
81401,
98971,
60249,
3570,
69105,
33915,
15957,
71560,
106080,
96135,
33715,
16065,
44115,
16575,
51510,
47175,
100328,
107610,
128286,
37995,
16612,
11985,
50076,
105273,
111736,
75213,
97131,
108606,
72919,
64801,
88974,
73161,
103661,
126201,
112908,
132831,
91936,
28560,
-55873,
-14421,
-35297,
-28949,
-16462,
-5033,
-12006,
1530,
22044,
-17227,
-10130,
28310,
12997,
-11956,
-13515,
12245,
-27423,
-17340,
-56355,
8415,
-24735,
-13260,
-80325,
-21165,
-22180,
-19635,
-31371,
-20613,
-69573,
13104,
-6120,
-39107,
-34763,
-24480,
-30176,
4590,
-50745,
46665,
37803,
17595,
4335,
-6885,
-6190,
-4845,
-54672,
-34425,
-39270,
-19635,
-37995,
-49422,
3500,
2295,
-33405,
2740,
-22440,
-19125,
9690,
-28952,
-3825,
6630,
-41678,
-30345,
-34425,
16575,
12438,
-39381,
-15555,
7905,
-61450,
-26010,
8670,
41820,
3554,
-2805,
14535,
5610,
-4590,
-15045,
18504,
-24225,
-23205,
6375,
4749,
19890,
-52717,
2780,
22440,
21420,
-30090,
-10710,
-13515,
5213,
20910,
21779,
12953,
-37627,
-48195,
7395,
-34170,
25245,
-38760,
-30855,
-65790,
-11730,
11730,
-1530,
5499,
-19380,
4758,
12771,
12792,
-7645,
26775,
-3105,
31223,
60690,
3060,
-10965,
-16346,
-24990,
-18360,
-3825,
2040,
-3595,
38250,
-30670,
4448,
-62236,
-50235,
8034,
-8160,
-1530,
2413,
-18360,
-18615,
-22440,
-18927,
-26265,
6375,
-23205,
12360,
-1275,
28560,
-38250,
-39810,
15300,
-7695,
-34425,
-35700,
7370,
16688,
-19062,
20096,
-18105,
10983,
14498,
-12495,
-49025,
5346,
-62215,
-6375,
-43095,
22185,
2013,
-27540,
-9196,
-2040,
17586,
-55845,
-39780,
-24890,
-1722,
-17595,
-24225,
8578,
-33957,
-20400,
-10101,
15595,
5828,
25500,
17271,
9080,
-99791,
2550,
-36975,
-21410,
28464,
13134,
-12240,
-16320,
-61450,
-48813,
-765,
-1146,
-18870,
-486,
-34212,
48895,
-50490,
-4335,
-17241,
23715,
8925,
-24040,
-1275,
29835,
-57772,
-18121,
13005,
-21930,
-35185,
27795,
-23970,
-3825,
1275,
-30090,
-4590,
23604,
20758,
-27464,
-8925,
7905,
-37995,
-41985,
-45406,
4080,
6885,
17911,
21675,
1785,
-6885,
7395,
-11985,
-3596,
36210,
19659,
-41565,
-26515,
-41310,
-6813,
-41450,
-5669,
-36969,
-11460,
-34920,
-23353,
-38684,
-24186,
-2280,
-16120,
2055,
-2325,
-57615,
-32641,
-4335,
42849,
43323,
32320,
53721,
24896,
-4563,
-17773,
-3315,
46638,
1691,
11894,
49533,
13888,
11435,
11475,
36783,
35333,
30600,
48705,
48450,
16320,
-9945,
-8160,
2040,
-2487,
7395,
-16563,
26214,
31569,
-1706,
36975,
22740,
14300,
-4590,
24331,
47685,
27285,
64005,
51570,
49470,
30090,
35955,
65484,
-1275,
13030,
-25500,
6120,
42075,
53040,
-7889,
10149,
-9690,
-35445,
-5245,
48195,
3060,
-2295,
-9135,
16575,
5355,
-25163,
23970,
10710,
68595,
34038,
29919,
-10710,
2550,
25053,
29580,
28815,
77265,
-282,
13005,
56865,
15810,
-765,
15300,
17424,
70380,
-65280,
-3570,
18343,
36210,
31616,
22975,
-28305,
-4845,
0,
32130,
1020,
30506,
15810,
5339,
38068,
90686,
8670,
4080,
35445,
37995,
46665,
9180,
8160,
13260,
5355,
1020,
-28917,
39780,
58851,
16454,
14983,
42138,
-5100,
6210,
44786,
37485,
15810,
30090,
-16192,
7905,
3825,
25245,
34680,
40060,
48450,
13209,
90176,
16038,
-3570,
-14439,
43605,
23715,
34139,
765,
-23715,
56865,
-10077,
3060,
36975,
27030,
43810,
122655,
79050,
35190,
50301,
52785,
89340,
20145,
42585,
21445,
21326,
45960,
28503,
9945,
32310,
39109,
26520,
60035,
-9867,
49533,
-3315,
-16575,
87210,
7116,
28560,
21138,
20400,
42153,
10455,
11475,
44992,
68910,
26265,
43605,
-16276,
32910,
25755,
-6468,
17399,
8192,
88740,
35467,
63255,
16681,
19125,
-23970,
37782,
30583,
6216,
37230,
1530,
31938,
22066,
3060,
-1944,
40035,
37004,
9990,
29180,
43350,
18360,
50214,
52020,
35700,
-6426,
30855,
22695,
42746,
65253,
22185,
38505,
31173,
72165,
27285,
84150,
67065,
-7140,
52530,
4976,
42968,
-25755,
34425,
49215,
43860,
99867,
73668,
14535,
75480,
26965,
21675,
53295,
32385,
-6885,
88485,
35318,
32385,
60758,
29325,
18907,
53040,
40716,
6325,
38847,
28476,
14628,
51603,
60758,
5128,
23227,
43443,
-2508,
-10107,
6156,
19218,
-2739,
65535,
50960,
75479,
58205,
21374,
75367,
48491,
66906,
72420,
49979,
46807,
71190,
14201,
51016,
46176,
67830,
86111,
-22022,
-37485,
-510,
-1785,
-18615,
-49215,
23460,
-5865,
-86269,
-105825,
1293,
-52177,
-9847,
12339,
-52275,
22651,
5088,
-24480,
-22288,
-9690,
-11220,
-37740,
-23196,
-18360,
-22440,
-83130,
23242,
22695,
22089,
-17085,
-25500,
-2295,
57375,
-32863,
24517,
-510,
25500,
34570,
44115,
-36720,
24990,
-60054,
32130,
-5610,
17855,
64005,
-43605,
-25755,
-13779,
-27258,
27285,
8670,
38426,
2040,
-18870,
-66045,
-1856,
-12495,
-28305,
11220,
13260,
29835,
-13233,
23460,
-51255,
-20400,
-9716,
-255,
17596,
-240,
22185,
-9945,
39780,
38250,
-17340,
-30203,
13770,
22198,
5994,
1927,
11730,
17340,
5610,
-40035,
-20145,
58905,
10455,
23460,
21675,
10965,
-10926,
9180,
2382,
38396,
20768,
63671,
40545,
21789,
-35303,
-53295,
2805,
-7395,
41244,
-9945,
37485,
255,
7395,
-30075,
-53550,
-29798,
-2918,
23899,
52785,
-51483,
-36975,
5865,
-3252,
19635,
-10965,
-44625,
-55344,
-31620,
3060,
24480,
-19875,
1275,
-49215,
22185,
3063,
-44370,
3429,
5355,
-6375,
-1260,
-13118,
-2286,
-30989,
40545,
-19836,
-3307,
25755,
58540,
10071,
55766,
13770,
13770,
-4590,
-24627,
6120,
10639,
14535,
-18234,
-17085,
-15810,
-32301,
-58386,
2295,
33150,
-3248,
77256,
35190,
20175,
-39818,
4050,
-21675,
-7255,
7180,
-14128,
-9690,
-13005,
-13265,
-14816,
5892,
28815,
-31620,
43271,
46287,
18360,
-24708,
-45390,
-3628,
-21766,
-31730,
56100,
15810,
-15129,
-27030,
-40800,
-26993,
-66045,
-765,
-30458,
15484,
-21420,
-55590,
-49294,
-25245,
36465,
10710,
-1020,
-14280,
13770,
-38848,
-12448,
-50340,
3060,
-20145,
-9435,
-11481,
-72236,
-41310,
-9945,
-17406,
-28815,
-71145,
-9435,
-60945,
23460,
3249,
-17340,
-32761,
45135,
-6369,
9690,
-94782,
-80970,
-52888,
-31713,
-59379,
-19344,
-66502,
-19920,
-38337,
-98904,
-20327,
-49689,
-64332,
-474,
-18650,
8925,
-38232,
36258,
9200,
-91290,
-37462,
-976,
-15277,
-29325,
-59622,
-81577,
-50519,
-59225,
-89580,
-86648,
-53550,
11665,
35446,
80325,
41565,
93075,
-28815,
146370,
7140,
67575,
-2105,
-9180,
28752,
90475,
8365,
39933,
18105,
-7714,
65041,
125460,
81500,
62730,
81090,
88740,
57090,
50745,
32130,
16575,
25897,
137190,
110211,
115515,
10965,
-10710,
136425,
79028,
32782,
83130,
90525,
92775,
21165,
7395,
64260,
98471,
115515,
37995,
164084,
118575,
57375,
31365,
91821,
21591,
73695,
78285,
60370,
118830,
67830,
-25245,
91927,
50235,
91800,
105825,
82620,
69360,
89676,
59160,
73440,
104040,
40537,
59160,
36497,
24135,
103530,
62730,
62475,
44625,
80325,
38018,
61710,
53453,
58526,
95648,
48960,
94860,
7650,
48450,
38760,
109140,
62985,
116025,
51765,
23715,
40302,
67065,
100863,
19615,
27281,
-14600,
78030,
89514,
27308,
49215,
90015,
88995,
107802,
80835,
55590,
63495,
23970,
38415,
56355,
-5723,
3593,
1402,
106335,
26925,
65535,
85680,
86658,
122145,
93840,
37740,
113751,
38250,
61455,
50235,
147928,
54315,
36465,
50490,
70077,
66810,
55089,
65535,
66810,
89670,
125738,
95595,
55924,
107610,
66876,
52575,
23205,
34890,
64140,
90715,
49215,
53550,
65535,
68559,
43605,
68212,
44625,
83520,
79305,
102510,
11058,
38730,
17340,
56865,
35242,
78411,
77775,
29937,
35187,
52840,
42330,
53462,
67159,
98330,
28050,
65535,
49903,
91027,
49620,
60180,
0,
3250,
113236,
22695,
40950,
21930,
20763,
28665,
48150,
51510,
93585,
94548,
74205,
58905,
73837,
39270,
98175,
-997,
13897,
-1020,
27540,
36910,
29580,
72420,
44880,
57885,
50235,
24480,
-17530,
6944,
27098,
30600,
30600,
12750,
57168,
2677,
105060,
20655,
27858,
35190,
47175,
17850,
52530,
44625,
44817,
-1785,
45647,
108375,
129875,
56355,
75816,
-7059,
93223,
43983,
58638,
42063,
77705,
76551,
53439,
50223,
81220,
-23217,
8691,
39258,
87325,
29835,
18379,
66091,
28245,
66931,
31644,
104978,
64660,
141780,
105361,
60204,
86393,
58739,
39751,
51373,
66555,
53384,
15879,
129285,
47430,
44880,
88485,
92055,
107355,
97155,
84239,
107355,
146874,
73632,
92757,
48765,
148665,
139245,
47424,
78540,
98990,
64260,
42585,
49215,
36999,
31620,
79050,
-10200,
38339,
69105,
67428,
40545,
35700,
36465,
90525,
53224,
81689,
104805,
95115,
93235,
63750,
56100,
69105,
65800,
77775,
56355,
101453,
84150,
72930,
32385,
103404,
59748,
66810,
122145,
127589,
87975,
75225,
64260,
65614,
97920,
57120,
89760,
58395,
86190,
48528,
42585,
50490,
123165,
43016,
101745,
-6390,
112790,
53295,
94860,
126990,
126225,
114495,
-7371,
106845,
78747,
163767,
118089,
157335,
89250,
29070,
4080,
24225,
86700,
104805,
74970,
112200,
139485,
60936,
62730,
48084,
111788,
146349,
106679,
112200,
122361,
44139,
12750,
79815,
56610,
49084,
33660,
85680,
75735,
117300,
67910,
-11985,
3914,
23229,
58219,
55590,
50415,
58140,
108630,
126338,
138720,
39015,
32130,
-19251,
20910,
77010,
107100,
33073,
44625,
-11220,
21420,
50202,
61200,
59121,
77775,
72930,
129110,
102279,
21954,
3040,
54570,
89508,
62009,
79560,
125365,
79233,
84494,
111435,
93585,
59160,
127668,
1275,
63574,
115260,
41238,
23460,
23205,
69408,
39549,
63750,
122145,
132597,
58740,
109650,
97557,
65944,
106211,
54570,
33462,
69926,
56405,
103785,
75735,
43263,
63416,
120540,
107100,
65790,
-421,
24709,
134130,
118755,
14280,
36524,
15794,
29740,
66810,
109650,
88089,
93840,
40290,
79139,
16065,
68850,
-18081,
11299,
12750,
53295,
22019,
51000,
81345,
20910,
27540,
87720,
61710,
92695,
101484,
105128,
50745,
1275,
19380,
82143,
80404,
76245,
37995,
27555,
58140,
5610,
-4845,
77010,
24735,
72799,
118065,
159076,
94605,
87135,
54315,
17385,
67791,
-5943,
38856,
34338,
3738,
24204,
18033,
20751,
-11307,
40802,
103443,
139737,
89418,
25747,
27540,
108308,
140755,
140875,
12626,
104451,
131218,
127277,
84660,
49720,
99606,
83450,
58545,
100069,
46613,
87465,
96795,
187311,
168555,
121635,
133110,
74460,
186405,
103530,
122655,
140910,
136170,
144288,
125473,
105583,
95224,
75735,
116030,
187575,
166005,
156678,
110160,
172890,
163965,
123465,
123675,
127500,
98940,
119641,
147900,
146025,
111690,
129030,
112200,
161925,
133396,
117346,
122400,
139485,
105445,
159630,
122910,
106590,
168457,
134130,
85425,
114033,
112965,
175695,
96645,
178833,
95292,
103785,
79815,
84555,
125970,
103275,
126990,
144017,
108885,
150960,
112455,
132600,
85170,
134562,
109905,
176715,
124440,
109216,
115515,
143904,
106695,
164475,
114750,
100980,
119340,
140760,
120006,
108630,
139404,
107718,
116436,
124950,
121890,
87465,
106080,
93075,
154785,
67830,
122400,
128010,
91545,
122031,
111690,
146541,
116560,
62676,
83535,
148410,
142218,
141426,
148665,
146625,
154530,
151620,
90015,
90015,
93840,
109905,
141375,
144840,
109951,
102666,
121577,
137955,
155643,
155550,
129030,
116076,
135660,
156060,
119085,
129873,
103530,
112455,
121890,
168109,
161415,
150705,
81345,
146070,
150705,
148593,
99195,
101235,
120465,
157491,
153045,
100966,
99960,
150210,
117884,
118065,
103405,
115533,
120765,
170595,
114750,
141780,
141210,
82110,
106022,
77010,
95643,
107100,
93330,
139249,
133920,
97665,
119595,
122217,
101775,
131835,
120408,
76306,
121736,
79050,
112578,
113476,
117663,
120870,
116535,
123922,
137266,
111528,
125970,
132855,
100620,
128570,
112455,
131418,
109905,
139628,
77235,
121765,
91800,
133875,
110001,
114495,
121890,
106636,
157845,
119085,
124086,
146567,
86445,
146115,
110055,
132090,
121890,
118320,
134385,
128775,
103020,
96348,
125220,
144815,
139995,
126480,
90780,
91149,
103217,
162435,
110415,
101559,
143565,
104550,
98940,
166515,
133365,
140400,
126480,
120851,
127755,
136857,
125715,
164397,
147010,
127856,
150579,
106191,
129141,
116792,
114930,
113913,
137301,
123067,
115626,
134763,
83751,
102308,
91035,
-71016,
-50145,
-77179,
-81687,
-34142,
-65702,
-66104,
-29580,
-30255,
-64742,
-31225,
-67191,
-64121,
-85508,
-51510,
-13131,
-77987,
-102000,
-118320,
-66810,
-97920,
-47430,
-77265,
-91800,
-42966,
-58905,
-41280,
-36340,
-69235,
-28114,
-87210,
-73511,
-69982,
-46665,
-56334,
-104040,
-71655,
-49470,
-52485,
-1020,
-52530,
-30090,
-107020,
-70635,
-72873,
30090,
-58395,
-21930,
-15810,
-43087,
-87895,
-49725,
-36210,
-73715,
-79305,
-16830,
-64515,
-40072,
-55845,
-59160,
-33285,
-59925,
-62730,
-23205,
-77295,
-93054,
-69870,
-36210,
-63621,
-30345,
-60690,
-58650,
-10,
-39270,
-32130,
-83640,
-58905,
-48960,
-22164,
-32385,
-15810,
-15810,
-55506,
-92055,
-115562,
-96015,
-5355,
-68340,
-92820,
-60945,
-83385,
-60917,
-44880,
-44945,
-58970,
-45872,
-51510,
-52785,
-51000,
-41310,
-73440,
-72420,
-76245,
-83385,
-29835,
-58650,
-42456,
-78795,
-79647,
-78882,
-64942,
-65661,
-13770,
-61530,
-60662,
-29325,
-51255,
-29070,
-57138,
-39780,
-64770,
-83895,
-75735,
-32265,
-32895,
-58315,
-132062,
-16840,
-41565,
-18264,
-46155,
-55080,
-83738,
-52530,
-37485,
-53550,
23685,
-43605,
-52785,
-80835,
-47109,
-102255,
-31620,
18360,
-86817,
-39525,
-66120,
-60180,
-117555,
-44505,
-58622,
-9135,
-57438,
-56610,
-52158,
-79489,
-107100,
-89015,
-45228,
-104676,
-77010,
-70635,
-66045,
-58296,
-58650,
-56620,
-91290,
-56958,
-29070,
-23205,
-94094,
-55035,
-74205,
-64005,
-16316,
-39696,
-59670,
-24756,
-35330,
-75289,
-40800,
-42736,
-79087,
-72399,
-67320,
-42840,
-85111,
-63411,
-55749,
-54060,
-24735,
-75096,
-47443,
-56355,
-73089,
-50235,
-78009,
-69305,
-27560,
-119595,
-79560,
-53196,
-32640,
-20655,
-29755,
-53295,
-43860,
-74942,
-105580,
-36975,
-64515,
-46536,
-62220,
-71655,
-90015,
-81345,
-49215,
-70890,
-13629,
798,
-10101,
-23715,
-58140,
-60945,
-105309,
-67075,
-36720,
-50235,
-48500,
-43350,
-1020,
-44370,
-39270,
-105825,
-44898,
3570,
-6396,
-68085,
-76967,
-60945,
29325,
11845,
44494,
-234,
36834,
23064,
3354,
-39461,
1860,
39384,
55784,
3429,
42891,
3174,
28154,
-26010,
