# 633 (shape [1, 8, 8, 8]),
31875,
19635,
5820,
16215,
5100,
19977,
-1275,
41565,
-47175,
2825,
-14280,
-25119,
-17085,
-6375,
-2805,
-40335,
27030,
62730,
54825,
17349,
-2125,
37230,
12942,
-2295,
-5865,
82875,
4080,
47685,
37740,
36260,
51510,
-24735,
-9690,
21420,
32340,
67065,
25245,
-32895,
100596,
33405,
-3315,
58825,
60435,
1362,
-29325,
2550,
33710,
34673,
2785,
29223,
33915,
7650,
25245,
20910,
67446,
16320,
-4590,
-20400,
97410,
8925,
54570,
28560,
83640,
-8925,
5355,
-7650,
29615,
18618,
-10965,
-876,
-23715,
-10455,
-49215,
-44290,
-50490,
-49566,
-37230,
7650,
16830,
5645,
765,
34170,
9945,
-11718,
-28935,
-35190,
-43905,
-59160,
-34680,
22950,
-1785,
69105,
4080,
660,
14790,
3315,
-26265,
12750,
-8380,
-6630,
-30855,
0,
42489,
-35955,
-68085,
-31060,
255,
-51000,
-54060,
-7650,
21570,
-19967,
-54795,
-20583,
32130,
14280,
4335,
6375,
-405,
-35445,
-63750,
-42840,
15045,
8925,
27795,
-27540,
47685,
10965,
31110,
30855,
37025,
39162,
24735,
53145,
46665,
91545,
-21420,
2560,
23205,
12069,
24225,
52275,
68085,
47990,
-34170,
110160,
62985,
8229,
26690,
55845,
17547,
6375,
-24735,
70125,
23970,
65790,
33915,
38270,
32640,
91545,
-32640,
53295,
80120,
54825,
34425,
34425,
97749,
59670,
-7905,
87380,
60180,
51024,
7905,
52275,
63770,
73575,
2935,
47088,
44115,
46665,
66810,
81090,
66024,
54825,
-8415,
50745,
71910,
66810,
67320,
55590,
84405,
65280,
-101490,
-29325,
-28605,
-32304,
-40545,
-55395,
-81855,
-70380,
-69870,
-6225,
-17340,
-37488,
-42840,
-78540,
-34170,
-59205,
-24735,
-31110,
11730,
-7890,
-45720,
-4080,
-18594,
-26775,
-55080,
6120,
-9690,
41055,
-8925,
-40465,
-1785,
-74715,
-69870,
-37995,
-3105,
-35955,
-18360,
-26520,
10197,
21675,
-58140,
5895,
-30600,
-36264,
-42330,
-7905,
-5530,
-7168,
-51770,
-8979,
8160,
-52275,
-11730,
-45390,
-18948,
-42075,
-40545,
13770,
72930,
-13515,
4335,
-39780,
34425,
-20145,
56100,
19635,
-15840,
31992,
14025,
25830,
22185,
43860,
30345,
67990,
54825,
51420,
22185,
27795,
65790,
45870,
32640,
88230,
56865,
51777,
43790,
78795,
46161,
40545,
40800,
73950,
43860,
23715,
70380,
83910,
21420,
48195,
21420,
26010,
59640,
38505,
90270,
43605,
66465,
67575,
45390,
52240,
53295,
13287,
65280,
22950,
23985,
50073,
29355,
68001,
40800,
34425,
49980,
55335,
49506,
56355,
62475,
76245,
63750,
35955,
92310,
94860,
54315,
60690,
69105,
41820,
88415,
107937,
67830,
63333,
55590,
83640,
68595,
63440,
53805,
41703,
54570,
68850,
83895,
122075,
70125,
58140,
93330,
67245,
23620,
42330,
42411,
46155,
88995,
51255,
69360,
53040,
62475,
76885,
115260,
106335,
34680,
106845,
75155,
28050,
70125,
86955,
59043,
58905,
59925,
67850,
87210,
70341,
70380,
75735,
44500,
40174,
42440,
38505,
77265,
48195,
66300,
57375,
61497,
64260,
70125,
72675,
86190,
112710,
91545,
94860,
48960,
64515,
-48960,
-30600,
-60670,
-41574,
-6630,
-23469,
-51510,
-63750,
-83640,
-44410,
-58905,
-14082,
-67320,
-87465,
-43605,
-29560,
-77520,
-73440,
-39525,
-52524,
-57845,
-51510,
-56604,
-23205,
-95625,
-9180,
-62475,
-72420,
-52020,
-81155,
-90015,
-80835,
-93840,
-77520,
-64240,
-82620,
-69615,
-57120,
-62022,
-90270,
-72930,
-104580,
-115260,
-86241,
-54825,
-48705,
-99770,
-55227,
-87195,
-103491,
-61710,
-41055,
-72420,
-80835,
-76041,
-94860,
-42330,
-55845,
-64515,
-44370,
-57630,
-79050,
-92310,
-31365,
-48960,
-86955,
-84970,
-87507,
-68085,
-74322,
-62475,
-70890,
-33405,
-27530,
-11985,
-59283,
-71145,
-75735,
-115515,
-95170,
-34935,
-64515,
-49215,
-26838,
-4055,
24735,
-6960,
-3315,
-67575,
-12240,
3060,
-49215,
-31875,
-51500,
-61710,
-84405,
-31110,
-81345,
-34735,
-20910,
-29580,
-106590,
-35058,
-26775,
-29835,
-11780,
-64260,
-99753,
-60690,
-23715,
34945,
-46702,
-18730,
-42738,
-31365,
-18870,
-29835,
-51510,
-4791,
-48960,
-64005,
-28050,
-24735,
-60690,
-37740,
-37230,
-22695,
-63240,
