# 689 (shape [1, 16, 8, 8]),
25008,
58451,
82110,
114495,
78030,
68340,
58905,
29325,
-16375,
20817,
32640,
43605,
4411,
27361,
28909,
35955,
-8415,
44625,
61467,
38505,
-2040,
31110,
14790,
-2057,
-22428,
29325,
22492,
13260,
83385,
73950,
30931,
53295,
-30548,
-23460,
37445,
5865,
56610,
17587,
-21165,
1785,
-28560,
-38528,
5610,
62730,
65790,
-40545,
53817,
-34935,
-7184,
32130,
21420,
20307,
38760,
-11220,
5865,
-7506,
-12750,
19762,
20400,
-20145,
44880,
13005,
36720,
17085,
85412,
81659,
79560,
84660,
85680,
58395,
64515,
42585,
-1148,
-16279,
26520,
23970,
80988,
56508,
76640,
69615,
50235,
40035,
46244,
22950,
13005,
-13515,
-4845,
12141,
15134,
42075,
89785,
90015,
87465,
85170,
75888,
84915,
11500,
20400,
57570,
9180,
-24225,
16867,
38505,
45390,
-1530,
-6576,
33660,
68085,
37740,
77520,
-421,
-3060,
32576,
7650,
32640,
-17554,
-27030,
33660,
26520,
4023,
-13005,
12291,
57120,
30345,
29835,
59670,
38505,
100725,
20734,
40993,
39780,
45135,
36210,
43860,
24735,
26775,
39710,
76422,
15300,
31620,
-12537,
36678,
37,
23715,
-765,
57375,
36767,
40545,
4080,
70380,
57375,
36002,
24782,
66045,
33125,
11220,
3060,
39270,
36678,
14790,
30575,
60945,
97609,
65025,
62220,
20420,
69105,
38250,
59925,
28760,
47685,
70890,
36465,
17340,
123467,
104805,
42335,
60435,
27285,
11907,
53295,
13770,
115260,
81115,
13770,
18216,
11730,
11730,
87720,
81345,
49470,
45135,
12651,
21942,
17085,
-16575,
-10200,
255,
-1020,
23715,
47896,
49758,
67320,
59670,
91466,
31031,
64847,
49725,
70125,
14280,
38404,
30090,
51255,
54315,
41820,
24760,
77419,
63240,
41661,
57120,
3825,
17085,
39701,
9690,
85266,
49725,
21046,
18360,
-25500,
59747,
99705,
46155,
69615,
95408,
44370,
18360,
22950,
87210,
57019,
73185,
66622,
20655,
66300,
79338,
64260,
35700,
52020,
29651,
60690,
5582,
5865,
-18870,
-32130,
11220,
22695,
17850,
66843,
85761,
127500,
89760,
60945,
104805,
82620,
123420,
45144,
56817,
123930,
90525,
84887,
126452,
91040,
93330,
84915,
107355,
123853,
96645,
77775,
95880,
62985,
84789,
59338,
87975,
102755,
136425,
94860,
105570,
112682,
126225,
72155,
109905,
92451,
99195,
95625,
116886,
107100,
156570,
48195,
145619,
90270,
153000,
133875,
117045,
108553,
102000,
80429,
125970,
79560,
91242,
101745,
163965,
108375,
99571,
25755,
125279,
76245,
82365,
90015,
131325,
80070,
135405,
-50162,
-70130,
-91035,
-46155,
-41055,
-47175,
-35700,
-60435,
-38760,
-43681,
-62220,
-80325,
-45801,
-91191,
-59753,
-112200,
-7650,
-54825,
-38163,
-29580,
-11475,
-37740,
-24225,
-71363,
-36633,
-15045,
-40961,
-48195,
-30345,
-31110,
-47841,
-79815,
3664,
-7650,
-28406,
-37230,
-52530,
30659,
4335,
-36720,
-17850,
-43056,
-39780,
-19380,
-51000,
-14535,
9267,
-31365,
-69615,
-72420,
-76245,
-54391,
-65025,
-39780,
7650,
-76121,
-36210,
-8622,
-44115,
-36465,
-102765,
-66810,
-43350,
-40290,
123026,
69169,
76500,
86190,
96390,
66555,
126990,
88230,
125249,
87563,
95370,
77775,
91181,
61601,
95887,
84660,
158865,
60690,
103968,
97665,
115260,
91800,
111435,
88322,
127938,
88740,
70959,
96135,
119085,
96900,
107246,
101235,
142614,
110925,
95736,
132855,
109140,
142109,
111180,
94605,
152745,
102626,
146625,
140760,
106080,
98430,
130488,
127755,
135652,
112200,
81090,
69713,
77775,
103020,
159120,
111306,
139995,
109082,
114240,
121890,
99960,
88740,
99450,
85935,
-59872,
-70995,
-84660,
-62985,
-65535,
-67065,
-43860,
-68850,
-30602,
-15581,
-40545,
-58140,
-38379,
-58014,
-53881,
-49215,
-20910,
-70890,
-39341,
-2805,
-12240,
-38250,
-11985,
-4372,
-30161,
-5355,
-42348,
-22695,
-65280,
-42585,
-53424,
-79050,
-2568,
-20400,
21304,
2040,
-52530,
32316,
19125,
60180,
1530,
-5657,
9180,
18615,
-56100,
-14535,
23389,
46410,
-29493,
-61200,
-73695,
-70406,
-80580,
-43860,
50490,
-28387,
-50490,
-73008,
0,
-24480,
-69870,
-21420,
-41055,
-10455,
-60620,
-46628,
-58650,
-61200,
-82875,
-70125,
-87210,
-90015,
-48031,
-44039,
-51255,
-46665,
13995,
-17625,
-47135,
-51255,
-58905,
-48450,
-66203,
-47175,
5355,
-11985,
-65790,
-23200,
-78443,
-67320,
-59472,
-38250,
-14790,
-57120,
-58170,
-19635,
-45192,
-53805,
-40023,
7905,
-21930,
-55315,
255,
28050,
-40800,
-22229,
-42075,
-30090,
-36975,
-45645,
-42743,
510,
-30256,
-6375,
-12495,
6451,
-6885,
-10455,
-41820,
-43357,
-29070,
17055,
-57375,
14280,
-22695,
5355,
-18105,
-5355,
-12535,
28436,
10455,
35190,
23970,
32895,
7650,
32130,
-18523,
10208,
21165,
30345,
29721,
24111,
25856,
6375,
-4080,
21165,
34173,
52785,
14535,
34935,
-1530,
34338,
-18612,
-5100,
5521,
-4335,
4335,
-24735,
16971,
29835,
1951,
-6120,
22150,
10200,
49470,
-14436,
25500,
41055,
-4590,
-3246,
27540,
-13770,
45390,
-23970,
11733,
41820,
-1399,
49470,
34935,
19898,
34935,
-8160,
-16320,
23332,
-27540,
38442,
1020,
-1530,
23205,
43860,
35190,
16320,
-22768,
-17305,
-47940,
-3825,
7905,
-25500,
-24225,
-51255,
-26708,
-33213,
-66045,
-65535,
-24391,
-46066,
-51239,
-63240,
-31365,
-7650,
-59920,
-34680,
-29835,
-18615,
-13770,
-43072,
-42325,
7395,
-21017,
-27795,
19635,
-46920,
-35866,
-16320,
-22292,
7140,
17878,
-15555,
23460,
-22564,
-8670,
4845,
-1530,
7107,
11985,
-7650,
-40035,
-25245,
47690,
64515,
-42070,
23460,
-24480,
-57183,
-39270,
-35445,
77775,
23028,
-49980,
3608,
-14790,
8160,
39525,
36210,
5100,
-35445,
39803,
27276,
37740,
23970,
33405,
40800,
29070,
31365,
-2955,
18534,
35955,
19635,
-3354,
-12024,
25739,
-21165,
31620,
-31365,
9958,
1275,
-21675,
-36210,
31110,
1283,
-30332,
-4335,
11337,
-74205,
-11730,
-8925,
-2334,
-49725,
-6003,
5865,
-27881,
-36210,
31110,
49046,
7140,
-59925,
13515,
6680,
-255,
-27795,
-14535,
13260,
-72407,
-90270,
-13468,
-50235,
-31365,
-29661,
-33150,
2550,
-72420,
-125448,
-16065,
-5088,
-14535,
-64260,
-58650,
-15810,
-255,
-30600,
88654,
-6865,
-4590,
22440,
54570,
17850,
44115,
-25755,
5174,
-48516,
-40800,
-35190,
6029,
-23551,
-4512,
-36210,
57375,
-46665,
-10819,
-12240,
5355,
-23205,
-27030,
-30506,
50891,
-13515,
-20593,
23205,
32130,
4590,
-5446,
6885,
43157,
-20655,
-38770,
-765,
-29835,
-7707,
19125,
-3570,
26520,
-7051,
35700,
30345,
4335,
-14790,
-21019,
-26775,
20540,
6885,
-11220,
-22506,
-32130,
-17595,
13515,
-8700,
19125,
-24622,
-9690,
1785,
-36210,
-46665,
-40545,
-4335,
-361,
-12677,
-18105,
255,
-3825,
-13770,
16320,
2295,
-45947,
-38859,
-16575,
7650,
-21868,
-43288,
11176,
-44625,
-20145,
10200,
-13272,
1020,
-35700,
-54060,
-27540,
-46321,
-17097,
-3060,
41041,
5610,
3570,
-20910,
-31048,
-37485,
-38774,
-32895,
-53999,
-76500,
14280,
7345,
5355,
6630,
-65025,
-33602,
-55590,
-27285,
-24225,
-17850,
-61467,
-96390,
-47960,
-57885,
-18870,
5256,
-21675,
13005,
-30090,
-103203,
-65535,
-33241,
-56355,
-57120,
-54570,
-23970,
-11220,
-4335,
-62760,
-53461,
-26265,
-37485,
-57120,
-34680,
-72930,
-79305,
-115005,
-93994,
-88230,
-60180,
-63030,
-27585,
-73770,
-29325,
-127500,
-33915,
-92733,
-45390,
-64260,
-68850,
-115005,
-77676,
-91458,
-92310,
-76906,
-104295,
-44370,
-66045,
-82410,
-6120,
-102916,
-114240,
-77583,
-120105,
-68085,
-118780,
-78285,
-46920,
-118575,
-81433,
-93330,
-80325,
-82875,
-102765,
-63918,
-14790,
-74527,
-34935,
-35445,
-50644,
-45135,
-105315,
-43605,
-8409,
-119340,
-79860,
-46155,
-48960,
-16575,
-15555,
-58140,
-37740,
-60309,
-82218,
-85935,
-53295,
-37740,
-23715,
-51765,
-53040,
-78486,
-100581,
-86445,
-111945,
-78272,
-77762,
-116396,
-119085,
-42330,
-48960,
-72287,
-77775,
-89250,
-63750,
-101235,
-72284,
-74837,
-33915,
-81439,
-71655,
-31110,
-29325,
-79802,
-54825,
-72259,
-41055,
-69941,
-63240,
-54825,
-85378,
-83385,
-117810,
-88230,
-61918,
-66555,
-53550,
-51000,
-33405,
-42197,
-51255,
-77936,
-40035,
-117810,
-86301,
-88740,
-91290,
-54825,
-31419,
-56610,
-27119,
-91545,
-61455,
-22695,
-71145,
-58140,
-58650,
