# 553 (shape [1, 8, 16, 16]),
-83064,
1337,
-11032,
346,
4555,
-2384,
10601,
-13005,
-9883,
-87587,
-100902,
-60265,
-21794,
4676,
51000,
-28705,
-105309,
88740,
36525,
52772,
30000,
32805,
61110,
78195,
93860,
39015,
53991,
60741,
13756,
6177,
105735,
141524,
-64438,
117555,
64021,
36951,
32385,
72390,
76819,
51125,
85425,
48887,
130205,
39723,
25734,
-8295,
-255,
123367,
-39525,
55838,
113495,
88995,
39780,
60805,
58140,
54782,
42330,
107523,
78540,
88740,
95062,
42585,
-31605,
72890,
30615,
44898,
46665,
130050,
64685,
106080,
25755,
90780,
100063,
110053,
30345,
71145,
104295,
111180,
48723,
75270,
33660,
102510,
936,
40800,
80008,
78268,
66030,
31620,
83895,
94095,
-1275,
-6497,
113985,
101380,
79999,
81488,
-31455,
31620,
22950,
66810,
68340,
41565,
41565,
37995,
72675,
118522,
67446,
29940,
49758,
84991,
119017,
157760,
105039,
80145,
55468,
82110,
104040,
74970,
81203,
43350,
66300,
61787,
105315,
23500,
-2295,
66710,
141782,
179425,
31187,
59556,
63240,
108885,
53598,
37485,
8415,
-2098,
42090,
765,
91545,
37485,
38275,
73440,
15614,
106080,
-62205,
64770,
28110,
37485,
41310,
92350,
33538,
-1158,
31921,
35898,
68079,
65981,
64770,
69002,
7152,
34233,
-64828,
54315,
8670,
63681,
33660,
83545,
123675,
77277,
-23715,
-26250,
68022,
50097,
123165,
82952,
90265,
111174,
-32895,
90261,
6895,
53248,
73950,
2799,
59407,
77896,
49725,
24990,
40653,
83301,
67551,
59925,
86401,
89420,
-45327,
54315,
83241,
91545,
49461,
35622,
50860,
12240,
37174,
76030,
31110,
8415,
64670,
43860,
74205,
103153,
-23103,
56100,
162633,
124865,
8452,
34425,
84405,
33915,
83130,
33602,
107921,
129826,
57189,
-27030,
79560,
109395,
3207,
68245,
114240,
109905,
34225,
39015,
80835,
17850,
64770,
87705,
162746,
126225,
150062,
55845,
14062,
94605,
5226,
130306,
163501,
109128,
102379,
129747,
88729,
51796,
103995,
99936,
70511,
130791,
185583,
163686,
120929,
37697,
-143848,
-49101,
-68897,
-120494,
-72263,
-98618,
-60037,
-63495,
-26151,
-76642,
-27725,
-51760,
-31179,
-71371,
-47430,
2840,
-105708,
-101490,
-140475,
-75642,
-66900,
-90360,
-106170,
-23805,
-34570,
-1275,
-46386,
-66513,
-80436,
-56856,
-23295,
-76082,
-103358,
-63495,
-67661,
-67917,
-80070,
-810,
-18159,
10610,
-21675,
-12790,
-48010,
-83190,
-134232,
-88920,
-119340,
-80972,
-85425,
-108327,
-31210,
-66300,
-101490,
-34745,
-102510,
680,
1785,
-71282,
-42075,
-26265,
-111803,
-130815,
-120600,
-55762,
-63297,
-102876,
-27795,
-22695,
-111685,
-81855,
-76755,
27795,
4769,
-35364,
-9690,
-7140,
-44625,
-58140,
-49581,
-125085,
-85170,
-48960,
-59256,
-70125,
-115447,
-8755,
-29475,
-24990,
-10200,
-31110,
-36975,
-51652,
-34680,
3419,
-52072,
-81276,
-56985,
-27795,
-50235,
-59670,
-143820,
-68085,
-99705,
-81855,
-38505,
-40937,
-30456,
-36150,
-16407,
-17319,
-25377,
-25750,
-5390,
-24510,
-12892,
4590,
-53295,
-54315,
-101261,
-88740,
-56100,
-16137,
-52275,
-5635,
-33150,
-64840,
9495,
-63001,
-100797,
-22176,
-63495,
-57375,
-36092,
-69360,
-63495,
-90053,
-82677,
-81855,
-64260,
-64260,
-28695,
-58395,
-7836,
-73950,
-75000,
-34425,
-99495,
-99705,
-83385,
-53830,
-56497,
-81027,
-25549,
-60240,
-49197,
-32932,
-96135,
-85232,
-59679,
-107779,
-82403,
-91800,
-31875,
-33942,
-81600,
-42601,
-52275,
-51009,
-125715,
-95610,
-84245,
-73377,
-102510,
-69942,
14443,
-76542,
-91545,
-83541,
20440,
-43642,
-14280,
-57189,
-57802,
-142316,
-73695,
-115005,
-109895,
-15396,
-18486,
-44115,
-115434,
-97150,
-85788,
-30855,
-10971,
-54825,
-51486,
-59202,
-8225,
-143565,
-33335,
-64158,
-13005,
-765,
-70960,
-47430,
-60945,
-108517,
-78339,
-33150,
-56670,
-15550,
-2547,
-81090,
3570,
-83640,
-115515,
-74498,
-25356,
6988,
-128699,
-47175,
-32385,
-113220,
-111600,
-69376,
-47685,
-5610,
-40229,
-8415,
-9690,
-68850,
-6375,
-150,
-43946,
35700,
-56247,
-105570,
-58390,
-85425,
-107898,
-45338,
8611,
-68334,
-75129,
-87027,
-81748,
-108554,
-43908,
-21915,
-62785,
12255,
-17115,
-40020,
-115521,
-62815,
-1776,
30318,
-29330,
16236,
-7314,
-38223,
-59550,
-56100,
3288,
-56704,
-76081,
-38187,
-10624,
-72715,
-22695,
-45252,
-26377,
-47175,
-3090,
-29699,
-45285,
-113880,
-37890,
-93990,
-68937,
-33405,
-104658,
-42636,
-38454,
-117881,
-79455,
-89715,
-67045,
-1275,
54931,
43683,
26775,
92145,
14839,
44618,
-5865,
23112,
8364,
-12154,
-20375,
-56670,
-6120,
-59675,
20400,
-18599,
6114,
-4590,
4845,
21020,
45900,
41116,
-17850,
13050,
16830,
46410,
-40463,
2040,
-14910,
-29035,
-21807,
17169,
-34425,
48195,
-5037,
27285,
52020,
70380,
-30031,
17132,
72675,
40035,
1275,
20655,
57714,
-16545,
-84915,
48960,
56848,
68850,
68591,
39891,
-19620,
6885,
33915,
45900,
35445,
13676,
7905,
13244,
82948,
39125,
5475,
43350,
50235,
60180,
56865,
3825,
34935,
2040,
1530,
-770,
663,
27090,
98886,
35324,
28038,
16128,
-80852,
19860,
29741,
54060,
52530,
67575,
22823,
19380,
35445,
44146,
45390,
63010,
57120,
38199,
113243,
-15837,
-100439,
-3864,
41565,
64005,
57854,
-6885,
-27285,
50349,
-8802,
-4080,
52020,
100725,
46615,
171615,
113855,
-8925,
13836,
45390,
59760,
36465,
32385,
21955,
43256,
53610,
11928,
-6544,
66990,
13609,
53550,
85404,
15888,
-87355,
-48081,
0,
37995,
56586,
48195,
31593,
74715,
47253,
17850,
16200,
53107,
71715,
48450,
54601,
42119,
-22935,
-57375,
-25338,
47744,
40577,
125460,
53572,
72976,
-22274,
6375,
-22950,
30387,
52258,
38601,
47940,
25805,
-62667,
-82739,
-43350,
22791,
34170,
77039,
30900,
41420,
22185,
61599,
64618,
58140,
15555,
969,
27540,
29580,
5516,
3147,
9435,
34766,
78348,
124054,
76245,
118575,
89250,
-29835,
8274,
17981,
3443,
-36975,
32895,
30855,
-36210,
57027,
48678,
35445,
111435,
24160,
65025,
94350,
31875,
28305,
67335,
22654,
37230,
74005,
31365,
22222,
4845,
-37809,
-8151,
27627,
17256,
-17710,
37401,
32708,
-60662,
-32795,
35793,
-54018,
-24897,
-8379,
21258,
-53306,
-21869,
51980,
61199,
93305,
39224,
73986,
42116,
29310,
45900,
46154,
-4448,
74760,
19556,
10570,
33171,
-6120,
15911,
-24572,
-29835,
-31065,
-5624,
-26730,
-52230,
24270,
-48915,
-67399,
-117810,
16608,
-57787,
-5225,
21564,
-71355,
-19679,
-6387,
-68085,
-88588,
-55615,
-47430,
-91245,
-48676,
-63973,
-22440,
-166492,
-19598,
-36966,
-72261,
-27495,
-78540,
-41124,
48960,
-113188,
-9698,
-75735,
-54825,
-2915,
-26775,
-50407,
62475,
-141399,
-17595,
-33150,
-53290,
-36210,
-106965,
-118503,
-13014,
-102993,
56355,
-5865,
34346,
-42330,
-84915,
-113220,
-5162,
-64617,
-58905,
-8160,
-29580,
-10965,
-93558,
-70155,
-82110,
-47940,
-40316,
-36210,
-31364,
-66786,
-56595,
-48960,
46155,
-5100,
-63495,
-107723,
-17340,
-19367,
-78156,
-91675,
31395,
-22950,
-16575,
-105060,
-68850,
24480,
-13515,
-13515,
-6885,
-16644,
-74931,
-2895,
-46833,
57266,
-25284,
-6709,
31502,
-30861,
-93188,
-150960,
-45645,
-76500,
-48006,
-58905,
10965,
-38054,
-28305,
-60930,
-64260,
-53768,
-41879,
-30416,
111121,
-56298,
-66300,
-61965,
-36912,
-8925,
-28560,
-43968,
-87474,
-44880,
-65025,
-17340,
-84390,
-75735,
-105650,
-14025,
-40797,
-89250,
-5751,
-44370,
-8925,
-56340,
-84008,
-42576,
-121259,
-8661,
-78996,
-79807,
-54825,
32010,
-35574,
50564,
28197,
-9945,
-60180,
-73332,
-68340,
-32201,
-62220,
-93459,
-77010,
-46530,
-48636,
-122901,
-62730,
-26069,
-55523,
15546,
75225,
-56070,
-46448,
-45420,
-65280,
-55195,
-17614,
-38698,
-25755,
-54825,
-124700,
-60716,
-12468,
-20910,
-117962,
-4414,
78927,
7905,
-10938,
-80835,
-57943,
-35281,
-79670,
14790,
-14774,
-51604,
-102765,
-110415,
-55043,
-146625,
-50235,
-69473,
3901,
-53040,
-105561,
-93154,
-59680,
-40545,
-51000,
-66045,
-57630,
4737,
-75823,
-31573,
-121485,
-34425,
-63495,
-115770,
-21936,
-114566,
-80325,
-75735,
-126546,
-68595,
-131070,
-59160,
-129795,
-66540,
-59727,
-67065,
-116256,
-41310,
-77004,
-72930,
-126567,
-132132,
-122758,
-116118,
-96966,
-67054,
-147592,
-60975,
-69217,
-149649,
-55772,
-74169,
-115842,
-32349,
-100039,
-54232,
-33132,
28098,
21230,
-59670,
-15206,
-21886,
-2755,
-39780,
-38967,
-68317,
-55874,
-45455,
-54438,
-76703,
-58650,
48355,
74206,
48960,
35625,
26903,
-25860,
112605,
-105,
4995,
-68825,
-41055,
-12678,
59110,
-30058,
-10407,
-28920,
63941,
131086,
135405,
120515,
78617,
145860,
62970,
47881,
30191,
20910,
6768,
15697,
100688,
111996,
119820,
23460,
71621,
154020,
73418,
63772,
122655,
125460,
105270,
71400,
52781,
96900,
125501,
125970,
60690,
184994,
117300,
94020,
78846,
87741,
55761,
48960,
72420,
31555,
120360,
79305,
23715,
127335,
81939,
112455,
148155,
107865,
118830,
124611,
117510,
97665,
134385,
40792,
85425,
8702,
61328,
143775,
119340,
80835,
93585,
111945,
111713,
104040,
119243,
105191,
218524,
89430,
75735,
-1020,
48195,
95370,
84915,
106590,
113985,
88485,
84881,
80847,
73740,
96528,
27520,
35706,
68275,
124781,
49149,
85703,
43095,
103530,
93075,
98367,
104805,
73695,
78773,
31875,
48870,
57120,
-18218,
-26728,
48322,
86423,
60000,
113985,
97410,
140208,
158610,
106845,
68125,
139506,
62220,
93075,
22950,
141808,
61965,
65804,
150960,
83337,
80580,
90534,
60945,
84660,
109815,
152258,
110895,
67909,
134348,
70701,
53595,
46155,
68851,
84540,
188209,
106885,
56610,
100725,
88704,
93330,
105442,
81345,
123045,
126735,
131250,
53373,
90495,
17085,
74183,
53092,
93456,
87720,
74562,
31107,
60235,
4845,
44282,
101562,
97610,
59415,
68340,
53728,
116017,
76395,
20400,
-12740,
66490,
72691,
50745,
32025,
22440,
-8562,
62070,
59625,
71400,
86571,
100459,
94350,
70890,
95002,
26520,
88995,
60968,
-41143,
-27285,
-12787,
13705,
62521,
80070,
54060,
57630,
53805,
33700,
30665,
36524,
34238,
73440,
59925,
110415,
102813,
34297,
121380,
46410,
42393,
50235,
64770,
56865,
43350,
17805,
89150,
-29835,
74815,
135660,
124775,
125715,
107091,
45651,
121528,
86058,
104112,
95690,
105755,
90321,
88706,
73428,
107740,
-16587,
66321,
137688,
136151,
120866,
-21401,
46966,
63210,
41431,
66728,
95543,
99847,
122145,
138766,
108399,
164678,
126569,
118798,
132718,
98685,
78059,
13839,
128265,
82530,
31841,
104640,
70470,
110250,
134985,
126449,
125715,
177579,
100152,
115393,
70275,
134220,
130065,
79554,
65280,
111740,
48232,
54315,
41355,
74061,
59124,
87720,
33428,
117644,
99646,
101343,
49830,
46410,
20347,
103530,
59599,
71474,
117045,
100470,
82015,
90780,
50903,
71400,
83395,
79050,
40290,
121088,
122400,
106155,
19166,
109014,
81423,
75735,
92310,
122999,
65535,
66810,
113730,
80090,
110676,
50235,
60945,
42585,
79050,
53883,
50205,
53805,
101745,
22871,
77775,
-16590,
96666,
66780,
95625,
108630,
124440,
101490,
17109,
86955,
73392,
150507,
109500,
173235,
95880,
39780,
-2040,
29325,
74970,
113985,
96645,
118575,
115207,
54561,
72450,
34824,
84758,
128568,
62309,
142267,
116316,
89019,
29835,
61965,
53040,
41689,
19380,
60945,
83516,
133875,
76835,
-21675,
-3226,
4630,
20734,
58781,
35460,
67320,
86190,
120218,
151215,
38250,
43840,
-34296,
28815,
90525,
87465,
15223,
34425,
-45452,
-16065,
112932,
48195,
85131,
69360,
73185,
115850,
117069,
15069,
43330,
69811,
71658,
89549,
79815,
115162,
48633,
72005,
118555,
99450,
120105,
101403,
8670,
47509,
105570,
53478,
22440,
13080,
51468,
39804,
57630,
106976,
91542,
67920,
133110,
101382,
63904,
99581,
58905,
27087,
42007,
59240,
77265,
82110,
85593,
58826,
92235,
115260,
67134,
4424,
56839,
123675,
107430,
15555,
27344,
-13021,
20560,
79305,
86791,
103896,
105315,
67575,
66899,
67575,
57630,
-62961,
32444,
8925,
77461,
18959,
28302,
71145,
13770,
21420,
44625,
49450,
67450,
104289,
112013,
65280,
6885,
20910,
76788,
92389,
70635,
38760,
52545,
53805,
-1275,
-13005,
55590,
81315,
66365,
133620,
172507,
124185,
107535,
23460,
16470,
52917,
-26343,
32991,
-2376,
-15095,
15789,
13188,
-7007,
-16152,
-1018,
104208,
91542,
65448,
-10795,
30758,
117233,
112705,
113005,
-4459,
66263,
77413,
87138,
14280,
-28310,
43506,
3380,
-19740,
41570,
-37792,
6375,
105390,
178386,
105060,
29130,
109949,
16290,
128745,
24195,
34395,
57255,
49215,
20163,
30868,
35546,
18184,
2520,
55085,
159015,
118320,
87573,
57471,
107865,
104460,
52026,
66315,
60435,
24003,
42121,
103002,
102675,
69165,
91035,
129960,
130560,
95146,
66676,
86955,
81090,
44755,
119340,
49306,
53805,
98842,
77010,
9180,
80883,
52275,
139875,
116252,
164808,
59592,
53550,
34425,
39930,
69360,
57885,
55080,
85604,
41154,
73950,
55845,
71145,
17850,
76167,
161925,
163200,
79560,
54391,
66555,
112284,
44202,
107190,
52275,
46665,
60435,
80325,
68241,
54570,
84324,
56718,
132182,
86490,
88740,
30090,
55590,
52530,
77775,
28560,
85425,
97665,
19800,
63891,
46845,
104976,
72700,
56114,
86340,
104081,
110988,
74871,
54060,
84405,
80325,
97305,
36720,
25245,
49799,
85680,
84255,
88995,
67876,
77636,
141977,
150014,
121008,
124185,
71655,
53346,
78795,
94350,
80195,
78363,
63495,
63495,
50745,
135214,
108630,
93946,
83130,
106035,
122655,
127428,
36975,
60180,
75585,
109806,
75270,
21151,
49197,
77280,
26339,
86955,
36511,
59178,
131574,
157205,
39780,
70125,
83835,
43860,
62672,
31620,
60198,
58650,
37365,
90724,
67620,
47175,
46994,
81672,
152520,
133365,
56148,
15616,
66656,
35190,
63618,
63570,
61743,
51510,
77010,
61447,
71986,
30693,
45390,
59483,
106995,
91850,
50745,
76188,
51000,
83018,
-3855,
54445,
56355,
60681,
53307,
64770,
17595,
21211,
95370,
88740,
146526,
126037,
45645,
94332,
41715,
61371,
69105,
44370,
83895,
54825,
32510,
57078,
54330,
111155,
105315,
99705,
95880,
40149,
38702,
95625,
19890,
12054,
87975,
47940,
31875,
107100,
51345,
81222,
66300,
106769,
99705,
96057,
143820,
143547,
103759,
71501,
93204,
71355,
105777,
96137,
83310,
84684,
92421,
70537,
65391,
100338,
46266,
108614,
139831,
-75096,
-51165,
-74509,
-150537,
-36949,
-58307,
-31550,
-29325,
-10875,
-35927,
34820,
-8796,
-16967,
-84743,
-6630,
-27276,
-51467,
-78540,
5040,
-50078,
-51285,
18840,
-45675,
-18900,
-64566,
-41565,
-23835,
18230,
-54556,
-6469,
-35730,
-182906,
-27397,
4335,
19656,
-88062,
-44880,
-11550,
-40802,
62260,
-74715,
51684,
-43525,
-25124,
-4023,
32730,
510,
-64605,
18105,
4343,
-57925,
4080,
51255,
-39290,
-18360,
29463,
-29070,
35153,
10455,
-38760,
4710,
-17085,
-17370,
-72531,
-37260,
-31854,
-41310,
-16575,
-3696,
34680,
-255,
-14535,
11586,
13754,
34680,
-43350,
-30090,
-4845,
65301,
-18750,
25245,
1275,
19209,
-69360,
-95927,
-53564,
66180,
-5865,
-42585,
21930,
-26010,
2833,
-15300,
21610,
-2870,
-54402,
58245,
13515,
-8415,
-27795,
-45390,
-9945,
-27030,
-510,
31110,
-22785,
-18996,
-33795,
-9777,
-45987,
-41435,
-151851,
-12570,
-17700,
-1247,
8160,
-16575,
-510,
-27048,
12240,
-58395,
24157,
-20400,
33270,
7395,
-35365,
-121169,
-59680,
-26588,
-28359,
-11985,
-15555,
-50333,
-27795,
-37485,
-8593,
22410,
-255,
-19380,
-24225,
-37164,
-59160,
26104,
-24990,
5748,
-17085,
-40620,
-38760,
-130305,
-19005,
38023,
24780,
4272,
-24359,
-39918,
-12169,
-14280,
-73102,
2712,
-96277,
-12163,
-40290,
-7650,
-25146,
-10710,
-18115,
-41565,
-3153,
47685,
4815,
-95054,
24525,
-60690,
-78353,
-2036,
-49131,
-12240,
19869,
49330,
7841,
19635,
23564,
-90375,
-27144,
-18615,
2550,
-17026,
-4506,
-38919,
-10455,
-47128,
-94986,
-10468,
7650,
-34479,
-3060,
-41544,
-55025,
-13280,
-71910,
-24777,
42532,
39015,
26010,
-1705,
65025,
-36465,
-132317,
-75158,
-9435,
-33794,
1404,
-44012,
-28560,
-56865,
-67830,
-12750,
-63928,
-15669,
-9912,
26109,
24990,
-28305,
-89505,
-47424,
10445,
2805,
-4845,
-23000,
-39015,
20910,
-8925,
-26265,
-15675,
-45542,
58650,
76388,
-255,
-16532,
-113220,
109560,
101269,
167914,
111456,
102863,
94377,
105609,
56164,
77763,
159489,
128969,
113334,
121686,
84774,
146020,
23343,
