# 827 (shape [1, 16, 4, 4]),
65280,
20799,
66555,
42330,
80855,
68340,
62783,
75480,
-34756,
54171,
46410,
25318,
3708,
21918,
11730,
36210,
-126225,
-73554,
-19380,
-33660,
-77151,
-172890,
-152945,
-112455,
-113661,
-133200,
-119085,
-98829,
-74268,
-88599,
-79815,
-63240,
19125,
21930,
19890,
47175,
-30226,
-25245,
420,
-17595,
-30891,
-33024,
16830,
30777,
2694,
-17805,
9180,
-4845,
-50490,
-85737,
-101745,
-104040,
-89663,
-145350,
-109395,
-102765,
-62749,
-143746,
-49215,
-98246,
-11619,
-81351,
-63495,
-80580,
-24990,
-73965,
-75735,
-41055,
-78474,
-57630,
-11294,
-17085,
-44353,
-8067,
-94860,
-18940,
-18531,
14910,
-27540,
8160,
-26775,
-31554,
-31620,
-50490,
31503,
-31875,
1235,
-27795,
22350,
17247,
62220,
-59708,
17043,
9465,
11220,
-3315,
-17595,
-27327,
26520,
54570,
-52621,
-41565,
30267,
-25500,
-53641,
-14756,
-9945,
-9021,
30090,
108138,
45900,
30345,
-59160,
-19884,
-26265,
-15810,
-82100,
-42075,
-59946,
-59670,
-115351,
-49779,
-87975,
-25773,
-96792,
-57171,
-33660,
-21675,
44625,
40980,
39780,
66810,
-31748,
58395,
57482,
58395,
20729,
67470,
39780,
52401,
1419,
25872,
81855,
16065,
36210,
-21453,
58905,
-49725,
31159,
59160,
42494,
6120,
28816,
-4231,
34680,
115025,
40335,
119577,
23460,
77520,
-10710,
-756,
-10965,
-21675,
55132,
25500,
38600,
2295,
-61348,
23146,
27540,
2513,
-39549,
-29427,
-26010,
-28815,
30345,
38319,
68850,
60945,
27129,
-6120,
-5866,
-11220,
102476,
22840,
28560,
52856,
-12042,
48867,
-16065,
-29325,
68595,
22350,
40800,
12750,
60443,
20400,
106262,
26775,
44065,
42183,
45645,
-20948,
106095,
104523,
38250,
42840,
127245,
125586,
137955,
85425,
42454,
107865,
109192,
79050,
-4465,
33873,
62220,
24811,
100131,
81144,
46920,
40545,
-765,
-29835,
-36210,
-106590,
43393,
-44880,
-66702,
-66300,
38889,
-57194,
-69105,
-92523,
-4845,
5685,
-41055,
-21165,
17340,
25989,
-7905,
34935,
10303,
5865,
83113,
40800,
21980,
42095,
35190,
29230,
-35982,
-61566,
-19125,
-71655,
