# 636 (shape [1, 8, 8, 8]),
27,
-24225,
-28242,
5205,
-25613,
-22353,
-23250,
22291,
-93652,
-66781,
-84750,
-135030,
-90021,
-103656,
-132575,
-88941,
-31704,
-60845,
-7656,
-56067,
-113001,
-26865,
-73616,
-129353,
-72285,
-81573,
-18769,
1530,
-63897,
-24940,
-51355,
-104805,
-116301,
-36516,
93285,
6390,
-87465,
-134745,
-744,
43800,
-26385,
-26600,
-24820,
-39476,
-39525,
-99705,
-74645,
-6127,
-38888,
-82242,
-58656,
-109809,
-80055,
-40035,
50616,
-79305,
-68085,
-112233,
54315,
-36720,
-55335,
-85935,
19380,
-117810,
-46335,
-71655,
-31215,
13528,
-138516,
-90636,
-105050,
-127888,
-98291,
-71431,
-104236,
-126840,
-76764,
-76116,
-14365,
-65606,
-72977,
-51223,
-25254,
-63392,
-49567,
-87254,
-49557,
-177708,
-120492,
-77190,
-29344,
31875,
-86585,
-24075,
-12180,
52530,
-140801,
-33291,
-64225,
-110772,
-132090,
-90956,
17534,
-44847,
-149562,
-129745,
-62924,
-145315,
-95370,
-6375,
-8051,
-11297,
-69186,
-146907,
58896,
25530,
3269,
-59415,
-44010,
-57885,
-104805,
-119119,
-49470,
-63750,
-49215,
-93840,
49980,
7905,
-68766,
-33150,
24798,
-22283,
-118311,
-60330,
-84395,
-5574,
-75204,
-11021,
-21150,
-69513,
-42567,
-71769,
-83290,
-27321,
-91885,
47908,
29853,
-2828,
-26697,
53032,
-37373,
-73624,
-141810,
19974,
34216,
29325,
-40787,
-41035,
-17119,
42840,
-145181,
-17826,
43400,
74376,
-56610,
-66218,
69079,
152889,
-94635,
48620,
91726,
15526,
-28305,
15300,
14564,
75105,
-32240,
20610,
29853,
58947,
46631,
40290,
57099,
89505,
-32385,
21326,
115515,
94605,
68085,
24735,
63495,
4590,
-49358,
43860,
33484,
8091,
24728,
-7455,
-27180,
-80629,
-80051,
-105084,
-76662,
-80976,
-45273,
-39567,
-55185,
-44095,
-11590,
-60374,
-42468,
-115853,
-118719,
-81255,
-97744,
-87296,
-120471,
-85568,
-140399,
-39015,
-59291,
-118240,
-9977,
-72930,
-33550,
-82295,
-115305,
-180831,
-66045,
-57901,
-86963,
-42327,
-105681,
-94575,
-25306,
-75929,
-109650,
-84660,
-127417,
-100243,
23851,
-15750,
-43743,
-44583,
-62908,
-116790,
-96978,
-94350,
-5100,
-53100,
-1785,
-81855,
-31875,
-53550,
5355,
-35445,
-81188,
-69870,
-120036,
-67668,
-36651,
-20580,
-38715,
-13436,
-24722,
38503,
-5561,
41382,
-18198,
-14022,
49085,
769,
-46566,
72692,
21582,
48414,
17188,
42314,
4099,
5936,
-31755,
25147,
-9943,
-54060,
21009,
-18345,
-85609,
12240,
-96771,
-71826,
23175,
-10269,
36465,
45574,
23830,
61038,
-34560,
22915,
10945,
-53173,
27795,
-42840,
19369,
-23877,
-54138,
-56021,
28722,
-12702,
48071,
15810,
10746,
57375,
-20400,
7768,
16830,
-11220,
15810,
56610,
43605,
-12240,
146926,
156825,
244136,
181507,
163283,
144933,
159505,
146545,
84025,
17876,
76078,
90861,
97863,
104559,
183815,
120315,
76122,
102710,
103473,
62778,
21957,
39056,
34554,
61772,
127722,
104851,
63094,
40800,
124356,
52660,
120657,
126735,
62775,
135270,
32060,
40173,
77010,
104421,
38038,
98502,
39747,
34445,
142907,
125070,
135660,
122910,
-414,
-19496,
128351,
13888,
17028,
89730,
50638,
72675,
36507,
62220,
153510,
76340,
41310,
151725,
129795,
162690,
37485,
107865,
-41139,
-12240,
-62095,
-46114,
-60936,
-40809,
-122095,
-132134,
-89606,
-101236,
-95080,
-66153,
-82926,
-93342,
-82915,
-95151,
-108690,
-83357,
-46461,
-53955,
-96070,
-88004,
-69577,
-94915,
-123774,
1191,
-118801,
-80580,
-101130,
-138530,
-112879,
-116025,
-88051,
-72136,
-113965,
-134295,
-74460,
-116922,
-105712,
-94644,
-140094,
-180570,
-125486,
-74557,
-107355,
-86445,
-111731,
-53187,
-25392,
-143035,
-108936,
-56436,
-181538,
-167535,
-162741,
-130815,
-16065,
-99439,
-86190,
6375,
-109905,
-90270,
-88995,
-120870,
-80896,
-182835,
-138409,
-83702,
-155818,
-157962,
-133385,
-36202,
20256,
-233,
63531,
-14937,
-17874,
-31770,
-71450,
-11086,
2381,
-52271,
-16599,
-13277,
60702,
59285,
16032,
94394,
-94392,
-7711,
44360,
42330,
97266,
-19880,
-85690,
-44115,
63364,
-29016,
19580,
102036,
21420,
-57550,
-9423,
53025,
-24267,
-21725,
-88615,
-91996,
-78030,
28815,
56176,
6338,
-36403,
-25096,
64236,
11214,
21748,
22185,
-711,
30090,
-39015,
-10241,
23715,
13770,
16830,
15555,
38760,
-5610,
