# 440 (shape [1, 8, 32, 32]),
72651,
26520,
11475,
27030,
8670,
8670,
12495,
34054,
31110,
-10455,
8670,
8670,
8670,
5355,
19860,
1020,
25500,
27735,
32130,
28815,
2040,
45135,
27735,
12495,
45135,
8670,
12495,
21042,
31110,
16575,
25245,
11475,
41310,
115005,
80256,
83895,
103275,
75225,
72675,
92310,
124695,
54060,
92310,
86445,
92565,
76500,
86945,
90015,
90780,
111180,
91035,
71845,
50745,
100470,
98940,
87465,
111180,
106845,
84535,
84500,
106845,
76945,
92820,
81985,
85935,
117045,
81535,
68595,
88995,
76755,
92820,
84915,
74991,
70125,
85935,
82365,
98175,
92820,
78540,
81090,
103275,
98175,
83640,
70635,
112455,
93775,
87465,
105570,
93210,
105825,
120360,
91545,
104550,
94410,
71910,
99195,
101235,
70570,
98175,
77520,
76500,
70635,
85170,
76247,
79560,
115005,
62220,
72675,
98175,
111825,
98175,
87465,
111180,
98175,
67830,
89820,
83640,
87465,
124950,
78540,
92310,
105825,
74970,
78540,
103405,
89855,
111490,
125970,
101235,
98175,
98175,
71910,
83640,
67830,
83640,
81600,
87465,
111180,
73695,
92310,
98175,
111825,
92310,
84660,
94095,
80481,
98175,
70380,
103275,
86445,
92565,
92310,
71845,
117406,
110415,
39525,
92310,
96645,
100626,
85182,
101235,
73695,
92310,
73695,
92820,
99450,
88995,
109140,
115005,
98175,
98175,
84915,
87996,
84915,
75415,
118575,
71655,
127500,
74460,
77710,
111180,
82365,
82365,
92310,
103275,
99070,
121916,
54570,
92310,
92310,
126735,
100980,
63402,
86190,
103275,
71655,
86190,
105570,
102000,
75225,
66045,
110160,
81090,
113730,
87975,
110415,
94485,
107100,
111180,
92310,
78285,
90270,
80070,
78540,
54060,
92310,
88995,
90525,
102510,
106335,
92310,
111825,
84660,
97155,
79815,
113121,
111180,
75225,
119850,
101235,
64390,
87050,
74460,
55845,
93075,
90270,
94350,
97410,
106845,
87465,
77775,
92310,
107610,
78540,
90015,
73695,
81090,
84660,
86445,
74460,
102510,
90270,
94095,
94095,
111180,
97155,
89469,
105825,
79050,
62496,
60115,
98175,
113475,
79050,
61455,
70000,
98525,
42205,
90365,
88995,
88995,
109140,
109395,
84915,
75675,
83640,
98175,
98175,
87651,
68850,
110160,
77710,
104175,
101235,
96066,
99705,
102000,
108375,
84435,
112455,
98175,
83385,
72930,
96135,
98685,
76500,
61635,
101235,
78981,
77775,
87465,
75225,
75225,
111180,
104295,
98175,
93840,
110415,
81090,
103275,
98175,
81090,
100090,
78380,
92310,
120870,
98175,
109785,
107100,
123420,
51000,
117045,
64770,
103275,
98175,
98175,
57885,
85170,
62220,
53295,
30090,
87720,
69870,
82365,
61455,
103275,
81090,
103275,
99960,
111825,
87651,
112455,
103275,
87651,
100725,
94605,
99960,
129285,
84915,
63516,
79560,
104230,
101235,
97155,
79240,
111180,
67830,
111180,
78540,
71400,
100980,
103785,
90015,
72165,
67830,
85170,
50745,
101745,
73881,
100470,
67830,
111180,
111825,
87651,
110160,
98175,
62475,
95370,
110670,
117099,
105315,
81386,
70570,
76170,
89469,
81090,
111180,
76630,
56355,
94095,
75480,
76500,
92820,
81090,
83640,
136170,
85680,
82110,
103275,
81090,
103275,
77265,
62730,
111180,
98175,
73695,
111825,
98175,
92565,
72675,
66810,
104487,
84915,
106845,
65475,
75025,
95091,
105825,
79560,
41577,
94350,
126735,
126735,
58075,
78540,
87651,
100470,
84915,
87660,
96056,
118575,
44115,
81855,
86445,
80580,
94605,
51765,
84405,
88230,
83385,
98175,
90270,
94095,
83385,
105315,
96831,
63495,
99195,
94071,
85680,
48705,
53805,
95370,
92310,
92310,
98175,
81090,
103275,
98175,
96066,
103020,
110415,
81786,
74460,
101235,
111825,
87651,
89185,
94095,
66555,
74391,
111180,
65790,
88230,
55335,
115005,
90270,
121125,
62985,
107112,
90525,
110691,
97600,
92820,
75225,
81090,
100974,
111180,
94791,
80580,
82726,
61200,
103275,
95370,
79815,
107100,
107995,
86540,
101235,
86445,
105315,
50490,
80455,
75065,
92310,
81021,
71841,
87210,
91035,
113220,
84660,
103785,
64422,
130305,
112200,
98175,
78540,
113985,
98175,
111825,
102765,
85170,
137445,
77615,
91545,
90525,
90780,
100470,
125460,
75480,
120870,
98175,
92310,
53481,
77520,
106335,
111825,
99960,
82365,
75480,
82365,
96066,
99705,
157266,
85935,
111180,
58650,
98175,
86445,
111180,
62475,
112455,
103275,
126735,
115260,
102510,
90270,
96135,
70380,
81090,
77775,
100470,
103275,
98175,
83640,
98175,
78540,
61455,
103275,
98175,
78540,
90015,
58075,
62475,
103275,
89772,
89469,
103275,
77710,
98175,
77710,
81090,
105825,
87651,
75670,
121125,
61330,
83729,
88995,
78540,
76500,
126480,
126735,
87651,
86700,
98175,
67765,
81090,
103275,
69036,
103275,
103275,
103275,
75225,
90270,
77265,
93585,
97410,
95091,
103275,
102000,
112455,
75225,
88995,
75225,
69870,
63372,
114240,
63750,
103785,
66406,
99450,
72675,
70510,
78380,
98175,
73695,
92310,
86445,
88995,
100470,
61455,
73185,
93265,
87210,
83640,
70510,
83225,
103275,
117045,
64515,
133875,
87465,
107865,
94350,
75225,
78540,
97410,
103530,
66045,
83640,
83640,
87465,
84660,
81090,
86955,
102510,
111825,
92310,
73695,
90270,
141270,
75225,
61455,
86065,
101585,
90015,
91545,
98175,
94605,
88995,
97018,
101235,
139284,
120870,
126735,
72165,
65025,
103275,
111180,
98175,
53040,
85170,
54570,
103275,
107355,
75225,
93231,
103275,
116280,
78030,
56048,
86121,
63495,
93840,
110415,
116535,
99450,
103275,
77520,
107865,
95370,
92820,
97410,
58537,
74845,
55682,
88734,
87210,
72675,
111180,
114495,
99960,
109650,
71400,
68016,
100150,
83130,
59670,
87651,
100470,
97677,
131941,
102510,
102000,
113985,
78540,
72675,
84660,
89691,
76500,
102255,
104295,
91545,
83640,
93765,
37752,
131835,
86190,
84426,
62475,
101235,
98175,
75225,
110925,
139284,
77775,
95370,
104726,
82555,
78795,
75865,
65787,
83385,
55080,
111180,
94201,
62730,
111825,
70510,
92915,
103275,
81600,
71845,
103275,
90525,
118575,
125205,
79815,
85425,
87651,
97155,
103020,
92565,
92310,
75480,
67320,
81090,
87400,
68361,
71145,
117555,
80325,
58223,
82110,
70380,
111180,
92310,
84660,
74715,
98175,
98175,
96135,
105825,
66810,
97665,
95046,
92565,
116025,
122530,
101235,
98175,
115650,
107100,
98175,
103275,
81090,
83640,
68016,
100470,
95625,
103785,
103275,
73442,
82365,
103275,
67830,
111180,
92310,
68470,
109235,
62730,
98175,
98175,
78030,
69615,
92310,
72675,
72675,
98175,
96066,
112467,
111042,
113985,
75225,
126735,
90270,
113475,
85935,
92820,
78540,
86445,
111180,
115650,
118575,
78540,
78540,
88230,
92820,
92310,
98175,
85935,
110415,
86190,
81090,
81090,
66045,
80070,
74205,
105315,
104805,
98175,
98175,
125205,
124510,
103020,
51255,
112455,
103275,
96066,
110160,
98175,
98175,
61455,
84426,
65280,
84975,
83385,
98175,
63601,
65280,
65535,
98175,
90270,
86190,
111180,
78285,
131325,
83130,
95115,
87465,
85680,
81855,
92310,
86445,
104817,
90525,
131325,
84660,
75225,
100470,
98175,
98175,
98175,
81090,
69040,
109530,
103020,
110415,
96645,
98175,
92445,
69350,
104805,
98175,
79690,
93935,
78030,
87465,
111180,
84915,
87996,
81090,
86125,
68781,
103275,
92310,
103020,
101235,
113475,
99705,
99960,
98175,
93210,
92310,
103275,
86121,
98940,
90525,
98175,
105960,
83640,
92310,
73695,
105315,
100470,
98175,
63750,
88740,
93075,
62730,
96580,
93840,
81345,
96645,
116535,
47871,
100470,
111825,
97155,
91407,
68340,
113730,
108120,
86806,
66810,
100725,
102255,
81090,
94605,
103275,
98175,
98175,
98175,
98175,
73695,
92310,
103275,
74970,
82365,
58075,
72675,
97920,
103275,
90270,
84790,
102510,
71655,
76755,
109785,
84660,
95625,
54534,
66300,
98175,
118320,
91986,
85170,
127500,
128010,
93516,
111435,
97155,
126480,
87975,
99957,
132345,
67320,
92055,
117555,
72930,
116280,
82110,
64926,
90201,
85836,
79560,
113730,
96921,
104805,
98685,
87050,
112200,
139740,
23673,
24225,
29580,
-11985,
32385,
32385,
37230,
27539,
27795,
-1275,
32385,
32385,
32385,
18105,
28554,
20910,
-20145,
21795,
35445,
49980,
15045,
7395,
21795,
37230,
7395,
32385,
37230,
36453,
27795,
59160,
-41565,
29580,
58905,
22412,
34146,
29325,
-1020,
-5865,
49980,
35700,
-23970,
50490,
35700,
13515,
29580,
42330,
26475,
47175,
25755,
16575,
-12495,
23715,
49725,
40545,
21675,
-5355,
16575,
-2550,
39559,
-8419,
-2550,
-3060,
-5128,
66079,
68340,
12750,
50745,
21675,
34935,
36210,
1785,
11220,
2814,
-21420,
20145,
38505,
6630,
32385,
33660,
17340,
-1020,
6630,
765,
20145,
-7905,
23715,
-5355,
-13260,
26334,
20400,
4590,
24990,
19380,
38030,
10200,
37740,
66300,
26775,
6630,
53550,
42330,
20145,
8925,
37299,
9435,
21420,
51255,
37485,
6630,
13329,
6630,
18870,
16575,
6630,
20655,
-2015,
38760,
26775,
34680,
33660,
35700,
20400,
56865,
33660,
40324,
18101,
3737,
50490,
66300,
6630,
6630,
19125,
765,
20655,
765,
23715,
-5355,
16575,
48705,
35700,
6630,
13329,
35700,
15810,
12240,
-12387,
6630,
47940,
-1020,
13515,
29580,
35700,
23715,
518,
22950,
7395,
9690,
39525,
-1422,
58611,
66300,
48705,
35700,
48705,
39780,
6630,
34935,
26775,
255,
6630,
6630,
11220,
-7131,
-7905,
22185,
19890,
13515,
18870,
23715,
45900,
16575,
13260,
13260,
35700,
-1020,
47464,
-18388,
20145,
35700,
35700,
1020,
-13770,
70939,
20145,
-1020,
31365,
22185,
49470,
11475,
-5865,
22440,
3315,
17340,
25168,
27795,
-1275,
34494,
28050,
16575,
27285,
23460,
18360,
12495,
8415,
50490,
35700,
34935,
8160,
18870,
48195,
35700,
13329,
11985,
40290,
56610,
6993,
16575,
23970,
35955,
12240,
34969,
-24994,
14025,
52275,
16575,
18360,
17850,
19635,
-2550,
-5355,
31365,
35700,
40800,
8415,
2295,
48705,
17340,
11985,
56355,
53040,
18870,
7395,
12240,
-6885,
16575,
40290,
50887,
20400,
40290,
23724,
-41820,
6630,
-9435,
45900,
19125,
26044,
-3064,
57919,
42326,
34935,
34935,
-3825,
-510,
11220,
30975,
-28560,
6630,
6630,
36951,
39780,
3315,
45900,
29649,
21930,
2271,
22695,
11475,
32130,
74370,
0,
18105,
5100,
31365,
40545,
35955,
-26265,
32013,
20372,
39246,
22185,
42840,
-5865,
-5865,
16575,
23970,
18105,
2295,
-1275,
17340,
-1020,
6630,
17340,
3349,
32636,
35700,
30090,
6630,
36279,
-7140,
1275,
70125,
11730,
-10965,
-1020,
6630,
6630,
33915,
16830,
18105,
23205,
28305,
46155,
43095,
13260,
19125,
-1020,
17340,
-1020,
27030,
13329,
36951,
0,
-1020,
36951,
22440,
1275,
-26265,
12495,
11220,
34944,
33405,
41565,
58395,
4845,
61965,
16575,
26520,
16575,
8415,
15300,
-21675,
21165,
2295,
10455,
20655,
8925,
49725,
48705,
34911,
40545,
26520,
16575,
13329,
36951,
11220,
6630,
30345,
23205,
12240,
58602,
37230,
23213,
27030,
4728,
50887,
17340,
16575,
13549,
-11220,
2805,
15810,
42330,
1785,
17340,
38760,
24735,
29070,
4590,
-1020,
17340,
-1020,
55335,
30600,
16575,
6630,
48705,
13329,
6630,
29580,
37485,
15300,
25026,
1530,
-2550,
17205,
20595,
68043,
28305,
43605,
981,
9945,
1020,
1020,
47685,
8415,
36951,
40545,
11220,
16950,
9923,
19890,
17595,
53550,
56355,
39270,
11475,
50745,
36465,
41310,
-23970,
6630,
7395,
12240,
-23970,
37230,
20121,
35190,
43095,
54783,
29070,
31110,
28560,
21165,
35700,
35700,
6630,
17340,
-1020,
6630,
2271,
3315,
-1275,
6096,
22440,
21930,
13329,
36951,
39270,
5355,
21930,
37971,
16575,
49470,
41310,
3315,
21420,
18360,
9435,
71655,
37956,
66555,
-2286,
6375,
39780,
-5865,
17340,
-6414,
16575,
38226,
62475,
23723,
21420,
-1020,
29070,
-5865,
-7140,
52564,
14021,
21930,
13515,
37230,
31875,
5134,
18356,
35700,
30321,
43581,
-1275,
17340,
6885,
-1785,
29070,
84199,
10455,
32385,
6630,
8415,
16065,
6630,
13329,
15810,
14280,
16830,
42581,
24225,
6120,
49980,
27795,
-22695,
27285,
30090,
6630,
27285,
56841,
21675,
23715,
13329,
27030,
13260,
22950,
38505,
2271,
22695,
84126,
68340,
16575,
38505,
6630,
13515,
16575,
30345,
-7905,
-1020,
1020,
67065,
18870,
18360,
-20145,
47940,
-6630,
-7905,
39525,
-1020,
6630,
37995,
6630,
8415,
19125,
-1020,
6630,
8415,
2295,
47685,
30345,
-1020,
73401,
50887,
-1020,
45900,
6630,
45900,
17340,
20400,
36951,
28560,
9435,
16609,
-23758,
34935,
39270,
42330,
5610,
1020,
36951,
38505,
6630,
35955,
17340,
-1020,
49956,
-1020,
-1020,
-1020,
-5865,
7395,
43350,
-9690,
19635,
68043,
-1020,
11475,
0,
-5865,
34935,
31875,
47175,
-127,
20400,
51510,
2295,
-10192,
2805,
37485,
53074,
32636,
6630,
48705,
35700,
13515,
34935,
40545,
19125,
41565,
20910,
45135,
765,
53074,
1781,
-1020,
61965,
66555,
15810,
-5355,
10710,
17850,
-5865,
8415,
19635,
27540,
22440,
765,
765,
18870,
11985,
17340,
13515,
18870,
13329,
35700,
48705,
18360,
10965,
-5865,
19125,
28084,
30851,
47175,
18360,
31875,
1275,
34935,
41534,
66300,
40242,
30090,
1020,
37740,
17595,
-1020,
16575,
6630,
38505,
16830,
54570,
-1020,
38760,
23970,
-15957,
-1020,
31875,
23970,
21629,
28791,
41055,
7140,
18360,
8415,
31110,
-1020,
-3315,
10710,
23205,
1785,
19635,
63120,
28339,
16627,
6591,
-765,
37740,
16575,
8925,
-26265,
14280,
15300,
38736,
33150,
12495,
-10455,
36951,
40545,
29796,
33923,
38505,
11475,
16065,
8415,
37485,
11985,
12216,
-18360,
43095,
23970,
18360,
765,
27678,
87681,
32640,
38505,
1539,
24480,
11730,
6630,
-5865,
7650,
40242,
15810,
23205,
-40104,
50490,
14535,
-3536,
17141,
-23970,
57885,
16575,
9698,
50745,
13329,
53074,
506,
-1020,
31620,
23715,
1785,
-4845,
27795,
30855,
56610,
30345,
36951,
4845,
3315,
29580,
35700,
22950,
15300,
17340,
3825,
-5346,
-7650,
36210,
-5355,
21729,
39015,
47940,
16575,
35700,
11985,
12750,
6630,
31875,
17085,
20400,
15300,
42585,
28791,
33405,
23970,
59959,
66300,
6630,
7209,
-7140,
6630,
-1020,
17340,
765,
38736,
40545,
-11220,
21165,
-1020,
42501,
30090,
-1020,
26520,
16575,
35700,
34204,
-5359,
-9945,
6630,
6630,
-2295,
17085,
35700,
37485,
37485,
6630,
2271,
32601,
82086,
8160,
-5865,
1020,
7395,
32385,
-2550,
32385,
33660,
13515,
16575,
7209,
27795,
8415,
8415,
4080,
1785,
35700,
6630,
-11985,
5865,
22185,
17340,
-8670,
30855,
12495,
18615,
-16575,
15045,
6630,
6630,
30855,
45540,
1275,
26010,
0,
-1020,
2271,
11220,
6630,
6630,
19125,
1539,
38250,
4200,
-23970,
6630,
18878,
9435,
6630,
6630,
18360,
20145,
16575,
17850,
23715,
9690,
16830,
-5355,
39015,
53550,
35700,
13515,
48921,
41310,
23715,
25755,
32895,
40545,
6630,
6630,
6630,
17340,
51688,
22764,
3315,
-1275,
34680,
6630,
57444,
9645,
15045,
6630,
55879,
7646,
-2295,
18870,
16575,
11220,
-7131,
17340,
1785,
31114,
-1020,
35700,
11220,
58395,
13260,
-21675,
-26265,
6630,
26334,
35700,
-1020,
20886,
24480,
13005,
6630,
33984,
24735,
35700,
48705,
37230,
40545,
6630,
51510,
38505,
38505,
30600,
26775,
2295,
12750,
29325,
8415,
57861,
40545,
13329,
40290,
83871,
41820,
16830,
28815,
-25237,
23970,
-8415,
-255,
17340,
1275,
-1020,
6630,
6630,
6630,
6630,
48705,
35700,
-1020,
56865,
25755,
47685,
29070,
18105,
-1020,
510,
38029,
14790,
33405,
36210,
36279,
15810,
-9945,
48592,
21930,
31875,
-3825,
17061,
22440,
-1785,
38250,
33126,
36975,
19890,
74970,
57885,
-17794,
1785,
15300,
17850,
21675,
54825,
19125,
30855,
47028,
37206,
34278,
41055,
16830,
19899,
9435,
25245,
-24994,
30345,
76245,
78669,
106335,
99450,
123420,
84915,
84915,
93075,
107154,
109650,
130560,
84915,
84915,
84915,
108120,
103338,
94605,
100215,
90990,
103275,
102765,
102510,
75990,
90990,
93075,
75990,
84915,
93075,
97515,
109650,
112710,
141270,
99450,
30600,
108557,
168809,
88230,
86445,
98940,
74715,
75990,
131070,
61710,
75990,
107100,
98685,
73950,
133550,
117045,
124695,
102765,
100980,
103900,
107610,
81855,
111945,
87465,
102765,
97665,
118793,
164527,
97665,
126340,
102437,
153473,
75990,
136425,
80950,
76245,
121890,
96645,
85935,
116790,
103125,
109395,
106335,
107610,
85935,
112200,
99450,
105570,
86445,
85935,
76245,
105060,
115005,
98800,
87465,
98685,
91782,
101235,
157590,
117045,
132345,
139180,
77010,
152235,
64005,
87835,
85935,
80070,
73950,
105060,
99450,
135757,
133875,
110925,
80070,
65790,
85935,
95862,
85935,
117555,
102765,
85935,
107355,
79535,
120360,
98685,
129540,
99450,
75990,
101235,
95880,
99450,
140978,
140047,
118952,
82620,
64005,
85935,
85935,
89760,
76245,
107355,
76245,
77520,
87465,
102765,
71910,
75990,
85935,
95862,
75990,
116790,
126480,
104652,
85935,
117810,
86445,
107100,
98685,
75990,
103900,
133835,
97410,
105315,
140760,
136935,
107202,
67547,
64005,
71910,
75990,
71910,
130050,
87210,
121890,
133110,
121635,
85935,
85935,
116790,
98025,
115005,
115120,
122145,
118575,
104805,
79560,
72790,
102765,
83895,
83895,
75990,
86445,
132308,
147186,
62475,
75990,
75990,
113220,
126990,
-18457,
105570,
86445,
111180,
91035,
126480,
94095,
98940,
134895,
111180,
105570,
129148,
117555,
111180,
115752,
126735,
102765,
107100,
80070,
115260,
91035,
75735,
61710,
75990,
121890,
116025,
115770,
106590,
75990,
95862,
82365,
99195,
90525,
98022,
102765,
126735,
127245,
109650,
136643,
135202,
116280,
135915,
110415,
115260,
90270,
107610,
97665,
87465,
78285,
75990,
106590,
75735,
88230,
71910,
105570,
82365,
97155,
125205,
115770,
118320,
126480,
124695,
102765,
99195,
41004,
101235,
106845,
77880,
118435,
85935,
154785,
91800,
95370,
174893,
116587,
139193,
110467,
121890,
121890,
106845,
87975,
116790,
125415,
110670,
85935,
85935,
121634,
94605,
111180,
72790,
86427,
87720,
147134,
90270,
94095,
121635,
65793,
96135,
138975,
117810,
88485,
84150,
163710,
110160,
111006,
132017,
134639,
111690,
97155,
98940,
98940,
102765,
132345,
138975,
118320,
111180,
105570,
86445,
85935,
105570,
119558,
96442,
75990,
103275,
85935,
97137,
97665,
110925,
23715,
98940,
106590,
86445,
85935,
85935,
107865,
80580,
108885,
72930,
100470,
158355,
117810,
83895,
95370,
86445,
105570,
86445,
91290,
95862,
121634,
96135,
86445,
121634,
117300,
99450,
112710,
81600,
116790,
84000,
89505,
94465,
82875,
147390,
77125,
102765,
103020,
102765,
75735,
84150,
145860,
119595,
88230,
135660,
107355,
99450,
107610,
105825,
145094,
81855,
103020,
102765,
95862,
121634,
92310,
85935,
101490,
100725,
111180,
104424,
123930,
126555,
77380,
130896,
41004,
105570,
102765,
114713,
108885,
102765,
98685,
73950,
85935,
105570,
120360,
87465,
108375,
100215,
86445,
105570,
86445,
87465,
100725,
102765,
85935,
71910,
95862,
85935,
98685,
65790,
96900,
112641,
115260,
97665,
134085,
99390,
69234,
82365,
129540,
169292,
109140,
113220,
113220,
62590,
75735,
121634,
81855,
116790,
124650,
129113,
122145,
134385,
77775,
97155,
119340,
125460,
84915,
108375,
116535,
110670,
85935,
118320,
126480,
110670,
123930,
138719,
113475,
98940,
77649,
108375,
129285,
126990,
115260,
75990,
75990,
85935,
105570,
86445,
85935,
147134,
128010,
111180,
110414,
85170,
87720,
95862,
121634,
97525,
110160,
95370,
135149,
102765,
104295,
116535,
135405,
110925,
115260,
111690,
83385,
142007,
81345,
97515,
93190,
130050,
98940,
105570,
113445,
102765,
113984,
83640,
119300,
141015,
86445,
96390,
95370,
97665,
142508,
140812,
87720,
107100,
123930,
75480,
109358,
119647,
75990,
127499,
119594,
105315,
128775,
90780,
126735,
100725,
-26872,
121380,
116280,
85935,
75735,
100470,
85935,
95862,
109140,
108630,
124185,
136732,
88230,
93840,
160395,
166770,
154785,
105570,
103275,
85935,
107100,
114749,
149175,
123930,
95862,
91290,
83895,
105825,
107610,
147134,
90270,
124694,
75990,
102765,
71400,
85935,
107100,
102765,
101490,
115005,
86445,
113220,
124440,
115770,
115260,
101490,
117810,
94095,
131835,
114240,
86445,
85935,
88995,
85935,
75735,
95370,
86445,
85935,
75735,
88230,
62590,
101490,
86445,
123647,
41004,
86445,
72790,
85935,
72790,
105570,
101235,
121634,
112060,
111690,
159338,
157102,
121890,
100980,
73950,
113220,
113220,
121634,
105315,
85935,
74320,
105570,
86445,
117554,
86445,
86445,
86445,
98940,
118320,
126225,
111945,
107610,
69234,
86445,
94095,
96135,
98940,
121890,
107865,
142800,
141466,
101490,
103530,
109140,
148880,
120870,
65790,
105023,
96442,
85935,
71910,
75990,
107100,
121890,
81855,
95370,
119850,
86050,
112710,
76245,
105023,
167842,
86445,
87720,
83640,
121125,
87465,
89250,
90270,
98940,
75735,
107610,
98430,
134895,
76245,
76245,
117555,
82365,
105570,
139230,
115770,
95862,
75990,
71910,
115260,
144585,
98940,
95370,
118283,
122197,
117045,
92565,
109650,
99450,
121890,
108562,
64005,
85299,
103275,
113220,
83130,
106590,
86445,
102765,
85935,
111435,
80580,
115770,
86445,
164475,
126735,
122247,
86445,
110415,
82620,
74427,
98429,
104805,
96390,
152745,
144840,
153510,
86445,
131835,
89250,
100725,
85935,
107610,
-30530,
115733,
134027,
103755,
87465,
110670,
102765,
87975,
112710,
71400,
84150,
111434,
91915,
107610,
113220,
121634,
81855,
111662,
104000,
103275,
94095,
100470,
75735,
65790,
82365,
147644,
91290,
99195,
132345,
92565,
76245,
115086,
14762,
116280,
116790,
89865,
105825,
101745,
85935,
98940,
111180,
85299,
120105,
100725,
127684,
95995,
101745,
124913,
132190,
110670,
110925,
102765,
108080,
66300,
95862,
105023,
170392,
86445,
93075,
103900,
141270,
95625,
103275,
93075,
90525,
81345,
121634,
147390,
128010,
98685,
75990,
105825,
129030,
105570,
114100,
87825,
85425,
99960,
111690,
129100,
95370,
117810,
102765,
75990,
82365,
91800,
85935,
109650,
114240,
101235,
96900,
130815,
173654,
133110,
124695,
83348,
64005,
85935,
107082,
97665,
85935,
86445,
105570,
76245,
111434,
81855,
143055,
119595,
86445,
85582,
109905,
86445,
103020,
102765,
75990,
122108,
160192,
83640,
85935,
85935,
95625,
111690,
75990,
65790,
65790,
85935,
147134,
105797,
61805,
119340,
98940,
113220,
118320,
112710,
125460,
112200,
99450,
107100,
102765,
107082,
103275,
75735,
75735,
115770,
85935,
75990,
85935,
161415,
143820,
91035,
105570,
108630,
98175,
91035,
116280,
134640,
90780,
85935,
85935,
93075,
98849,
132090,
98940,
96135,
86445,
147134,
92310,
85935,
85935,
95370,
89865,
130305,
138126,
110670,
85935,
109865,
118575,
147390,
85935,
115260,
105570,
102765,
107865,
112965,
117810,
103785,
87465,
113730,
77775,
75990,
107100,
96617,
68850,
112965,
122145,
145350,
81855,
85935,
85935,
85935,
105570,
110648,
98157,
128010,
111180,
106080,
85935,
117027,
143495,
90780,
85935,
172343,
109702,
95625,
117555,
102765,
116790,
98025,
105570,
101095,
85488,
86445,
75990,
109140,
82875,
87720,
112710,
112710,
85935,
91782,
75990,
86445,
117299,
77520,
82110,
85935,
117027,
89250,
75990,
71910,
123930,
81855,
85935,
103530,
135915,
98685,
100725,
99565,
118320,
105570,
139230,
144840,
135914,
81855,
95862,
99195,
51605,
164985,
128265,
140505,
161630,
139485,
104295,
127500,
105570,
99450,
86445,
85935,
85935,
85935,
85935,
71910,
75990,
86445,
95880,
77520,
62590,
96900,
99450,
86445,
122655,
146333,
128265,
96645,
96645,
97137,
116790,
125460,
63954,
96135,
109650,
129795,
150959,
100980,
141525,
127245,
155294,
117555,
159375,
129285,
142545,
138055,
146880,
129030,
128775,
136425,
127500,
131070,
111690,
122502,
147134,
130917,
148665,
128265,
115365,
127755,
143310,
135202,
130815,
119595,
-77454,
-42330,
10455,
-4590,
29070,
29070,
29070,
9490,
11730,
-21165,
29070,
29070,
29070,
36210,
-39333,
-67575,
18870,
-11855,
30345,
-5865,
-21675,
-10455,
-11855,
29070,
-10455,
29070,
29070,
29625,
11730,
765,
21420,
10455,
2805,
23885,
5289,
48450,
-21420,
57375,
44625,
45135,
6375,
37995,
45135,
8415,
15300,
43860,
-21155,
19890,
6885,
21165,
58650,
3815,
12240,
38250,
-10200,
-6885,
21165,
-51510,
-40219,
10492,
-51510,
-31375,
-10030,
-10129,
-46410,
3060,
40535,
33660,
19380,
14025,
8925,
-7395,
1306,
-24990,
-37740,
25755,
51510,
-7905,
25755,
-23205,
-21420,
51510,
-22695,
7140,
-11475,
-57895,
-6885,
26775,
2550,
-10455,
21675,
42840,
24480,
-17530,
-11985,
765,
-31620,
47675,
51510,
39270,
43860,
7140,
-46155,
24226,
44625,
21165,
17340,
43860,
51510,
8415,
51510,
21165,
21165,
51510,
19890,
8925,
-12240,
42840,
5100,
25755,
45135,
-10455,
28815,
25755,
-59599,
-3278,
30245,
-38505,
-31620,
51510,
51510,
65280,
-22695,
19890,
-22695,
-13260,
-6885,
21165,
39270,
45135,
51510,
8415,
45135,
-53295,
24225,
-39792,
51510,
13515,
-21420,
8415,
15300,
45135,
3815,
8109,
19635,
-27285,
-9690,
8415,
31608,
38306,
-31620,
39270,
45135,
39270,
19380,
-20655,
19380,
-35955,
-15555,
51510,
51510,
-7395,
541,
-39780,
-26275,
-8925,
-28305,
14790,
15810,
40535,
21165,
50235,
50235,
45135,
-21420,
-9364,
30316,
-23460,
45135,
45135,
26265,
28050,
-59726,
-50745,
-21420,
2550,
-11730,
14025,
51510,
57375,
25245,
-13260,
-23205,
-38930,
13515,
32640,
-7905,
510,
21165,
43350,
-20400,
8415,
-39270,
50235,
37995,
45135,
19380,
-45390,
16575,
15810,
45135,
8415,
-27285,
41565,
-8160,
9423,
21165,
-10200,
2295,
-15300,
-51439,
11002,
22950,
-7395,
-34170,
8415,
7140,
-29580,
-51510,
-6885,
-12495,
45135,
-20910,
50235,
21675,
39270,
-23205,
-27285,
36975,
15300,
16575,
24225,
24225,
-8160,
21165,
41565,
-63215,
-10455,
-13770,
-7109,
-7915,
51510,
10200,
34425,
-24480,
-75154,
-7868,
-42769,
20182,
19380,
19380,
-19125,
48450,
-7395,
-35570,
7905,
51510,
51510,
18804,
36975,
-13260,
40535,
-47175,
-11985,
31044,
49725,
51510,
46155,
-43032,
10200,
20145,
24990,
14025,
45135,
1275,
-37230,
24399,
4505,
14214,
-16830,
40545,
57375,
57375,
21165,
-21420,
20145,
-5355,
32640,
-23205,
-21420,
51510,
-23205,
-44809,
27067,
45135,
19890,
51510,
17850,
-5610,
17340,
-31620,
14535,
-43860,
-21420,
51510,
51510,
3315,
-24480,
-41820,
-17850,
-54060,
-56865,
-68595,
50235,
-24480,
-21420,
-23205,
-21420,
41055,
8415,
18804,
10200,
-21420,
18804,
20655,
-26010,
1530,
-62220,
-7395,
-11699,
-6630,
-35965,
-53295,
-14280,
38750,
21165,
2550,
21165,
50235,
15810,
6375,
14790,
21675,
-47175,
19890,
-46155,
12240,
27795,
-576,
38250,
2550,
21165,
8415,
18804,
8415,
51510,
-29070,
19890,
-20910,
9177,
13005,
32324,
-29080,
44034,
-63215,
-23205,
21165,
-36139,
-66300,
-4845,
-10710,
43860,
8925,
-23205,
-12240,
-32385,
-18870,
-15810,
-21420,
-23205,
-21420,
5355,
-27285,
21165,
51510,
39270,
8415,
51510,
15300,
43860,
7140,
-11046,
-65790,
-51510,
-38375,
-35970,
-49914,
11220,
13260,
17906,
-14535,
26265,
26265,
39260,
50235,
18804,
38250,
-7395,
-380,
22560,
-8925,
-30090,
32385,
36975,
-10200,
-72675,
-15555,
17850,
17850,
-37995,
51510,
24225,
24225,
-37995,
13005,
19569,
5100,
-23460,
-84339,
-18870,
-42585,
-47430,
-19125,
45135,
45135,
51510,
-23205,
-21420,
51510,
31044,
26265,
32640,
39969,
24735,
-11985,
8415,
18804,
31865,
-15555,
-52020,
23394,
21165,
11985,
17850,
-43605,
21165,
8415,
-51255,
35190,
-13459,
-53805,
13546,
33140,
19380,
57375,
-23205,
-12091,
21165,
-19191,
2550,
-11271,
-79815,
-21420,
2550,
12750,
-5610,
-8344,
18652,
-11985,
8415,
13005,
-32640,
-46084,
34207,
45135,
-6951,
17529,
14280,
-8925,
14535,
-3060,
36465,
-25301,
-19635,
15300,
51510,
50235,
8415,
51510,
8415,
2040,
-17595,
-64260,
-21638,
2550,
71145,
-37740,
-46665,
18360,
-36210,
19890,
51510,
43350,
13449,
1785,
16575,
8415,
41055,
50235,
-7395,
25755,
31044,
49725,
-66621,
-46410,
21165,
30345,
51510,
8415,
21165,
-29070,
-11475,
-21420,
26265,
-35955,
16575,
8415,
-14280,
13515,
-11220,
-255,
17085,
-21420,
51510,
40545,
51510,
50235,
-24480,
-21420,
51510,
50235,
21675,
39260,
-29070,
-21420,
9236,
-63215,
-21420,
40535,
51510,
40535,
-23205,
-10455,
18804,
3815,
-51255,
-13699,
-23019,
19380,
39525,
43860,
-19635,
26265,
18804,
18870,
51510,
32630,
-23205,
-21420,
12939,
-21420,
-21420,
-21420,
57375,
24225,
-3825,
28050,
-29580,
-49914,
-21420,
51510,
10200,
57375,
19380,
11475,
-7650,
-23062,
-255,
19890,
5610,
-8721,
-46665,
43860,
15881,
27067,
51510,
39270,
45135,
8415,
19380,
38250,
-24480,
18105,
-21685,
-20655,
-22695,
15881,
-32348,
-21420,
12750,
-1275,
-12495,
-6885,
-17085,
7140,
57375,
50235,
-29580,
49725,
25245,
-22695,
-22695,
21165,
-27285,
-23205,
-41310,
16575,
8415,
45135,
39270,
8415,
-22950,
57375,
-24480,
-46339,
-29798,
19890,
19890,
27030,
-26010,
19380,
13010,
-31620,
10962,
19890,
26265,
12495,
-54570,
-21420,
21165,
51510,
14025,
-24480,
12240,
-21420,
-14025,
-10200,
-7152,
-21420,
-32385,
-49215,
-17548,
42264,
12750,
21675,
19635,
-39015,
-26010,
-21420,
-46155,
-17085,
19890,
8925,
-29580,
-47870,
-72604,
-39712,
-21781,
-52785,
20400,
21165,
45135,
1530,
-63495,
15810,
17529,
8150,
-59415,
1530,
18804,
38250,
25046,
27999,
-10455,
51510,
8415,
50235,
43860,
-27285,
44814,
-15555,
14025,
-21420,
19890,
-22695,
19299,
-32329,
-35445,
-12495,
-53009,
-11730,
-45900,
51510,
57375,
24990,
10962,
3825,
19890,
53749,
36965,
-3825,
-51694,
-33884,
-37995,
20400,
21165,
19584,
27285,
8415,
15881,
28597,
-21420,
3315,
3815,
-26520,
-45135,
12750,
-8670,
-8160,
29325,
18804,
-14280,
26265,
15300,
45135,
-7395,
-42585,
-23205,
-20665,
-734,
-510,
-16830,
-16575,
46788,
-16830,
13515,
21165,
45135,
-27285,
69870,
51510,
27030,
48960,
-10455,
7140,
4845,
11919,
-10710,
22185,
-17014,
-31620,
51510,
24225,
-5610,
51510,
-21420,
-23205,
-22695,
17529,
38250,
-12495,
14790,
-21420,
55146,
27540,
-21420,
2550,
21165,
45135,
24041,
23242,
-32130,
51510,
51510,
-17340,
21165,
45135,
43860,
43860,
51510,
31044,
16376,
11186,
-13260,
57375,
26265,
24225,
-19635,
-27030,
-7905,
25755,
8415,
21165,
24225,
12750,
50235,
50235,
27030,
8925,
45135,
51510,
10200,
18870,
-11730,
-23205,
-50235,
-20145,
-39270,
-22950,
-80835,
-23205,
51510,
51510,
-8670,
-40571,
-76755,
-71145,
10200,
-21420,
31044,
8415,
51510,
51510,
-24480,
-53009,
-33150,
22317,
-37995,
51510,
33609,
-37740,
-41310,
51510,
8415,
-50745,
21165,
-10455,
14790,
-20910,
-10200,
-6885,
11730,
32385,
45135,
8415,
17906,
-83130,
14790,
-22695,
0,
38250,
51510,
51510,
51510,
-23205,
-9360,
13515,
26265,
32640,
17085,
51510,
1530,
-71135,
-23205,
51510,
-38944,
-35153,
-17340,
21165,
21165,
-7395,
541,
-23205,
-14545,
-31429,
-21420,
45135,
47940,
-53295,
44625,
-44370,
1530,
51510,
2550,
45135,
-21420,
20589,
40035,
7140,
51510,
255,
47430,
45135,
39270,
13005,
38250,
51510,
19890,
18105,
7650,
-27285,
16565,
-5355,
22695,
-29580,
-39015,
8349,
38250,
8415,
41565,
9911,
10200,
-4590,
-21420,
-3621,
-18105,
-9945,
-33405,
-23205,
-26010,
-21420,
51510,
51510,
51510,
51510,
39270,
45135,
-21420,
28815,
37230,
39260,
42075,
6120,
-21420,
-22440,
-27214,
2805,
41565,
14025,
17850,
-53295,
-3570,
-50210,
-39015,
27030,
-7905,
2484,
20655,
-32385,
17340,
699,
21165,
3060,
-64770,
-45900,
-22919,
-37740,
-42585,
-26520,
-4590,
-16320,
1530,
-62220,
-35712,
-6951,
-18627,
8160,
-4590,
-29039,
-12750,
-32640,
11002,
-23715,
-15555,
47454,
-10965,
28050,
-10200,
-16830,
-16830,
-4845,
29005,
29325,
-2805,
-16830,
-16830,
-16830,
1020,
-1086,
-53295,
-13770,
-36750,
-3570,
3570,
-2550,
-33150,
-36750,
-4845,
-33150,
-16830,
-4845,
-4290,
29325,
15045,
-22440,
28050,
10455,
-25812,
2335,
18105,
-43605,
6630,
4080,
-17085,
-21930,
-16320,
-17085,
-47430,
-37485,
-6375,
-2305,
8160,
-42585,
-39525,
-4080,
-45830,
-43350,
-9180,
-2040,
-1785,
-39525,
-16830,
-5448,
-55047,
-16830,
-1715,
-44172,
-2898,
97665,
-50745,
-3500,
30090,
-44115,
-26775,
-32130,
-5100,
-31941,
-56610,
-43860,
-17595,
-9945,
-25755,
-29580,
-48195,
-43605,
-9945,
-44880,
-36720,
-44625,
2110,
-1785,
-11985,
-18243,
-40290,
-13260,
-6375,
2040,
-8105,
-47940,
-3570,
88740,
-9620,
-9945,
-3060,
-6375,
-36720,
-41310,
14611,
-23970,
-27540,
-6630,
-18360,
-9945,
-20283,
-9945,
-61455,
-39525,
-9945,
-62730,
-41530,
-44880,
-47685,
-1785,
-29580,
-17085,
-40290,
-17340,
-29580,
-19728,
-44082,
-9842,
1785,
88740,
-9945,
-9945,
-27285,
-44880,
-62730,
-44880,
-8925,
-1785,
-39525,
-15045,
-17085,
-9945,
-20283,
-17085,
-21420,
7650,
-7752,
-9945,
-42075,
-43605,
-47430,
-37485,
-17085,
-45830,
-8781,
5100,
-44370,
-58650,
-21675,
-9792,
-10132,
88740,
-15045,
-17085,
-15045,
-32130,
-33150,
-44115,
-9945,
-13770,
-9945,
-9945,
-5100,
-30666,
-23205,
-19055,
-765,
-10710,
-9945,
-20145,
-15485,
-39525,
765,
765,
-17085,
-43605,
-5448,
-38942,
-45390,
-17085,
-17085,
6630,
-30090,
63101,
-37995,
-43605,
-33405,
-41565,
2295,
2040,
6630,
-27540,
-39270,
-48195,
-1878,
-21165,
-22950,
-20538,
-13005,
-39525,
15045,
-43605,
-35445,
-32895,
-11220,
-16320,
-17085,
-44115,
-52785,
-46665,
2040,
-17085,
-20283,
-41565,
-8670,
57885,
-23307,
-39525,
-23970,
10710,
-16320,
-45993,
-51732,
6375,
-9945,
-43095,
-35445,
-14790,
-18615,
-16830,
-1785,
1530,
-17085,
-8160,
-11220,
-58140,
-15045,
-48195,
-41565,
7905,
-41565,
-46665,
-4335,
7650,
-10455,
-39525,
-8670,
55922,
-40290,
-12240,
-39081,
-47870,
-9945,
-26265,
-13515,
-49470,
-14118,
-43062,
-51093,
-9402,
-44115,
-44115,
-16320,
13770,
-5100,
-46695,
-24225,
-9945,
-9945,
-42035,
-45645,
-39270,
-15485,
15162,
-7650,
9985,
7395,
2040,
27795,
43935,
-30855,
-8670,
-16575,
-38760,
-5100,
-43350,
-52785,
-35882,
-38307,
-49175,
-35955,
-12240,
6630,
6630,
-39525,
-14280,
-8670,
-28050,
-22950,
-48195,
-43605,
-9945,
-48195,
-50583,
-29292,
-17085,
-510,
-9945,
15672,
-510,
-13260,
24480,
-4335,
-38505,
-43605,
-9945,
-9945,
-21420,
-27540,
-48705,
-45900,
-50235,
-11985,
-35445,
765,
-49470,
-43605,
-48195,
-43605,
22185,
-20283,
-42035,
-30855,
-43605,
-42035,
-40290,
-50745,
5355,
0,
-5100,
-35766,
-32130,
9250,
74970,
-8415,
1855,
-39525,
-45390,
-39525,
-11220,
-56100,
-43860,
-31875,
-58140,
-10455,
-62730,
-41310,
-43350,
-11475,
-54530,
-9180,
-45390,
-39525,
-20283,
-42035,
-25500,
-9945,
-46155,
-28815,
1020,
-1479,
-14535,
-28856,
-25940,
-18542,
55922,
-48195,
-39525,
-52878,
-15555,
-1785,
255,
-6375,
-32130,
-48195,
-44880,
18105,
-21675,
-9180,
-43605,
-48195,
-43605,
-4845,
-57630,
-39525,
-9945,
-15045,
-20283,
-9945,
-37485,
-18360,
-48705,
-5958,
-8925,
-16830,
-71175,
-20495,
47709,
-26520,
-6630,
-84592,
-28560,
6630,
6630,
-16760,
-11220,
-42035,
-9180,
-5100,
-27315,
-28574,
-765,
-43095,
-7140,
7905,
-28560,
-11985,
-32640,
-11475,
510,
-40545,
-9945,
-4335,
7650,
-40545,
-14535,
-6590,
-30600,
-30090,
47964,
-21675,
-62475,
-51510,
-25245,
-17085,
-17085,
-9945,
-48195,
-43605,
-9945,
9985,
-15300,
-22950,
-15260,
-25755,
-7650,
-20283,
-42035,
-16505,
-54060,
-39270,
13555,
-39525,
-9435,
510,
-54060,
-27540,
-35445,
-10455,
-510,
-28747,
75735,
-8991,
-15485,
-32130,
6630,
-48195,
-58194,
-39525,
-25205,
-7395,
-15921,
-30345,
-43605,
-11475,
-21165,
-510,
13677,
1563,
-7650,
-47430,
-14535,
-40290,
-51858,
-11442,
-17085,
-9905,
-31325,
-8925,
-34680,
-16320,
-45900,
-18105,
62846,
2295,
-7650,
-9945,
-11220,
-13515,
-9945,
-20283,
-17850,
-31110,
6375,
2583,
-23460,
-29325,
-2550,
-21930,
-40035,
-37485,
-510,
-9945,
15045,
-40760,
-61965,
-34680,
-20283,
22185,
765,
-32385,
-17595,
9985,
7395,
41095,
97665,
-39525,
-25245,
-9945,
-47430,
-39525,
-46155,
-44625,
-43605,
6630,
17085,
-46665,
-35445,
-37740,
-42075,
-12495,
765,
-24990,
-43605,
-9945,
-24225,
-9945,
-11220,
-49470,
-43605,
-9945,
-11220,
-58140,
-16760,
-46155,
-43605,
6188,
55922,
-43605,
-15485,
-9945,
-15485,
-48195,
-40290,
-42035,
-33845,
-10455,
-34518,
-52551,
-44115,
10710,
-6375,
-9690,
6630,
-42035,
-21675,
-9945,
-18545,
-48195,
-43605,
-39995,
-43605,
-43605,
-43605,
6630,
-4335,
5355,
-28050,
-18615,
47709,
-43605,
2040,
-30855,
6630,
-44115,
-10200,
-1275,
-57560,
1275,
-15555,
-37995,
-54171,
-51255,
-18360,
-22023,
-29292,
-9945,
-15045,
-17085,
-47430,
-44115,
-9180,
-49470,
-33405,
-15485,
-4335,
-44880,
-22023,
-20622,
-43605,
11220,
80580,
21930,
-1785,
-17085,
-14790,
6630,
-11220,
-18615,
19380,
-27540,
-44880,
-44880,
-61455,
-41565,
-48195,
-59415,
-46665,
-20283,
-17085,
-15045,
-35445,
-3570,
6630,
-49470,
-22023,
-13482,
8160,
-40800,
-28305,
-50745,
-44115,
-29878,
88740,
3111,
-510,
6630,
5865,
-22695,
-43605,
-39525,
-9945,
-48705,
-27540,
-31365,
-43605,
-11220,
-23970,
-20247,
-43605,
8160,
-40800,
-31619,
-45605,
-13260,
-46155,
-6375,
-10200,
-9435,
-43605,
-15555,
-17085,
-28815,
-32130,
-18615,
61362,
-47778,
-47845,
-6939,
-18105,
1530,
-39525,
19635,
5355,
-1275,
-56100,
-43310,
2620,
-28815,
-61710,
-42035,
-9180,
-16762,
-111,
-13770,
2040,
-13515,
-11220,
-18360,
-41565,
-42290,
-39015,
1530,
-14280,
-40800,
-44880,
-17012,
11798,
-10200,
-42330,
-18681,
-63495,
-14790,
-9945,
6630,
17340,
3111,
-54570,
-28815,
-8895,
-7070,
-43605,
-44973,
-2488,
-40545,
-19380,
-39525,
-19491,
22950,
-20283,
-22023,
-67287,
-43605,
510,
-45830,
-30600,
-46410,
13005,
-1020,
57885,
-19380,
-42035,
-8415,
-15300,
-37485,
-17085,
-32385,
-60690,
-48195,
-26705,
-31941,
-31365,
-14280,
-17595,
-59056,
-34425,
-42075,
-39525,
-17085,
-41565,
-18615,
-9945,
-28305,
-17085,
-40290,
-48705,
-27795,
10750,
-17340,
21165,
-3153,
88740,
-9945,
22812,
-510,
-9945,
-43605,
-48195,
-44880,
-43310,
-9180,
-25755,
-31875,
-43605,
58,
-2040,
-43605,
-45390,
-39525,
-17085,
-9018,
-47142,
-9690,
-9945,
-9945,
-21675,
-20910,
-17085,
-18360,
-18360,
-9945,
9985,
2108,
83810,
-27285,
6630,
6630,
-4335,
-17850,
-37230,
-25755,
-29580,
-47430,
-39525,
22812,
13005,
-11220,
-11220,
-22950,
-32130,
-17085,
-9945,
-60180,
-28815,
-41565,
-48195,
-8925,
-22950,
-32895,
-9945,
7905,
-26265,
-9945,
-9945,
-1020,
34901,
-24480,
6630,
-30855,
-43605,
9985,
-25500,
-9945,
-9945,
-49470,
-18681,
-24735,
-34116,
-40545,
-9945,
-20766,
-27285,
-40290,
-9945,
-35445,
-37995,
-39525,
-74205,
2040,
-32895,
-14025,
-1785,
-15810,
-7140,
-17085,
-47430,
-22627,
44880,
2040,
-15555,
-56610,
-9180,
-9945,
-9945,
-9945,
-48195,
-38528,
-6003,
-15300,
-22950,
-36975,
-9945,
15417,
-32650,
-26265,
-9945,
-3153,
-29292,
-21675,
-61455,
-39525,
-5100,
-30666,
-48195,
-9620,
-38919,
-43605,
-17085,
-1530,
74970,
-31110,
-10965,
5355,
-9945,
-18243,
-17085,
-43605,
-59375,
-26520,
-26775,
-9945,
4707,
-7395,
-17085,
-15045,
-14535,
-9180,
-9945,
-15555,
2805,
2805,
-57630,
-37925,
-28050,
-31875,
-27540,
-10200,
8710,
-9180,
-20283,
-8670,
82535,
-26520,
-22440,
-2295,
-47031,
-44370,
-11220,
-7650,
-48195,
-50745,
-43605,
-9945,
-9945,
-9945,
-9945,
-15045,
-17085,
-43605,
-17340,
-20145,
-16760,
13770,
-28305,
-43605,
-12750,
-10803,
-44880,
-36975,
-26775,
15672,
-21420,
-30855,
25577,
-45135,
-28305,
-42075,
-70595,
-39015,
-13770,
4080,
-53255,
-13260,
-60690,
20400,
-37485,
-47878,
-20910,
-60690,
-54060,
-10455,
-4335,
-6120,
-41310,
1428,
-24950,
-29937,
-32640,
-22440,
-47496,
-32895,
12240,
-51732,
-4080,
17850,
101997,
107865,
72675,
48450,
45645,
45645,
55845,
75223,
75735,
59925,
45645,
45645,
45645,
68085,
106866,
99705,
75990,
92920,
58905,
81855,
98175,
87720,
92920,
55845,
87720,
45645,
55845,
57177,
75735,
61200,
69615,
72675,
88740,
55342,
26326,
31620,
82875,
57120,
35700,
47940,
74460,
36465,
47940,
82875,
34935,
55080,
69705,
52275,
-6630,
43350,
49980,
76275,
38505,
52020,
64005,
60435,
43350,
96390,
44087,
89610,
96390,
94635,
70897,
7622,
63495,
13770,
51540,
36465,
49980,
42075,
83385,
70125,
82177,
104550,
55335,
25500,
37740,
35445,
15300,
89505,
82875,
37740,
79815,
90015,
72165,
76530,
60435,
30600,
59010,
49980,
29580,
45900,
27030,
72925,
83385,
59160,
80070,
53580,
37740,
49725,
55080,
90015,
52275,
54530,
78795,
53550,
37485,
44880,
37740,
67425,
37740,
63240,
43350,
37740,
60180,
75385,
56610,
77520,
9435,
15300,
47940,
49980,
20400,
15300,
25982,
37590,
29727,
81090,
80070,
37740,
37740,
60690,
79815,
60180,
79815,
70635,
60435,
43350,
39525,
47940,
37740,
67425,
47940,
103020,
73695,
114078,
37740,
41565,
82875,
82875,
34935,
47940,
76275,
80926,
77265,
55590,
53295,
29835,
56703,
72098,
80070,
39525,
47940,
39525,
60180,
63495,
49980,
25755,
58395,
37740,
37740,
70125,
59737,
90780,
89790,
67065,
97920,
47940,
44880,
41340,
43350,
44880,
44880,
47940,
82875,
-3853,
37141,
43860,
47940,
47940,
20400,
108630,
44408,
46920,
82875,
84660,
46920,
40035,
47940,
57120,
69360,
48705,
89505,
60518,
74970,
15810,
39885,
-2040,
43350,
48960,
66045,
93075,
58650,
34680,
36465,
47940,
49980,
44880,
18615,
41310,
47940,
67425,
74460,
64770,
73185,
80673,
43350,
83895,
62220,
82110,
59897,
79920,
70635,
42840,
58905,
93075,
70125,
94095,
96390,
60435,
51255,
47940,
65280,
34680,
53550,
39525,
89505,
74460,
59160,
60690,
18615,
63495,
73695,
94350,
43350,
64770,
83336,
49980,
80325,
66877,
103560,
37740,
72165,
30600,
86445,
44342,
56205,
19097,
31980,
49980,
49980,
73695,
55080,
70125,
64105,
71145,
37740,
37740,
49276,
69105,
48705,
41340,
46260,
73695,
38566,
24480,
47940,
51510,
50823,
86445,
66810,
37230,
31875,
58140,
30600,
77775,
68877,
22702,
24541,
21930,
33405,
57120,
57120,
43350,
59925,
66810,
36720,
15810,
89505,
82875,
37740,
89505,
56837,
17700,
47940,
30600,
37740,
58245,
63495,
95880,
84915,
94605,
95625,
82875,
37740,
37740,
61965,
66555,
70125,
74970,
86955,
69360,
56355,
44880,
86445,
82875,
89505,
82875,
53040,
67425,
49276,
86445,
82875,
49276,
43095,
58140,
75735,
83640,
70125,
61522,
29580,
86730,
65790,
72165,
28080,
43350,
74460,
43350,
34680,
45135,
94350,
67830,
53550,
75735,
60180,
52275,
38505,
32895,
16636,
52020,
74460,
43350,
67425,
49276,
62985,
37740,
81090,
50490,
60435,
44706,
54570,
57751,
59955,
94632,
83336,
89505,
43350,
82592,
89250,
85935,
77520,
55080,
83385,
89505,
56610,
63750,
97665,
94860,
82875,
89505,
82875,
55590,
90015,
43350,
37740,
39525,
67425,
37740,
34935,
44880,
79815,
42258,
88995,
96390,
52630,
92960,
47937,
64260,
59160,
76688,
55845,
20400,
20400,
38280,
34680,
49276,
52020,
70125,
27640,
57876,
67065,
74715,
43605,
59160,
69615,
50490,
71400,
73695,
83895,
104040,
37740,
63495,
73695,
104040,
54570,
66106,
28560,
62730,
53292,
97665,
42585,
53295,
50490,
47940,
47940,
37740,
89505,
82875,
37740,
38566,
40290,
15810,
63046,
69615,
73695,
67425,
49276,
75510,
72675,
43860,
55906,
43350,
65280,
83895,
79050,
53550,
93075,
59925,
60435,
67253,
39270,
95182,
79335,
60180,
57120,
89505,
64253,
43350,
50296,
69360,
60016,
72930,
82875,
64770,
91800,
63495,
11192,
57480,
73695,
82875,
54570,
82110,
53777,
40140,
47940,
45196,
56416,
82365,
76755,
84405,
62730,
82110,
39053,
63495,
5865,
37740,
34680,
73185,
37740,
67425,
87465,
106080,
30090,
15915,
54570,
69105,
42585,
32895,
60180,
76245,
30600,
37740,
48960,
56926,
40800,
28815,
67425,
53040,
44880,
55845,
25500,
38566,
24480,
16891,
63495,
43350,
26010,
37740,
82875,
43350,
81090,
72165,
82875,
20400,
35190,
18615,
93075,
95115,
41565,
100215,
82365,
64260,
82875,
37740,
23205,
37740,
34680,
86445,
82875,
37740,
34680,
53550,
38280,
81090,
82875,
74393,
83336,
82875,
41340,
37740,
41340,
89505,
49980,
49276,
86475,
59925,
70862,
56453,
49980,
66045,
55080,
53295,
20400,
49276,
19380,
37740,
32670,
89505,
82875,
40861,
82875,
82875,
82875,
57120,
63495,
61200,
102255,
94095,
47937,
82875,
47940,
86445,
57120,
49980,
98175,
58650,
91483,
101745,
17085,
61710,
66901,
55845,
44880,
13487,
17700,
37740,
39525,
47940,
82875,
49980,
52020,
86445,
57120,
84435,
84405,
79815,
13487,
41925,
82875,
52530,
70890,
66555,
60435,
91035,
70125,
57120,
34680,
94095,
34680,
69360,
79815,
79815,
63240,
74460,
89505,
59925,
18615,
67425,
47940,
39525,
93075,
41820,
57120,
86445,
56582,
6990,
52275,
40290,
18360,
58140,
49980,
83409,
80070,
38076,
30600,
20400,
65790,
99960,
82875,
43350,
37740,
61965,
66555,
48705,
82875,
52020,
83895,
101838,
82875,
93840,
83130,
81278,
76816,
60435,
63750,
32130,
30855,
45390,
82875,
115260,
91035,
50490,
83385,
94095,
43754,
57092,
73832,
99188,
93330,
72675,
43350,
42330,
75735,
80580,
45135,
46216,
64545,
64515,
107610,
49276,
52020,
73118,
99541,
90015,
47940,
73185,
34680,
44880,
74460,
80641,
92055,
22185,
59925,
40290,
79815,
66327,
23138,
34680,
29835,
94162,
66810,
71145,
37740,
57120,
27540,
38076,
58140,
50490,
63901,
58170,
49215,
81062,
95912,
104040,
39270,
43350,
78631,
46665,
67425,
13487,
43965,
82875,
42075,
76275,
47685,
91800,
81345,
74715,
73185,
38505,
49276,
72165,
40290,
34935,
47940,
55845,
56865,
89505,
60210,
56677,
55845,
46155,
100725,
114072,
56100,
41565,
43350,
47940,
74460,
76245,
37740,
18360,
38505,
49980,
79815,
26010,
15361,
63495,
41310,
68822,
80070,
37740,
48045,
63495,
37740,
82875,
89505,
79815,
46216,
52020,
85425,
67830,
82875,
61988,
70125,
82875,
74460,
43350,
47940,
30572,
50085,
83640,
37740,
37740,
78795,
54315,
47940,
44880,
44880,
37740,
38566,
73373,
82325,
58905,
57120,
20400,
63495,
64005,
71145,
35445,
15300,
82875,
43350,
48045,
81345,
34680,
34680,
62730,
83385,
47940,
37740,
81855,
41310,
46920,
89505,
100215,
94605,
58650,
103530,
62730,
69615,
37740,
37740,
74715,
76287,
69360,
91545,
86445,
82875,
38566,
62985,
37740,
37740,
86445,
94162,
47685,
49785,
104040,
37740,
84496,
85425,
21165,
37740,
93075,
46920,
43350,
59670,
58140,
70125,
53805,
60435,
51510,
43605,
47940,
82875,
60878,
75480,
58140,
56865,
17340,
52020,
37740,
37740,
37740,
89505,
54938,
49320,
40290,
15810,
54060,
37740,
30705,
73020,
69615,
37740,
44087,
60795,
78795,
63240,
43350,
70125,
59737,
89505,
96675,
81842,
82875,
47940,
54570,
65790,
81090,
108630,
75735,
37740,
59010,
47940,
82875,
62536,
65280,
59925,
37740,
78645,
48450,
47940,
39525,
54570,
52020,
37740,
17085,
55845,
46665,
90015,
36750,
36720,
56610,
31365,
30855,
75541,
52020,
67425,
64770,
79265,
44880,
15300,
70125,
70726,
62985,
103275,
75735,
89505,
58140,
82875,
37740,
37740,
37740,
37740,
39525,
47940,
82875,
20400,
39270,
38280,
45900,
97155,
82875,
106335,
63212,
15555,
84660,
42075,
58245,
103020,
115260,
92261,
52275,
18360,
56865,
32956,
32640,
9690,
-10455,
19696,
27285,
43860,
51000,
68085,
67607,
23715,
56865,
67830,
25500,
41055,
47685,
60945,
88578,
21226,
53388,
18105,
15300,
72742,
53295,
59670,
79920,
5865,
18360,
-6633,
-34680,
-64005,
-94095,
-66810,
-66810,
-74205,
-76654,
-78030,
-61710,
-66810,
-66810,
-66810,
-80325,
-30129,
-40290,
-105825,
-50965,
-88230,
-44115,
-28305,
-61965,
-50965,
-74205,
-61965,
-66810,
-74205,
-80310,
-78030,
-80325,
-79050,
-64005,
-7650,
-88264,
-104129,
-89505,
-79050,
-103020,
-95880,
-99450,
-39270,
-90015,
-99450,
-63240,
-84915,
-92820,
-34980,
-44625,
-117555,
-80325,
-109650,
-66840,
-56865,
-71145,
-60435,
-91545,
-80325,
-65790,
-99477,
-66427,
-65790,
-29610,
-66844,
-73977,
22950,
-110670,
-110445,
-71145,
-66300,
-78285,
-70635,
-91545,
-117070,
-66555,
-84660,
-123165,
-103530,
-75480,
-115770,
-65025,
-79050,
-103530,
-65025,
-56610,
-80325,
-61995,
-91545,
-87465,
-77679,
-82110,
-69615,
-90270,
-80070,
-59225,
-77775,
-107100,
8160,
-109170,
-103530,
-111435,
-92820,
-56610,
-53295,
-73592,
-61710,
-87720,
-55335,
-85425,
-103530,
-73089,
-103530,
-73695,
-80325,
-103530,
-59670,
-64835,
-68085,
-78030,
-73185,
-115770,
-99450,
-82110,
-105060,
-115770,
-60972,
-78667,
-112814,
-63240,
8160,
-103530,
-103530,
-88995,
-65025,
-59670,
-65025,
-87465,
-91545,
-80325,
-104040,
-99450,
-103530,
-73089,
-99450,
-51765,
-97155,
-64101,
-103530,
-70890,
-79050,
-63240,
-84915,
-99450,
-66840,
-64607,
-107100,
-105060,
-93585,
-61455,
-119181,
-47528,
8160,
-104040,
-99450,
-104040,
-73695,
-82110,
-66300,
-59925,
-89760,
-103530,
-103530,
-91545,
-115030,
-75735,
-53580,
-74460,
-64515,
-69105,
-80325,
-103050,
-80325,
-96900,
-96900,
-99450,
-79050,
-104322,
-110886,
-83130,
-99450,
-99450,
-94095,
-36975,
20573,
-71910,
-79050,
-75225,
-68085,
-73185,
-110925,
-103020,
-65790,
-65535,
-65025,
-42041,
-55845,
-105315,
-78699,
-106335,
-80325,
-78285,
-74970,
-70635,
-67575,
-89505,
-90015,
-99450,
-66300,
-113985,
-86700,
-72420,
-99450,
-73089,
-83640,
-87720,
-3315,
-81441,
-80325,
-53805,
-79815,
-75225,
-63012,
-66427,
-83130,
-113985,
-80070,
-70635,
-63240,
-53805,
-65790,
-91545,
-90525,
-99450,
-53295,
-89505,
-73695,
-104040,
-65025,
-83640,
-74205,
-48705,
-86700,
-89760,
-97155,
-81345,
-80325,
-87720,
7343,
-82110,
-87465,
-96925,
-53325,
-103530,
-56865,
-70125,
-51000,
-62502,
-100852,
-68367,
-94732,
-66300,
-66300,
-55080,
-99195,
-91545,
-69070,
-122910,
-103530,
-103530,
-64604,
-82620,
-65535,
-103050,
-78699,
-101490,
-84494,
-96135,
-110925,
-91800,
-3504,
-84660,
-61200,
-73440,
-70890,
-106845,
-104040,
-66810,
-60218,
-104584,
-70979,
-90780,
-113220,
-103020,
-103020,
-80325,
-40290,
-61200,
-81855,
-105315,
-65025,
-79050,
-103530,
-65025,
-88767,
-115642,
-99450,
-90015,
-103530,
-95529,
-105570,
-35955,
-4590,
-86190,
-87720,
-79050,
-103530,
-103530,
-41310,
-57630,
-40800,
-82365,
-53550,
-52785,
-78795,
-96900,
-51000,
-79050,
-65025,
-79050,
-74715,
-73089,
-64604,
-84660,
-79050,
-64604,
-134385,
-85425,
-111690,
-64770,
-91545,
-115540,
-88995,
-72960,
12495,
-46410,
-95655,
-80325,
-67830,
-80325,
-89505,
-78285,
-32640,
-62475,
-73695,
-34170,
-59670,
-53295,
-56865,
-72165,
-80924,
-71145,
-67830,
-80325,
-73089,
-64604,
-69870,
-103530,
-69615,
-73695,
-47685,
-51951,
-55080,
-77132,
-61230,
-33953,
7343,
-65025,
-80325,
-73722,
-72420,
-107610,
-112200,
-92820,
-70635,
-65025,
-68085,
-55590,
-66555,
-91290,
-79050,
-65025,
-79050,
-68595,
-40035,
-80325,
-103530,
-104040,
-73089,
-103530,
-84915,
-85425,
-49215,
-70791,
-72165,
-65790,
-82840,
-39340,
-5613,
-86445,
-99450,
-76088,
-58905,
-94095,
-94095,
-89025,
-89505,
-64604,
-71145,
-91545,
-96100,
-96993,
-74460,
-58140,
-75735,
-74205,
-72675,
-74715,
-99705,
-85680,
-93075,
-83130,
-103530,
-89760,
-97155,
-83130,
-55080,
-59504,
-103275,
-61710,
9177,
-66555,
-128265,
-69615,
-77520,
-99450,
-99450,
-103530,
-65025,
-79050,
-103530,
-84494,
-87465,
-105315,
-78629,
-104295,
-101490,
-73089,
-64604,
-70410,
-55335,
-57885,
-73784,
-80325,
-90270,
-93075,
-71400,
-87720,
-70635,
-56100,
-93840,
-51863,
27030,
-86980,
-92085,
-73695,
-103020,
-65025,
-68090,
-80325,
-47774,
-55335,
-97247,
-48705,
-79050,
-81855,
-72420,
-105570,
-95397,
-81472,
-101490,
-63240,
-55080,
-52020,
-74742,
-129157,
-99450,
-74804,
-57974,
-69360,
-60435,
-78795,
-85935,
-66810,
5783,
-61710,
-96390,
-103530,
-89505,
-77265,
-103530,
-73089,
-52020,
-65025,
-76500,
-45517,
-74460,
-84405,
-53295,
-51255,
-56100,
-32130,
-90015,
-103530,
-78285,
-32984,
-97410,
-94095,
-73089,
-74715,
-96900,
-76245,
-123165,
-84494,
-96135,
-66389,
22950,
-80325,
-119340,
-103530,
-63240,
-80325,
-69615,
-80325,
-79050,
-94095,
-55335,
-86700,
-70635,
-85170,
-70890,
-72675,
-97665,
-70125,
-79050,
-103530,
-105825,
-103530,
-89505,
-51000,
-79050,
-103530,
-89505,
-73695,
-89025,
-69615,
-79050,
-74303,
7343,
-79050,
-103050,
-103530,
-103050,
-65025,
-82110,
-64604,
-74235,
-56100,
-91062,
-97797,
-66300,
-89250,
-92820,
-54315,
-94095,
-64604,
-87465,
-103530,
-102030,
-65025,
-79050,
-69194,
-79050,
-79050,
-79050,
-103020,
-89760,
-42585,
-103530,
-53805,
-5613,
-79050,
-110925,
-84660,
-103020,
-66300,
-58140,
-73695,
-80264,
-55845,
-127755,
-91035,
-57977,
-90015,
-85425,
-113757,
-115642,
-103530,
-104040,
-99450,
-63240,
-66300,
-71145,
-51000,
-59670,
-84180,
-59160,
-65025,
-113757,
-62602,
-79050,
-61455,
7140,
-79560,
-91545,
-80580,
-63240,
-103020,
-89505,
-53805,
-103530,
-65790,
-65025,
-65025,
-73695,
-83640,
-65025,
-95370,
-86700,
-73089,
-99450,
-104040,
-70635,
-82110,
-103020,
-51000,
-94887,
-107992,
-44625,
-66300,
-129795,
-85425,
-66300,
-55780,
8160,
-65976,
-90015,
-94095,
-97665,
-37740,
-79050,
-80325,
-103530,
-71655,
-57630,
-64260,
-79050,
-80835,
-53805,
-85521,
-79050,
-56355,
-92055,
-62747,
-76334,
-93585,
-81090,
-81600,
-78030,
-54060,
-79050,
-57885,
-80580,
-73695,
-70635,
-53805,
9505,
-101772,
-77100,
-52535,
-51765,
-45390,
-80325,
-92310,
-111690,
-50745,
-78285,
-50579,
-75000,
-87210,
-35955,
-64604,
-71145,
-63338,
-91127,
-87465,
-110925,
-77265,
-89505,
-85425,
-83640,
-56954,
-71145,
-94605,
-40290,
-66300,
-65025,
-55628,
21067,
-107610,
-75735,
-50005,
-61455,
-51510,
-103530,
-103020,
-87465,
-65976,
-69615,
-73695,
-79439,
-91320,
-64260,
-86217,
-48923,
-83130,
-60435,
-80325,
-72002,
-67065,
-73089,
-113757,
-81472,
-79050,
-47940,
-66840,
-98175,
-77010,
-78795,
-51000,
-3315,
-86445,
-64604,
-46410,
-87465,
-84915,
-99450,
-76245,
-81345,
-65025,
-100755,
-101005,
-102765,
-89250,
-65280,
-84311,
-44370,
-70890,
-80325,
-99450,
-83640,
-77775,
-103530,
-129795,
-125970,
-82110,
-49215,
-93330,
-102599,
-53040,
-83895,
-86727,
8160,
-103530,
-99609,
-105570,
-103530,
-79050,
-65025,
-65025,
-50579,
-71145,
-53805,
-62475,
-79050,
-63128,
-64770,
-79050,
-67830,
-80325,
-99450,
-103557,
-83512,
-45390,
-103530,
-103530,
-63750,
-84405,
-99450,
-85425,
-85425,
-103530,
-84494,
-110768,
-19474,
-72930,
-103020,
-94095,
-89760,
-59415,
-86190,
-75480,
-115770,
-63240,
-80325,
-99609,
-78795,
-89505,
-89505,
-79815,
-70635,
-99450,
-103530,
-42840,
-71145,
-68085,
-65025,
-76500,
-52530,
-67575,
-43350,
-43095,
-71655,
-103530,
-103530,
-51000,
-16209,
-76755,
-11985,
-84660,
-79050,
-84494,
-69870,
-103530,
-103530,
-51000,
-50005,
-103785,
-105192,
-83130,
-103530,
-61802,
-45900,
-123420,
-103530,
-70635,
-71910,
-80325,
-68085,
-76500,
-33660,
-53040,
-91545,
-41055,
-75735,
-99450,
-63240,
-57218,
10710,
-76500,
-26265,
-82620,
-71145,
-103530,
-103530,
-103530,
-65025,
-73181,
-58299,
-87465,
-105315,
-62730,
-103530,
-101139,
-69405,
-71655,
-103530,
-58422,
-96772,
-63750,
-73695,
-80325,
-91545,
-115030,
-65025,
-90300,
-64221,
-79050,
-99450,
-91800,
12495,
-99450,
-71910,
-111690,
-103530,
-77679,
-99450,
-79050,
-71999,
-78540,
-55845,
-103530,
-47844,
-85935,
-99450,
-104040,
-55080,
-71145,
-103530,
-127755,
-49470,
-67065,
-40035,
-83925,
-81855,
-104805,
-78540,
-78030,
-39869,
-71145,
-73089,
-87720,
-5449,
-85425,
-85425,
-47685,
-82202,
-67575,
-86700,
-74970,
-65025,
-85425,
-79050,
-103530,
-103530,
-103530,
-103530,
-104040,
-99450,
-79050,
-105060,
-98430,
-89025,
-64260,
-67065,
-79050,
-59925,
-73722,
-80325,
-71400,
-78285,
-95529,
-51765,
-38760,
-16627,
-70635,
-129795,
-115005,
-102344,
-94860,
-69105,
-113475,
-94949,
-85170,
-111435,
-109140,
-91800,
-120833,
-84660,
-81345,
-85425,
-92820,
-93075,
-137445,
-68340,
-51606,
-69704,
-98781,
-86190,
-85425,
-80095,
-103275,
-64005,
-66427,
-100215,
-99195,
-46779,
-17850,
-10200,
-28050,
-18360,
-18360,
-15555,
-18797,
-21165,
-15810,
-18360,
-18360,
-18360,
-31110,
-16629,
-4590,
-6375,
-20335,
-26520,
-55845,
-43605,
-14535,
-20335,
-15555,
-14535,
-18360,
-15555,
-20328,
-21165,
-53040,
-35955,
-10200,
-65025,
-61202,
-123993,
-47175,
-40290,
-36975,
-12240,
-45135,
-85935,
-25245,
-45135,
-48960,
-54570,
-31365,
-75010,
-82875,
-89250,
-63495,
-50745,
-41960,
-51000,
-66045,
-45645,
-20400,
-63495,
-36210,
-37103,
-57277,
-36210,
-97295,
-24227,
-86318,
-70890,
-95370,
-35330,
-27540,
-70890,
-40800,
-27795,
-38760,
-43003,
-20400,
-36210,
-63240,
-35190,
-63240,
-66045,
-47685,
-40290,
-35190,
-29325,
-35190,
-34680,
-54965,
-20400,
-36465,
-57174,
-62220,
-95625,
-66300,
-80580,
-64335,
-10710,
-79815,
-77775,
-53690,
-35190,
-33405,
-31365,
-35190,
-51000,
-90838,
-58905,
-60690,
-45900,
-34170,
-35190,
-66099,
-35190,
-45135,
-63495,
-35190,
-34170,
-29995,
-69615,
-49215,
-64005,
-66045,
-45135,
-62220,
-41055,
-66045,
-57248,
-80227,
-52032,
-64260,
-77775,
-35190,
-35190,
-44115,
-29325,
-34170,
-29325,
-30345,
-20400,
-63495,
-36210,
-45135,
-35190,
-66099,
-45135,
-43605,
-37230,
-54306,
-35190,
-61965,
-40290,
-48960,
-54570,
-45135,
-41960,
-61787,
-39780,
-18105,
-80835,
-107610,
-26256,
-71423,
-77775,
-36210,
-45135,
-36210,
-68085,
-21165,
-70890,
-73950,
-74460,
-35190,
-35190,
-38760,
-17503,
-62730,
-37880,
-56610,
-69105,
-78285,
-31365,
-38135,
-63495,
-21420,
-21420,
-45135,
-40290,
-78158,
-96355,
-28050,
-45135,
-45135,
-73185,
-71655,
-77223,
-53040,
-40290,
-37230,
-51255,
-67830,
-32385,
-36975,
-72675,
-63240,
-47685,
-75358,
-46155,
-58395,
-62019,
-104040,
-63495,
-57375,
-42585,
-46155,
-54060,
-24225,
-25245,
-45135,
-70890,
-63240,
-85425,
-77775,
-45135,
-66099,
-31365,
-68850,
-71400,
-49971,
-63495,
-27285,
-65535,
-45645,
-43478,
-38917,
-26265,
-59160,
-43350,
-46155,
-53550,
-62475,
-36210,
-20400,
-11220,
-45135,
-71655,
-24225,
-26775,
-36210,
-47685,
-31365,
-67320,
-65535,
-85425,
-40035,
-37230,
-61200,
-63495,
-68850,
-51790,
-62220,
-48705,
-16483,
-45530,
-35190,
-77010,
-39780,
-36720,
-94733,
-59062,
-53678,
-83542,
-70890,
-70890,
-38505,
-37740,
-38760,
-49150,
-32130,
-35190,
-35190,
-70698,
-40290,
-63240,
-38135,
-71709,
-41310,
-95943,
-60945,
-32385,
-81855,
-79905,
-38760,
-101235,
-43860,
-43605,
-42330,
-99960,
-40800,
-29528,
-82112,
-92628,
-79305,
-64260,
-36975,
-36975,
-63495,
-85425,
-101235,
-56355,
-58395,
-47685,
-40290,
-35190,
-47685,
-44243,
-65437,
-45135,
-83130,
-35190,
-67119,
-31365,
-74205,
-48705,
-34935,
-28050,
-40290,
-35190,
-35190,
-37485,
-55080,
-31620,
-1785,
-8925,
-33915,
-61965,
-21420,
-36720,
-40290,
-47685,
-40290,
-44625,
-66099,
-70698,
-38760,
-40290,
-70698,
-61965,
-62220,
-46920,
-38760,
-38760,
-18523,
-56100,
-72815,
-73695,
-100980,
-63890,
-63495,
-40035,
-63495,
-24225,
-17850,
-67575,
-59925,
-26775,
-88740,
-34170,
-51000,
-51000,
-70890,
-91608,
-66045,
-40035,
-63495,
-66099,
-70698,
-67320,
-35190,
-38760,
-49725,
-64260,
-96111,
-85680,
-62947,
-48080,
-52223,
-51790,
-47685,
-63495,
-46793,
-30855,
-56865,
-47940,
-31365,
-27795,
-47685,
-69615,
-65790,
-43860,
-43095,
-40290,
-47685,
-40290,
-68850,
-45135,
-63495,
-35190,
-36210,
-66099,
-35190,
-54570,
-34170,
-37995,
-44730,
-77775,
-36210,
-45325,
-47440,
-72024,
-66300,
-69105,
-68108,
-49470,
-73185,
-73185,
-27170,
-24225,
-70698,
-66045,
-38760,
-62920,
-54210,
-56610,
-55335,
-57120,
-67320,
-29325,
-82875,
-12240,
-49980,
-47175,
-36975,
-35190,
-40035,
-37230,
-36975,
-85680,
-101043,
-71910,
-32895,
-71769,
-43860,
-47940,
-60435,
-51510,
-45135,
-45135,
-35190,
-47685,
-40290,
-35190,
-95943,
-54825,
-58395,
-42393,
-14025,
-41310,
-66099,
-70698,
-57005,
-32130,
-42075,
-92118,
-63495,
-41055,
-47175,
-50235,
-60690,
-46155,
-76755,
-28050,
-59948,
-76500,
-71818,
-61085,
-68085,
-36975,
-47685,
-40037,
-63495,
-87018,
-59415,
-42407,
-36465,
-40290,
-55590,
-38250,
-31365,
-76118,
-65692,
-41310,
-48960,
-85680,
-15045,
-33278,
-78187,
-45135,
-107418,
-56928,
-69105,
-41055,
-37740,
-56100,
-64005,
-77478,
-75225,
-105060,
-35190,
-24225,
-64515,
-35190,
-66099,
-63750,
-14535,
-88230,
-112102,
-58395,
-53040,
-78540,
-89250,
-65025,
-29580,
-83130,
-35190,
-57375,
-54378,
-63240,
-82620,
-66099,
-44625,
-21420,
-23715,
-63240,
-95943,
-60945,
-35253,
-70890,
-63495,
-52275,
-35190,
-48960,
-63495,
-38760,
-34680,
-40290,
-73185,
-66045,
-85425,
-46155,
-55845,
-61965,
-41055,
-54315,
-55335,
-40290,
-35190,
-67065,
-35190,
-24225,
-36720,
-40290,
-35190,
-24225,
-26775,
-27170,
-38760,
-40290,
-61478,
-51790,
-40290,
-38135,
-35190,
-38135,
-47685,
-62220,
-70698,
-39155,
-76755,
-56738,
-73089,
-70890,
-69870,
-31365,
-78030,
-73185,
-70698,
-86955,
-35190,
-54965,
-47685,
-40290,
-61773,
-40290,
-40290,
-40290,
-36975,
-40035,
-64005,
-35700,
-62475,
-72024,
-40290,
-32385,
-38760,
-36975,
-70890,
-31365,
-40800,
-40353,
-48195,
-54315,
-60690,
-56942,
-44115,
-34170,
-40163,
-65437,
-35190,
-36210,
-45135,
-48960,
-70890,
-66045,
-36720,
-57120,
-29465,
-69615,
-29325,
-40163,
-121282,
-40290,
-58905,
-68595,
-74715,
-20400,
-36465,
-53550,
-36975,
-24225,
-62475,
-58140,
-72675,
-29325,
-29325,
-45135,
-31365,
-47685,
-79560,
-85425,
-66099,
-45135,
-36210,
-46155,
-108120,
-36975,
-36720,
-31493,
-102157,
-82875,
-52530,
-77010,
-62220,
-70890,
-63850,
-77775,
-88716,
-83130,
-73185,
-19890,
-32640,
-40290,
-63495,
-35190,
-22440,
-55080,
-48195,
-40290,
-96900,
-27285,
-46656,
-40290,
-44625,
-11730,
-65101,
-49023,
-70635,
-23970,
-62730,
-96135,
-104550,
-40290,
-59160,
-36465,
-49725,
-27795,
-62475,
-44037,
-15683,
-54823,
-26267,
-25245,
-43350,
-63495,
-49980,
-46920,
-27795,
-17850,
-59733,
-56495,
-66045,
-44625,
-70698,
-66045,
-93863,
-77342,
-67575,
-32385,
-64515,
-24225,
-34170,
-31365,
-75798,
-44880,
-74205,
-85425,
-52530,
-29325,
-58088,
-66323,
-53550,
-37740,
-26173,
-32895,
-68085,
-35190,
-36975,
-59415,
-88716,
-70890,
-49725,
-44728,
-61850,
-33660,
-17213,
-14121,
-36975,
-59160,
-63495,
-60767,
-37485,
-66099,
-40163,
-110062,
-40290,
-55845,
-41960,
-51765,
-21420,
-60690,
-66300,
-71400,
-82110,
-70698,
-100980,
-54825,
-54570,
-45135,
-23715,
-68595,
-47685,
-39920,
-6538,
-5610,
-37230,
-95115,
-48213,
-46155,
-61965,
-63495,
-45135,
-31365,
-39270,
-35190,
-77010,
-93585,
-62220,
-37995,
-56610,
-113793,
-66810,
-65025,
-63623,
-77775,
-35190,
-57174,
-31365,
-35190,
-40290,
-47685,
-29325,
-59733,
-66045,
-75225,
-59925,
-40290,
-100788,
-71400,
-40290,
-40035,
-63495,
-45135,
-56483,
-71812,
-51000,
-35190,
-35190,
-70635,
-56355,
-45135,
-34170,
-34170,
-35190,
-95943,
-77033,
-93644,
-60435,
-36975,
-73185,
-40035,
-43605,
-58905,
-63240,
-66045,
-48960,
-63495,
-57174,
-60690,
-24225,
-24225,
-65280,
-27795,
-45135,
-35190,
-61455,
-84660,
-51255,
-47685,
-42840,
-32895,
-54060,
-31110,
-45390,
-66045,
-35190,
-35190,
-66300,
-92412,
-40035,
-38760,
-38760,
-40290,
-95943,
-67320,
-35190,
-35190,
-36720,
-26173,
-69615,
-29016,
-36975,
-35190,
-44192,
-32895,
-84660,
-35190,
-46155,
-53040,
-63495,
-46665,
-75480,
-48705,
-48450,
-20400,
-74715,
-57120,
-45135,
-48960,
-78308,
-49470,
-75480,
-74460,
-91800,
-66045,
-35190,
-35190,
-35190,
-47685,
-64023,
-66099,
-54825,
-58395,
-58140,
-35190,
-63039,
-67870,
-66045,
-35190,
-59798,
-56767,
-70635,
-45135,
-63495,
-38760,
-17503,
-47685,
-45020,
-26362,
-40290,
-45135,
-58905,
-73695,
-39015,
-51765,
-46920,
-35190,
-57174,
-45135,
-40290,
-44943,
-40290,
-56355,
-35190,
-88284,
-29835,
-45135,
-36210,
-85680,
-66045,
-35190,
-54315,
-77010,
-55590,
-45135,
-56495,
-56355,
-42840,
-56355,
-96135,
-72993,
-66045,
-66099,
-68850,
-82679,
-79560,
-99195,
-82620,
-51332,
-39015,
-52020,
-73695,
-47685,
-62220,
-40290,
-35190,
-35190,
-35190,
-35190,
-36210,
-45135,
-40290,
-41055,
-61965,
-27170,
-46410,
-33405,
-40290,
-78030,
-55973,
-85170,
-35445,
-40800,
-67119,
-43605,
-70380,
-63010,
-25245,
-77010,
-70635,
-76818,
-61200,
-88740,
-96900,
-102573,
-98685,
-74205,
-47685,
-36720,
-69456,
-109905,
-68595,
-80580,
-96390,
-60435,
-71655,
-53295,
-27786,
-106398,
-67566,
-99960,
-99195,
-68758,
-62475,
-98940,
-38917,
-106845,
-71655,
