# 1002 (shape [1, 2048, 2]),
10260002,
6458027,
61069848,
13897945,
5246271,
29152780,
4923329,
23354040,
967888,
1226557,
4437525,
23152936,
14225156,
-78941,
5164740,
20015876,
19548344,
22186704,
19859760,
12804178,
-19792160,
-11435252,
-15941963,
7640302,
-16850516,
-11115335,
-29965188,
10711386,
-16769215,
75457,
38316964,
11003853,
-9315837,
13701708,
42101716,
-1958182,
31656712,
56743976,
-20176484,
14822883,
-28548180,
18833060,
-8522944,
5875126,
-29595536,
-7030328,
28797768,
18136884,
-8755768,
57863800,
37982696,
14733793,
38320860,
22173884,
19212840,
33104096,
-8850806,
36404616,
67556792,
7750630,
7469806,
20251296,
47625368,
24109448,
35545476,
27871232,
43778792,
29421136,
11393088,
13196461,
43234840,
35037444,
17111772,
24867152,
42624896,
36919340,
32873748,
13778008,
5956243,
24703500,
6183024,
18748968,
21003264,
35183440,
27961288,
30747044,
18838876,
34977992,
28460500,
31157884,
55964964,
55233748,
25935124,
24180600,
56548112,
23876768,
19717140,
43718748,
29506488,
53860868,
7801354,
26639184,
32996160,
44389924,
17910104,
25171104,
24062564,
42941036,
47635096,
59763416,
65794612,
2494752,
19875028,
42062696,
46194408,
56098660,
27826492,
19527964,
30830380,
23388856,
22133548,
42523180,
33078728,
39901260,
51732956,
32941156,
31429900,
-7336656,
3970660,
39511716,
40026820,
73804304,
50129244,
33324000,
39668324,
15575583,
7715806,
41716736,
21981700,
41783300,
79723352,
36642352,
37801080,
3939487,
10622841,
22376316,
49582944,
55422816,
44388804,
14216281,
15550053,
35116956,
58397928,
51670552,
42663268,
45161688,
78382112,
23048504,
40275456,
32928904,
9530352,
39354120,
47304496,
20448408,
8593046,
49707780,
36211012,
4537370,
16030697,
58793648,
22904840,
58879680,
39915864,
21191972,
40678248,
10785017,
-13358922,
14144420,
23467496,
53934532,
24655832,
30027060,
20674140,
39067536,
26675256,
36872640,
14107732,
53757400,
33449020,
36800880,
35813464,
10244484,
-25362732,
19219152,
22388760,
56156832,
37224736,
47241540,
39770824,
2647539,
23551784,
23951052,
23962672,
19114684,
19452540,
43848400,
16670412,
15029064,
-23949272,
18652904,
35931564,
39912548,
41395052,
62392416,
50719180,
15479333,
12671908,
33333568,
21272056,
1584154,
29420136,
44341048,
80277952,
21470748,
1837694,
29382088,
56084088,
67822616,
81106704,
38226928,
43734064,
24537120,
43639880,
25977532,
7951160,
14002427,
23592352,
42473644,
79338344,
32072980,
-668850,
-17879468,
1064715,
-5727086,
263251,
-5474906,
15747385,
6042438,
-17097840,
-14455693,
-9071798,
-17144372,
17389492,
-24715384,
-1066401,
8040512,
10260000,
6458025,
61069848,
13897943,
5246269,
29152780,
4923327,
23354036,
967886,
1226555,
4437523,
23152932,
14225154,
-78943,
5164738,
20015872,
19548344,
22186704,
19859756,
12804176,
-19792164,
-11435254,
-15941965,
7640300,
-16850516,
-11115337,
-29965188,
10711384,
-16769217,
75455,
38316964,
11003851,
-9315839,
13701706,
42101716,
-1958184,
31656708,
56743976,
-20176484,
14822881,
-28548180,
18833060,
-8522946,
5875124,
-29595536,
-7030330,
28797768,
18136884,
-8755770,
57863800,
37982696,
14733791,
38320860,
22173884,
19212840,
33104092,
-8850808,
36404616,
67556792,
7750628,
7469804,
20251296,
47625368,
24109444,
35545476,
27871232,
43778792,
29421136,
11393086,
13196459,
43234840,
35037444,
17111768,
24867148,
42624896,
36919340,
32873744,
13778006,
5956241,
24703500,
6183022,
18748968,
21003264,
35183440,
27961288,
30747040,
18838876,
34977992,
28460500,
31157884,
55964964,
55233748,
25935124,
24180600,
56548112,
23876768,
19717136,
43718748,
29506488,
53860868,
7801352,
26639184,
32996160,
44389924,
17910104,
25171104,
24062560,
42941036,
47635096,
59763416,
65794612,
2494750,
19875028,
42062696,
46194408,
56098660,
27826492,
19527964,
30830380,
23388852,
22133548,
42523180,
33078728,
39901260,
51732956,
32941156,
31429896,
-7336658,
3970658,
39511716,
40026820,
73804304,
50129244,
33324000,
39668324,
15575581,
7715804,
41716736,
21981700,
41783300,
79723352,
36642352,
37801080,
3939485,
10622839,
22376316,
49582944,
55422816,
44388804,
14216279,
15550051,
35116956,
58397928,
51670552,
42663268,
45161688,
78382112,
23048504,
40275456,
32928904,
9530350,
39354120,
47304496,
20448408,
8593044,
49707780,
36211012,
4537368,
16030695,
58793648,
22904840,
58879680,
39915864,
21191972,
40678248,
10785015,
-13358924,
14144418,
23467496,
53934532,
24655832,
30027060,
20674140,
39067536,
26675256,
36872640,
14107730,
53757400,
33449020,
36800880,
35813464,
10244482,
-25362732,
19219152,
22388756,
56156832,
37224736,
47241540,
39770824,
2647537,
23551780,
23951052,
23962672,
19114684,
19452536,
43848400,
16670410,
15029062,
-23949272,
18652904,
35931564,
39912548,
41395052,
62392416,
50719180,
15479331,
12671906,
33333564,
21272056,
1584152,
29420136,
44341048,
80277952,
21470748,
1837692,
29382084,
56084088,
67822616,
81106704,
38226928,
43734064,
24537120,
43639880,
25977532,
7951158,
14002425,
23592352,
42473644,
79338344,
32072980,
-668852,
-17879468,
1064713,
-5727088,
263249,
-5474908,
15747383,
6042436,
-17097840,
-14455695,
-9071800,
-17144372,
17389492,
-24715384,
-1066403,
8040510,
7302623,
-14327664,
-10194010,
-6301252,
-20831196,
-22203856,
-31660320,
-33714936,
-40273552,
-45094440,
-13530303,
-9497101,
4570594,
-18475684,
-31873100,
-40286292,
-17747204,
-45656392,
-36163952,
-20676932,
-26111488,
-47969176,
-38840580,
-48353296,
-56778816,
-65091056,
-46134084,
-29145860,
-7372135,
-19314380,
-4623606,
-65910688,
-9002009,
-36082200,
-25747020,
-5093911,
-13652489,
-5755332,
-22010812,
-10288836,
-16101654,
-5680344,
-14762487,
-20404916,
-3234205,
-3450007,
21513868,
-48629056,
-22331996,
-21206292,
1264186,
-9631294,
2122065,
-1450449,
-22460012,
2530618,
-22712012,
-12060687,
25069676,
9735923,
-25010392,
-28971564,
-2611366,
-29237320,
-32900636,
-36739024,
26320596,
-3822480,
-2634842,
-17740896,
-19234504,
632362,
-452404,
-7274694,
21345532,
22747376,
-1565360,
-12796085,
-6671221,
-27863016,
-7379144,
-8042943,
13387366,
-1321994,
14244577,
-6381571,
4157727,
29545704,
7933319,
-23557144,
2589099,
5824787,
4936518,
-7264559,
-6429112,
-49434588,
-23671200,
-25543484,
-4382192,
-3692822,
-6357940,
-204050,
-722503,
-11531142,
6376569,
-1228484,
-14916140,
-11359199,
2226298,
-23853908,
-17546400,
-55305132,
-37622616,
-63372456,
-31226364,
5260701,
16947452,
27344216,
2841909,
1803284,
627876,
-12946703,
-17785832,
-4385042,
-2609268,
1758666,
11711954,
-45479384,
-15571829,
-16859060,
-13118568,
21071208,
12926386,
356200,
651253,
20760660,
5329691,
12143015,
-7401182,
-7385154,
-5046169,
13639277,
50891576,
-16185384,
-8291616,
-18310480,
-606208,
26941832,
16084452,
-25451612,
-35445292,
898653,
12450200,
14447345,
-2352921,
-9567593,
-2996482,
-14630402,
18415712,
-33612188,
-3933420,
-16787936,
-13613816,
7133253,
7615189,
11542257,
-1308039,
-1173597,
10711233,
22368824,
-7500748,
3444453,
26866716,
-8722393,
-10883197,
-72418896,
-11108230,
-32626472,
-13236683,
-27726696,
-4087314,
12011402,
27341824,
10779996,
11409273,
9390139,
264017,
14025781,
10896786,
-5360422,
-6086405,
-48980052,
-29902108,
-65974856,
-32955908,
-41217320,
19299792,
26770776,
12691426,
-972102,
-508060,
-30430532,
-22403532,
-1935791,
-19545904,
-16209019,
-1120254,
-42522628,
-2002417,
-14520146,
-30079752,
-21881304,
3890618,
-11705192,
8866883,
-10954504,
-26248344,
-16849092,
-23462516,
-31885544,
-34156124,
19475464,
21363388,
-44688316,
-33031996,
-50594776,
-44458424,
-10092723,
-26351420,
-28363724,
-13885246,
-24091104,
-49745900,
-31187000,
-53054080,
-56386552,
-66992760,
-47178908,
-9991616,
-54551924,
-30080636,
-1259665,
-6775613,
-1146142,
447188,
-1880715,
-8313062,
1424595,
-12046164,
11653018,
-27671364,
-602295,
-800795,
-9275887,
-15268870,
-29567604,
7302621,
-14327666,
-10194012,
-6301254,
-20831196,
-22203856,
-31660320,
-33714936,
-40273552,
-45094440,
-13530305,
-9497103,
4570592,
-18475684,
-31873100,
-40286292,
-17747204,
-45656392,
-36163952,
-20676932,
-26111492,
-47969176,
-38840580,
-48353296,
-56778816,
-65091056,
-46134084,
-29145860,
-7372137,
-19314380,
-4623608,
-65910688,
-9002011,
-36082200,
-25747024,
-5093913,
-13652491,
-5755334,
-22010812,
-10288838,
-16101656,
-5680346,
-14762489,
-20404920,
-3234207,
-3450009,
21513868,
-48629056,
-22332000,
-21206296,
1264184,
-9631296,
2122063,
-1450451,
-22460012,
2530616,
-22712016,
-12060689,
25069672,
9735921,
-25010392,
-28971564,
-2611368,
-29237320,
-32900636,
-36739024,
26320596,
-3822482,
-2634844,
-17740896,
-19234504,
632360,
-452406,
-7274696,
21345532,
22747376,
-1565362,
-12796087,
-6671223,
-27863016,
-7379146,
-8042945,
13387364,
-1321996,
14244575,
-6381573,
4157725,
29545700,
7933317,
-23557148,
2589097,
5824785,
4936516,
-7264561,
-6429114,
-49434588,
-23671200,
-25543484,
-4382194,
-3692824,
-6357942,
-204052,
-722505,
-11531144,
6376567,
-1228486,
-14916142,
-11359201,
2226296,
-23853908,
-17546400,
-55305132,
-37622616,
-63372456,
-31226364,
5260699,
16947452,
27344216,
2841907,
1803282,
627874,
-12946705,
-17785832,
-4385044,
-2609270,
1758664,
11711952,
-45479384,
-15571831,
-16859060,
-13118570,
21071208,
12926384,
356198,
651251,
20760656,
5329689,
12143013,
-7401184,
-7385156,
-5046171,
13639275,
50891576,
-16185386,
-8291618,
-18310484,
-606210,
26941828,
16084450,
-25451612,
-35445292,
898651,
12450198,
14447343,
-2352923,
-9567595,
-2996484,
-14630404,
18415712,
-33612188,
-3933422,
-16787936,
-13613818,
7133251,
7615187,
11542255,
-1308041,
-1173599,
10711231,
22368820,
-7500750,
3444451,
26866716,
-8722395,
-10883199,
-72418896,
-11108232,
-32626472,
-13236685,
-27726696,
-4087316,
12011400,
27341820,
10779994,
11409271,
9390137,
264015,
14025779,
10896784,
-5360424,
-6086407,
-48980052,
-29902108,
-65974856,
-32955908,
-41217320,
19299792,
26770776,
12691424,
-972104,
-508062,
-30430532,
-22403536,
-1935793,
-19545904,
-16209021,
-1120256,
-42522628,
-2002419,
-14520148,
-30079752,
-21881304,
3890616,
-11705194,
8866881,
-10954506,
-26248344,
-16849092,
-23462520,
-31885544,
-34156124,
19475464,
21363388,
-44688316,
-33031996,
-50594776,
-44458424,
-10092725,
-26351420,
-28363724,
-13885248,
-24091104,
-49745900,
-31187000,
-53054080,
-56386552,
-66992760,
-47178908,
-9991618,
-54551924,
-30080636,
-1259667,
-6775615,
-1146144,
447186,
-1880717,
-8313064,
1424593,
-12046166,
11653016,
-27671368,
-602297,
-800797,
-9275889,
-15268872,
-29567604,
-712519,
-4903944,
-16865636,
-13877041,
-19849160,
-35644824,
-39004748,
-38909296,
-31064624,
-43277704,
-946162,
-35257224,
-1262511,
-48709276,
-52036804,
-30781000,
-45374280,
-50333968,
8062718,
5650514,
-19384632,
-31824288,
-1374962,
-15573713,
-12096772,
-29080688,
24318092,
-15164869,
3613192,
-1213207,
-27343420,
-40472384,
-70110104,
-50082312,
-29237496,
-28399272,
-33111512,
-23707848,
-11996797,
-26157800,
-44421936,
-28750644,
-115468,
-47919332,
-27733016,
-15823150,
-46407136,
-43542172,
-70375616,
-45743812,
-33277680,
-73440768,
-30605824,
-39605496,
-38811784,
-14612244,
-37411764,
-58967472,
-15454471,
-25415020,
-37571512,
-12585226,
-39915472,
-3059897,
-71855952,
-18292268,
2530755,
-11051514,
-32908452,
-53624076,
-27247804,
-13915086,
-36111020,
-51837876,
3682407,
-42122704,
-49945112,
-40659764,
-41049468,
377440,
-50832856,
-22725848,
-13207,
-22105748,
-27354232,
-14744776,
-36851860,
-24521572,
-50700344,
-42179136,
-55046536,
-23108824,
-41126440,
-30093444,
-70670304,
-45309508,
-56818496,
-20151928,
-30360008,
-35699584,
-11951245,
-2882967,
-24406840,
-38256064,
-28024044,
-51432732,
-10741869,
-18534500,
-18626552,
-19149112,
-59021936,
-59627632,
-53293912,
-53750792,
-33654808,
-21403088,
-32744168,
-2668655,
-17952264,
-5207909,
-21231744,
-16524838,
-34640496,
-673520,
-20064888,
19777076,
-42204788,
-27985444,
-62284216,
-36575124,
-12694636,
-24877864,
-32508204,
-44283304,
-11349814,
-19275964,
-26495264,
-13079692,
-25976092,
6024595,
-26744072,
-30609136,
-34961344,
-27747644,
-49133728,
-40597060,
-32144288,
8220320,
-42210368,
-58965392,
-24222016,
2368320,
19480932,
-1446283,
-7765697,
-31686848,
-14400013,
-16210259,
-26315460,
-37538864,
-48075736,
-61604188,
-28392712,
-28984780,
-21723836,
-16404113,
-17105424,
-20804244,
-13288017,
-25043368,
-50820380,
-17283688,
-12880202,
-12457176,
-63033108,
-49023392,
-65069472,
-56364040,
-20069616,
-32924372,
-11532083,
-20538304,
-22855556,
-10315122,
-13447113,
-33681588,
-11875636,
-12625737,
-22028176,
-36067680,
-25596528,
-27027668,
-35306456,
-47896172,
-41555768,
-23617296,
31131816,
-5614543,
629174,
-17101796,
-20407680,
-46825648,
-57024484,
-31299476,
-39558296,
-13990299,
-46917928,
-43779976,
-44322416,
-26349700,
-29369344,
-3979282,
6150007,
206202,
-15598671,
-26624644,
-10582524,
-18354612,
-44846300,
-47962192,
-30713516,
-7572471,
-43262060,
-27170540,
-56495192,
-31753944,
-48634056,
-617979,
-10500538,
-37916464,
-23094220,
-24597308,
-46551456,
-22915264,
-79118064,
-47962780,
-60080980,
-22822756,
-42385472,
-35302608,
-65000296,
-57241232,
-45496456,
-20679224,
-45351152,
-44417608,
-21604720,
-36694432,
-60765000,
-47527776,
-43230888,
-35017352,
-50981988,
-50457672,
-63359880,
-21360312,
-712521,
-4903946,
-16865640,
-13877043,
-19849160,
-35644824,
-39004748,
-38909296,
-31064628,
-43277704,
-946164,
-35257224,
-1262513,
-48709276,
-52036804,
-30781000,
-45374280,
-50333968,
8062716,
5650512,
-19384632,
-31824288,
-1374964,
-15573715,
-12096774,
-29080692,
24318092,
-15164871,
3613190,
-1213209,
-27343420,
-40472384,
-70110104,
-50082312,
-29237496,
-28399276,
-33111512,
-23707852,
-11996799,
-26157800,
-44421936,
-28750648,
-115470,
-47919332,
-27733016,
-15823152,
-46407136,
-43542172,
-70375616,
-45743812,
-33277680,
-73440768,
-30605828,
-39605496,
-38811784,
-14612246,
-37411764,
-58967472,
-15454473,
-25415024,
-37571512,
-12585228,
-39915472,
-3059899,
-71855952,
-18292272,
2530753,
-11051516,
-32908452,
-53624076,
-27247804,
-13915088,
-36111020,
-51837876,
3682405,
-42122704,
-49945112,
-40659764,
-41049468,
377438,
-50832856,
-22725852,
-13209,
-22105748,
-27354236,
-14744778,
-36851860,
-24521572,
-50700344,
-42179136,
-55046536,
-23108828,
-41126440,
-30093448,
-70670304,
-45309508,
-56818496,
-20151928,
-30360008,
-35699584,
-11951247,
-2882969,
-24406844,
-38256064,
-28024048,
-51432732,
-10741871,
-18534500,
-18626556,
-19149116,
-59021936,
-59627632,
-53293912,
-53750792,
-33654808,
-21403092,
-32744172,
-2668657,
-17952268,
-5207911,
-21231748,
-16524840,
-34640496,
-673522,
-20064888,
19777076,
-42204788,
-27985448,
-62284216,
-36575124,
-12694638,
-24877864,
-32508208,
-44283304,
-11349816,
-19275968,
-26495268,
-13079694,
-25976092,
6024593,
-26744076,
-30609140,
-34961344,
-27747644,
-49133728,
-40597060,
-32144292,
8220318,
-42210368,
-58965392,
-24222020,
2368318,
19480928,
-1446285,
-7765699,
-31686848,
-14400015,
-16210261,
-26315464,
-37538864,
-48075736,
-61604188,
-28392716,
-28984784,
-21723836,
-16404115,
-17105424,
-20804244,
-13288019,
-25043368,
-50820380,
-17283688,
-12880204,
-12457178,
-63033108,
-49023392,
-65069472,
-56364040,
-20069616,
-32924372,
-11532085,
-20538304,
-22855560,
-10315124,
-13447115,
-33681588,
-11875638,
-12625739,
-22028180,
-36067680,
-25596532,
-27027668,
-35306456,
-47896172,
-41555768,
-23617296,
31131812,
-5614545,
629172,
-17101800,
-20407680,
-46825648,
-57024484,
-31299476,
-39558296,
-13990301,
-46917928,
-43779976,
-44322416,
-26349704,
-29369348,
-3979284,
6150005,
206200,
-15598673,
-26624648,
-10582526,
-18354612,
-44846300,
-47962192,
-30713520,
-7572473,
-43262060,
-27170540,
-56495192,
-31753944,
-48634056,
-617981,
-10500540,
-37916464,
-23094220,
-24597312,
-46551456,
-22915268,
-79118064,
-47962780,
-60080980,
-22822760,
-42385472,
-35302608,
-65000296,
-57241232,
-45496456,
-20679224,
-45351152,
-44417608,
-21604720,
-36694432,
-60765000,
-47527776,
-43230888,
-35017352,
-50981988,
-50457672,
-63359880,
-21360312,
-626716,
-1920637,
10092554,
3166359,
-6289918,
21704608,
-9819372,
17515736,
20561876,
13750497,
11618759,
31953112,
-1033386,
24120760,
15532082,
-314252,
-55886412,
-10277417,
-16907456,
-23809112,
-16621689,
-66650240,
-11577963,
-12125992,
-23149128,
-28684424,
-34587312,
-17457704,
14572514,
-4543662,
-22720568,
14905050,
-73729944,
-11599663,
-39039308,
-27467856,
-52429072,
-22544256,
-25055088,
-41776128,
-17506460,
-20859680,
-22320184,
-51061672,
-18612856,
-17669124,
-19669416,
25019884,
-59494680,
944912,
-14326466,
-46651568,
-40736368,
7025447,
-2540875,
-27002628,
-44334720,
-16637785,
-32569104,
-52699592,
-46077092,
-16282643,
-61098872,
1480271,
-31309392,
-17361764,
-28117396,
2237692,
-17469984,
-17318560,
-17824952,
-9806386,
-66492056,
-9418659,
-12880233,
-21850976,
-39092752,
-35851704,
-59283984,
26622712,
-47512056,
3927717,
-32303628,
-1109845,
-32342052,
-27673908,
-27919264,
-13622358,
-7477471,
-13564125,
-9419334,
-37468248,
-15998848,
-60461624,
-49477544,
-12487752,
-32056732,
13898001,
-2548270,
-46712576,
-42788904,
-42214160,
-13037824,
-5184845,
-26237548,
-10144019,
-39536776,
-12366737,
-33910660,
-5417043,
-61230248,
15612466,
-22086884,
11958620,
-27311572,
-42207720,
-30042724,
-23004804,
-16917560,
-23001380,
9260440,
-19133656,
18817764,
-27786444,
4584911,
-22910756,
-50856360,
-1197681,
-2688217,
-16671899,
-35843076,
499736,
-24830744,
-4541894,
-3333347,
-23846660,
-20061628,
-17564376,
-11872100,
-5990260,
-31201352,
-25882236,
-54603564,
37129732,
-48142368,
-19792956,
-5512202,
-14073217,
-29936212,
-40576644,
-34380668,
-31140112,
-1583747,
-13883177,
-9648489,
-24182268,
-31883384,
1350112,
-42154016,
-1264488,
-56653332,
18377636,
-29068504,
-27821888,
-65119268,
-31592540,
-10753303,
-14009408,
-27412284,
-13755182,
9249595,
-36047048,
-19277908,
-32991968,
-42236440,
11164659,
-38411720,
13758628,
-33764620,
6123313,
-5070956,
-27805144,
-22292488,
2213609,
-6971502,
-39364804,
-43747040,
-16925088,
-7649679,
-6524249,
-16097546,
4830765,
-46169636,
13483948,
-7120400,
-8388782,
-16455907,
-22445428,
-44436104,
-35683160,
-26019640,
-21809864,
-25355028,
-29187448,
21025248,
-21622156,
-40214072,
14906062,
-21227444,
-30293324,
-8785254,
-31644688,
-26376688,
-25470576,
-24876680,
-51964084,
-11077500,
-32225492,
-30220828,
-28982464,
-34321672,
-37196724,
-17956964,
10789499,
-30338452,
-51576160,
-48801152,
-19935832,
-25943068,
-48166560,
-27835336,
-31685912,
-20692700,
-64090104,
-37474568,
-53527776,
-49644656,
-60813372,
-57543608,
6813478,
-50711700,
-12999893,
780700,
7266903,
-16762798,
-7851534,
3111834,
-21665004,
-2585276,
-10711530,
12656727,
15234342,
-4731049,
-3577447,
-22352176,
23505244,
-626718,
-1920639,
10092552,
3166357,
-6289920,
21704608,
-9819374,
17515736,
20561876,
13750495,
11618757,
31953108,
-1033388,
24120756,
15532080,
-314254,
-55886412,
-10277419,
-16907460,
-23809116,
-16621691,
-66650240,
-11577965,
-12125994,
-23149128,
-28684424,
-34587312,
-17457704,
14572512,
-4543664,
-22720568,
14905048,
-73729944,
-11599665,
-39039308,
-27467856,
-52429072,
-22544260,
-25055088,
-41776128,
-17506460,
-20859680,
-22320184,
-51061672,
-18612856,
-17669128,
-19669416,
25019884,
-59494680,
944910,
-14326468,
-46651568,
-40736368,
7025445,
-2540877,
-27002632,
-44334720,
-16637787,
-32569108,
-52699592,
-46077092,
-16282645,
-61098872,
1480269,
-31309392,
-17361764,
-28117396,
2237690,
-17469984,
-17318560,
-17824952,
-9806388,
-66492056,
-9418661,
-12880235,
-21850976,
-39092752,
-35851704,
-59283984,
26622712,
-47512056,
3927715,
-32303628,
-1109847,
-32342052,
-27673912,
-27919264,
-13622360,
-7477473,
-13564127,
-9419336,
-37468248,
-15998850,
-60461624,
-49477544,
-12487754,
-32056736,
13897999,
-2548272,
-46712576,
-42788904,
-42214160,
-13037826,
-5184847,
-26237548,
-10144021,
-39536776,
-12366739,
-33910660,
-5417045,
-61230248,
15612464,
-22086884,
11958618,
-27311572,
-42207720,
-30042724,
-23004804,
-16917560,
-23001384,
9260438,
-19133656,
18817764,
-27786444,
4584909,
-22910756,
-50856360,
-1197683,
-2688219,
-16671901,
-35843076,
499734,
-24830744,
-4541896,
-3333349,
-23846660,
-20061628,
-17564380,
-11872102,
-5990262,
-31201356,
-25882240,
-54603564,
37129732,
-48142368,
-19792956,
-5512204,
-14073219,
-29936212,
-40576644,
-34380668,
-31140112,
-1583749,
-13883179,
-9648491,
-24182272,
-31883384,
1350110,
-42154016,
-1264490,
-56653332,
18377632,
-29068504,
-27821888,
-65119268,
-31592540,
-10753305,
-14009410,
-27412288,
-13755184,
9249593,
-36047048,
-19277908,
-32991968,
-42236440,
11164657,
-38411720,
13758626,
-33764620,
6123311,
-5070958,
-27805144,
-22292492,
2213607,
-6971504,
-39364804,
-43747040,
-16925088,
-7649681,
-6524251,
-16097548,
4830763,
-46169636,
13483946,
-7120402,
-8388784,
-16455909,
-22445428,
-44436104,
-35683160,
-26019644,
-21809864,
-25355028,
-29187448,
21025244,
-21622156,
-40214072,
14906060,
-21227444,
-30293324,
-8785256,
-31644688,
-26376688,
-25470580,
-24876680,
-51964084,
-11077502,
-32225496,
-30220832,
-28982468,
-34321672,
-37196724,
-17956964,
10789497,
-30338452,
-51576160,
-48801152,
-19935836,
-25943068,
-48166560,
-27835336,
-31685912,
-20692704,
-64090104,
-37474568,
-53527776,
-49644656,
-60813372,
-57543608,
6813476,
-50711700,
-12999895,
780698,
7266901,
-16762800,
-7851536,
3111832,
-21665004,
-2585278,
-10711532,
12656725,
15234340,
-4731051,
-3577449,
-22352176,
23505240,
28969432,
15809925,
-6696232,
15238691,
8895834,
11184776,
-27187388,
-11555377,
-3137995,
-5873020,
-29999376,
-8854556,
-20592168,
-20229320,
5744854,
-5599715,
40490468,
26930340,
31566120,
14716270,
48221824,
5346938,
20363584,
7996522,
10304111,
-9518561,
-24369644,
1615596,
-18123388,
-17251272,
11491440,
-1097371,
23670372,
11579500,
20166364,
26830412,
8927324,
8089949,
848470,
6745657,
1399258,
20853752,
-32788708,
5873351,
26431348,
2860655,
35337408,
-4601192,
27175544,
-1721983,
-5304304,
17014696,
539990,
1787063,
-2366322,
-28153156,
-4661754,
14024399,
-55948912,
12369946,
2426912,
24187048,
33376420,
1964599,
2546500,
1007602,
-46759628,
15304920,
-11892287,
6738109,
-8586670,
-1937636,
-51612856,
-6987011,
-14071717,
-29971120,
-24567552,
-2443533,
34018216,
2786341,
-3622201,
10115816,
1137361,
21521824,
-3167914,
-942954,
2382767,
-30712200,
-45875428,
-3374812,
2301397,
-3709093,
-3686652,
512546,
28782788,
1281742,
-4126081,
-13354581,
1653377,
18658116,
15239400,
18095568,
-7405261,
-4012661,
-35019360,
-4805564,
-5760270,
-7569129,
-6767755,
-20822636,
11281569,
3639478,
-19329172,
9865109,
11317637,
-6102498,
-4926076,
3282201,
-4827201,
-20042360,
-15909855,
-5267937,
2596665,
-8698238,
27506828,
-2994902,
29575420,
2130937,
-6088519,
25002244,
17663576,
-18172452,
-9643670,
4144036,
1783667,
19899896,
746199,
3958929,
-16921440,
24681480,
-5650496,
43444208,
21715328,
4035796,
32672052,
12261570,
-1272723,
-4400890,
-10070721,
13143908,
4373803,
5368705,
-15084793,
-6085064,
17993956,
19885088,
-15868738,
14884208,
19007960,
-10771040,
3974992,
-25941716,
-8259242,
21969368,
5586213,
-8316836,
16376605,
8815012,
8633394,
964922,
19059524,
764095,
-15413588,
5135843,
6154846,
-9255495,
-10635101,
-7644098,
5924641,
-21167156,
-177639,
-9603663,
14595179,
-8151509,
5510612,
3647722,
-8859458,
-29210592,
-30439504,
24802836,
20071504,
-16497399,
-11633758,
25643564,
12598028,
-9348820,
2967438,
-4259246,
18598440,
17338212,
10804597,
-470089,
10884801,
4269298,
4701756,
4296901,
6685612,
30656200,
12354311,
9909448,
-929289,
-18824360,
16709884,
14154241,
8969983,
17022748,
6199316,
-10517193,
3164135,
-15171792,
-13089299,
-30257916,
15050513,
20971224,
36940388,
23850996,
-17397108,
13838752,
2015052,
-2571860,
11364441,
-6879807,
-1162419,
5996424,
-22342236,
-27594716,
-22235680,
-12066217,
-7855363,
12580969,
19271376,
-21075440,
-21134500,
-1257729,
-7370971,
2800365,
3471975,
-14343765,
9207202,
-1963605,
-37859644,
-29917248,
-72568024,
-31960420,
666082,
-16988000,
28969432,
15809923,
-6696234,
15238689,
8895832,
11184774,
-27187392,
-11555379,
-3137997,
-5873022,
-29999380,
-8854558,
-20592168,
-20229324,
5744852,
-5599717,
40490468,
26930340,
31566116,
14716268,
48221824,
5346936,
20363584,
7996520,
10304109,
-9518563,
-24369644,
1615594,
-18123392,
-17251272,
11491438,
-1097373,
23670372,
11579498,
20166364,
26830412,
8927322,
8089947,
848468,
6745655,
1399256,
20853752,
-32788708,
5873349,
26431348,
2860653,
35337408,
-4601194,
27175540,
-1721985,
-5304306,
17014696,
539988,
1787061,
-2366324,
-28153160,
-4661756,
14024397,
-55948912,
12369944,
2426910,
24187048,
33376416,
1964597,
2546498,
1007600,
-46759628,
15304918,
-11892289,
6738107,
-8586672,
-1937638,
-51612856,
-6987013,
-14071719,
-29971120,
-24567556,
-2443535,
34018216,
2786339,
-3622203,
10115814,
1137359,
21521820,
-3167916,
-942956,
2382765,
-30712200,
-45875428,
-3374814,
2301395,
-3709095,
-3686654,
512544,
28782788,
1281740,
-4126083,
-13354583,
1653375,
18658116,
15239398,
18095568,
-7405263,
-4012663,
-35019360,
-4805566,
-5760272,
-7569131,
-6767757,
-20822636,
11281567,
3639476,
-19329172,
9865107,
11317635,
-6102500,
-4926078,
3282199,
-4827203,
-20042364,
-15909857,
-5267939,
2596663,
-8698240,
27506828,
-2994904,
29575416,
2130935,
-6088521,
25002244,
17663572,
-18172452,
-9643672,
4144034,
1783665,
19899896,
746197,
3958927,
-16921440,
24681476,
-5650498,
43444208,
21715328,
4035794,
32672048,
12261568,
-1272725,
-4400892,
-10070723,
13143906,
4373801,
5368703,
-15084795,
-6085066,
17993956,
19885088,
-15868740,
14884206,
19007960,
-10771042,
3974990,
-25941716,
-8259244,
21969368,
5586211,
-8316838,
16376603,
8815010,
8633392,
964920,
19059524,
764093,
-15413590,
5135841,
6154844,
-9255497,
-10635103,
-7644100,
5924639,
-21167156,
-177641,
-9603665,
14595177,
-8151511,
5510610,
3647720,
-8859460,
-29210592,
-30439504,
24802836,
20071504,
-16497401,
-11633760,
25643560,
12598026,
-9348822,
2967436,
-4259248,
18598440,
17338208,
10804595,
-470091,
10884799,
4269296,
4701754,
4296899,
6685610,
30656200,
12354309,
9909446,
-929291,
-18824360,
16709882,
14154239,
8969981,
17022748,
6199314,
-10517195,
3164133,
-15171794,
-13089301,
-30257920,
15050511,
20971224,
36940388,
23850992,
-17397108,
13838750,
2015050,
-2571862,
11364439,
-6879809,
-1162421,
5996422,
-22342240,
-27594720,
-22235680,
-12066219,
-7855365,
12580967,
19271372,
-21075444,
-21134500,
-1257731,
-7370973,
2800363,
3471973,
-14343767,
9207200,
-1963607,
-37859644,
-29917252,
-72568024,
-31960420,
666080,
-16988004,
-6478644,
12598194,
-8027871,
5250996,
-1720113,
7012848,
4213834,
-9086212,
-5357990,
-2446124,
8618994,
-5173785,
4627834,
3756006,
8074082,
2811943,
-23145724,
-3664852,
1922215,
16634859,
-4809362,
-20467180,
7762417,
-6094568,
-2017342,
-37522836,
-2890756,
-18531508,
5881747,
3103919,
-11254313,
-8063400,
-27978076,
20789668,
-24309544,
-13330916,
-3719187,
-4339373,
-2666638,
2473733,
15985722,
-33452232,
24085452,
-13578209,
-6228475,
-425609,
33568336,
17961136,
-25774644,
31077140,
6207099,
-22901356,
-17637332,
-7585769,
-14079288,
3398642,
20972296,
-4082657,
-29664568,
4965790,
-19320448,
-6108329,
10913486,
25094896,
-23053740,
25051604,
-13898468,
-18739756,
-29393992,
-12756749,
-9872355,
18885964,
-4889692,
-12360745,
-23444148,
5820490,
-10064895,
-23165868,
-51525,
36052296,
-13175192,
-2019139,
-7903863,
-11054838,
-5193881,
-4620279,
-31840892,
-17276404,
-8501247,
1260955,
-18057152,
6312007,
7715661,
-11982089,
-10457950,
-15251273,
-7696440,
-9236748,
515335,
12653839,
11073546,
-19847032,
-13381913,
-4054383,
-6165413,
-18421840,
-10144928,
-2564647,
799684,
-237488,
-20733468,
-9863168,
-25336564,
-23068132,
-5441153,
498952,
-33041900,
-3866337,
-4228381,
-27285488,
1900240,
-11752720,
-14222637,
-10569043,
-4773553,
-2270403,
31720268,
16711735,
-10833085,
9438394,
-7402566,
-5790184,
-38047776,
-29935584,
-11767680,
7663436,
6093618,
3031643,
-24964412,
-3390672,
-14306712,
12955160,
8567449,
-5279604,
-18840120,
20243192,
-21148568,
-3187724,
-11646535,
-9041665,
-4790059,
-3639720,
-1986755,
-15828321,
-21919836,
-25012596,
-9016001,
-1425436,
2730579,
278994,
-24226936,
6845249,
-35054648,
4191797,
-13719355,
-8296649,
-20519860,
-1423259,
-14332036,
-16639043,
16191518,
-5583771,
-2616815,
-27863100,
-8931428,
-4130341,
-22674100,
13611638,
-13054034,
-4933961,
-8361911,
-6242027,
-4995444,
-18636452,
-28612948,
-2229280,
16662735,
-1595766,
-20084044,
-33480208,
40266760,
-9979496,
-28230832,
-220232,
-13682327,
-10046462,
-11912607,
-6789885,
-7814818,
-24933836,
-7942260,
-22560496,
-11929701,
-15585067,
-12120828,
9668767,
10712566,
-104662,
-17726712,
21643056,
30505540,
-13564053,
-19932940,
-17847940,
-9725437,
-7157613,
-1399830,
7816222,
3721245,
-1897465,
1033695,
8045064,
26530648,
6187029,
-22804560,
38742000,
-3126175,
-14798056,
-18106356,
-7922250,
3821347,
7403428,
-10932602,
-12777056,
19353996,
-12759218,
-21184948,
444377,
26042700,
4443038,
-4092570,
24250036,
-11365798,
1500094,
-10983612,
8172206,
8887315,
-3153074,
6320299,
9312610,
-13059165,
-2083019,
-38979752,
-29926340,
3823905,
-1024154,
-6478646,
12619596,
-8074839,
5187784,
-1761546,
6946118,
4118289,
-9186061,
-5480137,
-2584892,
8510594,
-5338465,
4501263,
3637206,
7941362,
2713256,
-23145724,
-3678693,
1793948,
16552325,
-4841205,
-20571820,
7691945,
-6204820,
-2152329,
-37649284,
-3016473,
-18709088,
5781593,
2988524,
-11324590,
-8197622,
-27978076,
20710112,
-24374824,
-13442658,
-3767421,
-4393690,
-2707995,
2399670,
15926596,
-33539952,
24052024,
-13695855,
-6328123,
-526954,
33518512,
17914728,
-25774648,
30973612,
6147498,
-22972828,
-17754380,
-7686239,
-14161306,
3307860,
20921396,
-4154059,
-29747972,
4886738,
-19360740,
-6229419,
10791084,
24988736,
-23053740,
24942588,
-13979890,
-18815492,
-29486304,
-12879750,
-9937892,
18819156,
-5003424,
-12440839,
-23554828,
5770253,
-10125842,
-23208452,
-130577,
35998416,
-13175194,
-2072945,
-8005609,
-11077712,
-5271658,
-4603691,
-31937556,
-17343184,
-8596875,
1152323,
-18181592,
6210515,
7698550,
-12069045,
-10531344,
-15401783,
-7696442,
-9409984,
419453,
12614057,
11075584,
-19876360,
-13456883,
-4168370,
-6262060,
-18540416,
-10260137,
-2619209,
727232,
-272314,
-20818228,
-9991738,
-25336564,
-23210400,
-5557471,
409931,
-33071732,
-3928304,
-4281423,
-27327180,
1880858,
-11813670,
-14306155,
-10702917,
-4850390,
-2248730,
31723488,
16707105,
-10833087,
9379611,
-7438028,
-5857506,
-38133968,
-30055800,
-11918894,
7625184,
6049776,
3065937,
-24993228,
-3481199,
-14394178,
12939935,
8533022,
-5234154,
-18840124,
20130260,
-21196768,
-3272857,
-11715897,
-9114852,
-4905911,
-3756791,
-2001826,
-15871651,
-21989648,
-25084256,
-9105552,
-1505253,
2615415,
230359,
-24226936,
6726692,
-35154096,
4071690,
-13820761,
-8305321,
-20567368,
-1528831,
-14385516,
-16661485,
16178436,
-5635241,
-2656621,
-27920732,
-9038406,
-4221885,
-22674104,
13478526,
-13155418,
-4997867,
-8461494,
-6300934,
-5022533,
-18678456,
-28672188,
-2306547,
16580625,
-1681361,
-20142868,
-33572440,
40151496,
-10046632,
-28230832,
-277073,
-13806003,
-10153894,
-11928164,
-6817231,
-7801799,
-24954396,
-8021567,
-22647284,
-12033599,
-15690385,
-12188402,
9601866,
10644989,
-162294,
-17726712,
21610612,
30496616,
-13641515,
-19951896,
-17876248,
-9796584,
-7171387,
-1421252,
7771595,
3671793,
-1964917,
929404,
7933049,
26465368,
6180142,
-22804560,
38665208,
-3218567,
-14868694,
-18145120,
-7974796,
3767540,
7404701,
-10919600,
-12832650,
19272676,
-12825584,
-21318572,
271869,
25918516,
4335501,
-4092572,
24233564,
-11418716,
1526435,
-11016603,
8174580,
8902408,
-3168865,
6307109,
9319615,
-13043015,
-2082003,
-39083960,
-30017884,
3758455,
-1013361,
-8744117,
9259827,
20309960,
-6567326,
-1924906,
-11863638,
20622040,
-556791,
8853551,
-2880865,
-2523967,
18093604,
1253439,
-4733161,
6248889,
14384824,
21523272,
7208597,
14711997,
12151998,
-17905256,
13568381,
11001200,
-663913,
6012137,
28338220,
-12591666,
11884105,
9593478,
-951254,
2439684,
-9620846,
-9118919,
36915788,
31735800,
46826860,
19928068,
27761552,
31349292,
32771636,
20132120,
47000020,
9730579,
32001900,
10034383,
23439288,
-9109009,
11319682,
-14023921,
24990384,
1202050,
9874992,
31890432,
28511220,
22642368,
18253608,
24969780,
30142812,
39214704,
14981362,
18761484,
29289032,
2415417,
19354424,
-6301047,
20811056,
20408700,
-15383167,
10850496,
2425625,
25724572,
14010771,
24869752,
11362132,
46185844,
18434872,
12013360,
17253352,
39672776,
11568738,
-9448148,
22078520,
44143956,
-1208547,
2430671,
-22083528,
35109584,
26200644,
28807116,
29542180,
14793246,
15121193,
-10621588,
16083394,
14008354,
44628824,
-8949851,
59687660,
25689784,
6409384,
8615328,
-4963310,
8063187,
9809421,
13557729,
-2883811,
15400314,
7299186,
18336756,
2599336,
-6062249,
839528,
-17113268,
49184588,
23234816,
31711688,
24323856,
14668821,
3398698,
21916316,
-5997600,
13690652,
2462812,
20651372,
8134632,
23195996,
-16370259,
-12883554,
-21672580,
13725410,
9448757,
14469096,
25083788,
8901947,
27548392,
11711752,
15210230,
-15923876,
23841832,
5248965,
28147096,
20369196,
14964254,
12532504,
-6128840,
41501544,
12452216,
17125968,
4859243,
-14757288,
26016576,
20897136,
8700698,
5449331,
12645331,
-4062781,
9537699,
886594,
-2227786,
13378388,
-14325312,
35267608,
29920524,
3168958,
26936572,
-13937498,
-9960301,
8934998,
-946500,
15595858,
5426003,
-1277419,
8109349,
2411024,
-893790,
15534985,
-12887615,
18031872,
23721544,
13927137,
9396095,
22361360,
-18590460,
-11196391,
6749210,
5628046,
12624793,
13432840,
26922512,
10958549,
-31903076,
13703810,
-5598147,
13405844,
8846970,
26230696,
-11872490,
-4001624,
-2785174,
-2568027,
-3291163,
21273004,
20897044,
11137249,
2390008,
-669030,
24566412,
32423880,
4024800,
3258028,
-12540170,
29847412,
25773336,
11842145,
8510734,
2039432,
-27804832,
58559,
3938174,
4906634,
15292083,
23726332,
13529659,
20764564,
10123458,
20806144,
35678992,
30554604,
18700240,
15131374,
3765074,
17759532,
30266772,
40613432,
5999791,
28834280,
59062200,
54435740,
27468280,
23896072,
-4577008,
-18514172,
21347036,
6102152,
4952030,
2644676,
-6537887,
5372967,
-6722083,
-3642446,
21708768,
-8676528,
11768905,
18122180,
-1850949,
25857148,
-8744119,
9259825,
20309956,
-6567328,
-1924908,
-11863640,
20622040,
-556793,
8853549,
-2880867,
-2523969,
18093600,
1253437,
-4733163,
6248887,
14384822,
21553592,
7179263,
14728231,
12144680,
-17943484,
13508827,
10945098,
-660627,
5955431,
28262140,
-12629852,
11873479,
9520760,
-973952,
2394430,
-9620848,
-9166096,
36912700,
31706104,
46781572,
19814184,
27723664,
31255300,
32702688,
20098712,
46895364,
9687941,
31963448,
9916497,
23359828,
-9198727,
11319680,
-14025198,
25045316,
1245732,
9901766,
31982572,
28526060,
22686984,
18247740,
24992888,
30151172,
39202552,
14960984,
18704812,
29282912,
2355739,
19354424,
-6319648,
20817168,
20404108,
-15378324,
10871514,
2471523,
25765688,
13992921,
24882796,
11378958,
46232252,
18394408,
12015398,
17238436,
39643744,
11568736,
-9430981,
22044092,
44192148,
-1213589,
2457954,
-22031512,
35179960,
26170612,
28824252,
29614856,
14833276,
15122467,
-10600934,
16141108,
13991808,
44628824,
-8900893,
59744508,
25758632,
6477970,
8655218,
-4982932,
8070071,
9843335,
13603627,
-2848368,
15413988,
7307088,
18350000,
2682282,
-6023126,
839526,
-17069920,
49234820,
23294996,
31768556,
24327680,
14703755,
3400736,
21917844,
-5998374,
13691314,
2489900,
20750260,
8169954,
23224032,
-16354133,
-12883556,
-21652720,
13755148,
9502815,
14521622,
25151356,
8924769,
27567768,
11747194,
15254376,
-15878490,
23904840,
5306083,
28185292,
20482432,
14948416,
12532502,
-6132706,
41543104,
12516218,
17183824,
4852357,
-14784574,
26066920,
20888332,
8696616,
5501349,
12746055,
-4016168,
9709313,
1000447,
-2236712,
13378386,
-14279922,
35327368,
29956988,
3201341,
26958528,
-13894244,
-9906695,
8946924,
-953046,
15662845,
5439609,
-1223873,
8194751,
2426910,
-981148,
15534983,
-12887617,
18069868,
23778132,
13975329,
9427685,
22436076,
-18543208,
-11178541,
6765408,
5681152,
12696507,
13481290,
26977112,
11000663,
-31926012,
13703808,
-5623487,
13453586,
8887546,
26356152,
-11818920,
-3928650,
-2807452,
-2561654,
-3314115,
21303392,
20949304,
11175847,
2437946,
-643228,
24503748,
32423880,
3981448,
3280814,
-12506000,
29924448,
25804232,
11883563,
8532916,
2101029,
-27740212,
116697,
3953727,
4907600,
15319621,
23755912,
13535173,
20764560,
10132892,
20840912,
35757344,
30678656,
18776480,
15249948,
3854322,
17729696,
30275052,
40631408,
6003233,
28797300,
59095096,
54466596,
27432072,
23896072,
-4528330,
-18478732,
21458472,
6126310,
5017053,
2739026,
-6506013,
5401270,
-6654753,
-3619792,
21745996,
-8602526,
11800269,
18144396,
-1846103,
25857144,
-20132808,
-14647080,
16004659,
-15333913,
-7112142,
-19993976,
5513186,
19272872,
-4797442,
-2209429,
2371237,
2528394,
-13188833,
329016,
11543473,
-19909828,
-24914228,
21208088,
-29046580,
-16636443,
-20364912,
19867280,
42828868,
45262104,
-12361122,
18513824,
14915969,
-16574818,
-37199364,
-23923768,
18191936,
-21327956,
-4489448,
63324720,
27413576,
17161332,
28663732,
26802492,
35531048,
34141396,
29121876,
51716640,
12674079,
39419836,
4249989,
6137347,
-9048273,
-18779964,
13508191,
68280752,
40692416,
31114100,
38788396,
36421792,
33262564,
48715508,
29248388,
47816612,
41567020,
27623256,
51373008,
41611104,
21774212,
-19495748,
29813932,
11822776,
55017528,
31209944,
40988224,
42285888,
33940392,
22673584,
54332764,
68077568,
12733158,
37267552,
53417112,
40263328,
16977636,
-22098044,
39199936,
24377236,
34282872,
34226788,
37163280,
7073978,
26040964,
62797960,
67623112,
49119696,
30472168,
29665072,
58542896,
69013416,
64045232,
-2412033,
50499808,
58267128,
1691795,
-7036688,
-20022084,
51563312,
29586592,
37872560,
65550648,
64598000,
22563304,
21471820,
13032176,
68886288,
75392792,
4584569,
27057256,
48052576,
8920719,
-2935477,
4818938,
-6082339,
-8039371,
29866856,
28332208,
32966344,
23216160,
8032567,
-8140617,
36251288,
4849386,
-37142276,
53984040,
64728504,
21270752,
39185344,
32587404,
38697776,
11267276,
-16962180,
14983037,
33856748,
44944464,
10821381,
20217632,
-20352364,
-12892225,
-27233376,
2831668,
46605408,
50071568,
34955328,
40033168,
33733952,
26202784,
8978222,
-13672248,
9619484,
20559708,
-1328167,
10069714,
14322267,
20398492,
1847207,
16691304,
51411068,
40120616,
3791409,
14669035,
53216808,
24771736,
-12834266,
2818650,
12271386,
33076336,
10937211,
24821152,
11443063,
-5283552,
-20940908,
28574960,
66690184,
26967744,
22993720,
-8047140,
12677638,
33031984,
15249653,
24853424,
12450570,
-316331,
10811268,
3445643,
24253920,
-30485288,
-4905111,
37026816,
86755296,
48930588,
15243064,
3994376,
-4174739,
-952418,
24984760,
18846620,
19521336,
51020752,
19483208,
6732222,
-29255800,
-19813052,
-18772968,
22985888,
66291280,
10115388,
2218663,
-7586933,
-1775537,
-3334126,
-28018772,
31446776,
56714428,
37929488,
55673068,
14171795,
-6447531,
-15486262,
-36228888,
-3802165,
11919521,
19829796,
-1197511,
-25628944,
-16436551,
-48481176,
-36271264,
6797362,
13968098,
6306131,
64182812,
33071880,
13789097,
8778375,
-25075116,
-6638220,
25470144,
12888787,
4731513,
-4795246,
9387989,
-3937393,
-302647,
26211524,
11703777,
44128536,
79094904,
44340968,
11678317,
13401621,
38243360,
-20132812,
-14647082,
16004657,
-15333915,
-7112144,
-19993980,
5513184,
19272872,
-4797444,
-2209431,
2371235,
2528392,
-13188835,
329014,
11543471,
-19909832,
-24914232,
21208084,
-29046580,
-16636445,
-20364912,
19867276,
42828868,
45262104,
-12361124,
18513820,
14915967,
-16574820,
-37199364,
-23923768,
18191932,
-21327956,
-4489450,
63324720,
27413572,
17161332,
28663728,
26802492,
35531048,
34141396,
29121872,
51716640,
12674077,
39419836,
4249987,
6137345,
-9048275,
-18779968,
13508189,
68280752,
40692416,
31114100,
38788396,
36421792,
33262560,
48715508,
29248388,
47816612,
41567020,
27623252,
51373008,
41611104,
21774208,
-19495748,
29813932,
11822774,
55017528,
31209940,
40988224,
42285888,
33940392,
22673584,
54332764,
68077568,
12733156,
37267552,
53417112,
40263328,
16977636,
-22098044,
39199936,
24377236,
34282872,
34226788,
37163280,
7073976,
26040964,
62797960,
67623112,
49119696,
30472164,
29665072,
58542896,
69013416,
64045232,
-2412035,
50499808,
58267128,
1691793,
-7036690,
-20022088,
51563312,
29586592,
37872560,
65550648,
64598000,
22563304,
21471820,
13032174,
68886288,
75392792,
4584567,
27057252,
48052576,
8920717,
-2935479,
4818936,
-6082341,
-8039373,
29866852,
28332204,
32966344,
23216156,
8032565,
-8140619,
36251288,
4849384,
-37142276,
53984040,
64728504,
21270752,
39185344,
32587404,
38697776,
11267274,
-16962184,
14983035,
33856748,
44944464,
10821379,
20217632,
-20352364,
-12892227,
-27233380,
2831666,
46605408,
50071568,
34955328,
40033168,
33733952,
26202784,
8978220,
-13672250,
9619482,
20559704,
-1328169,
10069712,
14322265,
20398488,
1847205,
16691302,
51411068,
40120616,
3791407,
14669033,
53216808,
24771732,
-12834268,
2818648,
12271384,
33076336,
10937209,
24821148,
11443061,
-5283554,
-20940912,
28574960,
66690184,
26967740,
22993720,
-8047142,
12677636,
33031984,
15249651,
24853420,
12450568,
-316333,
10811266,
3445641,
24253920,
-30485288,
-4905113,
37026816,
86755296,
48930588,
15243062,
3994374,
-4174741,
-952420,
24984760,
18846620,
19521336,
51020752,
19483204,
6732220,
-29255804,
-19813056,
-18772968,
22985888,
66291280,
10115386,
2218661,
-7586935,
-1775539,
-3334128,
-28018776,
31446776,
56714428,
37929488,
55673068,
14171793,
-6447533,
-15486264,
-36228888,
-3802167,
11919519,
19829796,
-1197513,
-25628948,
-16436553,
-48481176,
-36271264,
6797360,
13968096,
6306129,
64182812,
33071876,
13789095,
8778373,
-25075116,
-6638222,
25470144,
12888785,
4731511,
-4795248,
9387987,
-3937395,
-302649,
26211524,
11703775,
44128536,
79094904,
44340968,
11678315,
13401619,
38243360,
