# 772 (shape [1, 16, 4, 4]),
92820,
89250,
78795,
33150,
32640,
35955,
14787,
11220,
47940,
54315,
28161,
24990,
30855,
-45390,
10455,
15946,
90525,
5100,
38250,
35700,
38505,
36720,
78615,
65280,
18105,
19635,
56522,
46155,
17850,
70635,
26520,
53583,
107355,
72420,
114750,
82620,
29835,
-27540,
60838,
-6375,
56610,
2295,
21569,
44370,
36975,
-18360,
4080,
-36214,
-54570,
-78030,
-17085,
-41565,
-56610,
-40800,
-48076,
-32130,
-47175,
-34680,
-21336,
-42330,
-45900,
-1530,
13260,
-22050,
70635,
47175,
33405,
66810,
54570,
14025,
39636,
32895,
26010,
46665,
23008,
102765,
12750,
55335,
44880,
33666,
13515,
8415,
14535,
-28815,
-32640,
15300,
-15431,
41565,
-47430,
-2295,
21645,
255,
-13260,
-16320,
6630,
-4936,
102510,
93330,
87975,
82875,
16830,
28560,
7264,
14790,
36975,
53805,
36970,
30855,
20145,
33150,
47175,
29335,
-74970,
-16575,
-32130,
-41565,
-23715,
-42585,
-28753,
-35700,
-49470,
-38760,
-23127,
-85680,
-61965,
1020,
-43095,
-15125,
-95880,
-42330,
-60435,
-36465,
-27540,
11730,
-55461,
-26265,
-20400,
19125,
-15363,
-42075,
-40545,
-21675,
33150,
-779,
0,
-20145,
-14535,
36210,
-5610,
16320,
40778,
22950,
-3825,
13515,
57236,
39525,
-13515,
-5100,
-68595,
-7548,
45645,
4845,
-13770,
-36975,
88995,
9180,
52832,
50745,
51000,
-24735,
17633,
77520,
-7650,
-12495,
14790,
20463,
-31620,
31620,
-1785,
-9690,
-74970,
-52530,
-54598,
-48195,
-55845,
-41310,
-71420,
-64260,
-76755,
-57120,
-33405,
-84310,
-53550,
15045,
-4845,
32130,
-44880,
13770,
-31969,
-33150,
-40290,
15555,
-30853,
-55845,
-38505,
510,
-255,
29561,
-11220,
32895,
16830,
16065,
-53295,
-82110,
-57774,
-67830,
-96645,
-35955,
-71991,
-82365,
-73440,
-30345,
-118830,
-63999,
-18615,
-31365,
-14535,
45135,
14025,
-29070,
-72687,
13770,
14025,
29835,
10091,
41310,
45135,
66045,
118575,
32231,
36975,
7905,
30345,
13770,
26775,
9690,
4731,
42330,
31365,
-1275,
4933,
-28305,
44115,
-10455,
-6630,
-55733,
