# 608 (shape [1, 8, 8, 8]),
-31848,
-43860,
-34062,
-11010,
-30713,
-42330,
-21975,
-19274,
-46477,
-69606,
-70470,
-109911,
-72936,
-97281,
-129770,
-48606,
-58734,
-123575,
-62481,
-73416,
-110876,
-64095,
-86558,
-127058,
-66420,
-164448,
-22849,
-46155,
-101637,
-61200,
-102865,
-80070,
-106611,
-57936,
60945,
-60675,
-112710,
-101850,
-101340,
10395,
-23070,
-85425,
-85255,
-40838,
-10200,
-102255,
-108355,
-40800,
-41673,
-111465,
-92571,
-117459,
-105300,
-60945,
-16830,
-95625,
-63495,
-91833,
-43095,
-45645,
-109905,
-114495,
-64260,
-108885,
-51690,
-64005,
-60830,
-5090,
-127551,
-89760,
-81335,
-117433,
-49076,
-27141,
-53746,
-77274,
-39534,
-83766,
-31195,
-71251,
-73742,
-85393,
-35199,
-51674,
-20632,
-52064,
-5652,
-118548,
-85812,
-100140,
-27559,
-37230,
-90665,
-24735,
-26970,
49215,
-114536,
-46041,
-55845,
-104142,
-101235,
-90956,
-24955,
-8892,
-81477,
-98685,
-63179,
-94315,
-41310,
1275,
-29621,
8670,
-14391,
-126324,
26766,
11250,
-1066,
-65790,
-43605,
-22440,
-41055,
-76279,
-64515,
-72675,
-77010,
-66300,
2295,
-3060,
-99876,
-64005,
-12227,
-61445,
-143046,
-113475,
-131060,
-97119,
-53784,
-13581,
-44355,
-81582,
-66792,
-124044,
-151375,
-75311,
-57715,
-62252,
-33132,
-11057,
-53387,
-2813,
-54920,
-79999,
-117075,
-50151,
10246,
-36465,
-74702,
-79305,
-49759,
-48705,
-112541,
-71121,
-36720,
19551,
-91035,
-100643,
-28670,
93219,
-86730,
-38760,
31546,
-35498,
-36210,
-36975,
-49206,
1530,
-35175,
-26478,
-14262,
12282,
-20179,
-40800,
-8925,
34680,
-23970,
-29419,
43605,
27795,
765,
-30855,
-20910,
-60690,
52132,
73185,
62089,
40395,
65273,
47940,
54675,
-10249,
-10181,
-98859,
-59322,
-43488,
-2433,
38973,
-21015,
15110,
13145,
-29264,
-54198,
-107963,
-72999,
-77175,
-79150,
-60521,
-65391,
-91688,
-130709,
-80070,
-50366,
-77775,
-8192,
1785,
36320,
-44300,
-112200,
-144876,
-47685,
-31381,
-97160,
-64002,
-47541,
-100470,
5294,
-39665,
-67320,
-76755,
-121887,
-93075,
75621,
-6771,
-51903,
7692,
-51178,
-71400,
-78030,
-52275,
35445,
-66870,
-74715,
-68340,
-36210,
-13770,
-29070,
-15300,
-137288,
-89505,
-104196,
-99660,
-50676,
-46410,
-60900,
-57296,
-55067,
-29487,
-60386,
-10038,
-40383,
-41817,
-16705,
-45101,
-79206,
-15538,
-35283,
-3363,
-26602,
-36481,
-42062,
-34609,
-72555,
-48803,
-53803,
-77775,
-49371,
-102255,
-107029,
-35955,
-118191,
-97836,
-36465,
-48774,
-53805,
1969,
-42635,
-6537,
-79950,
-29325,
-42350,
-66460,
-37485,
-65790,
-4616,
-73950,
-83493,
-124022,
-12078,
-47127,
-1909,
-39525,
-38760,
1020,
-82875,
-68477,
-46920,
-47175,
-76500,
-38250,
-10710,
-72930,
77821,
115005,
155721,
73570,
95453,
81600,
103915,
62905,
15430,
-45564,
22273,
49158,
43293,
35709,
99920,
-1760,
5997,
44570,
10143,
-4467,
-1663,
-3274,
-7857,
15617,
38727,
53596,
-6266,
-12240,
61881,
-24225,
5397,
20400,
28095,
28425,
-43095,
12123,
6885,
17466,
-21005,
39597,
-20178,
-33405,
55697,
54729,
65280,
47175,
-44914,
-59670,
85911,
-24617,
-60237,
41535,
-15662,
15300,
-24990,
-2040,
83385,
3665,
-44880,
39015,
38250,
67830,
-11475,
43350,
7821,
18360,
-1425,
-4540,
-54306,
-17340,
-70585,
-68384,
-5966,
-56826,
-36175,
-52071,
-15606,
-5877,
-39310,
-65591,
-31170,
-9917,
-6936,
-1431,
-38225,
-36494,
-12973,
-71710,
-28149,
10371,
-56326,
-8160,
-49110,
-57375,
-22864,
-35190,
5789,
5384,
-49725,
-51675,
-4845,
-59802,
-43690,
-4374,
-67164,
-75990,
-10226,
11684,
-52530,
-37740,
-11961,
2040,
61803,
-39544,
-47226,
-15381,
-109118,
-86700,
-86700,
-35955,
26265,
-43594,
-21675,
50745,
-52275,
-11220,
3315,
-89505,
-31936,
-95880,
-53439,
3805,
-87733,
-83640,
-70910,
34688,
53661,
27297,
75516,
44346,
53271,
43965,
44065,
84084,
37316,
12244,
32616,
13561,
64757,
34550,
22992,
97709,
-26817,
4529,
41300,
91545,
129141,
31620,
-23980,
40290,
94474,
52329,
54315,
122946,
51000,
49040,
25635,
79800,
5568,
-9945,
-24355,
7757,
-17340,
52530,
21231,
53040,
-17673,
17642,
95601,
30084,
51583,
73695,
4080,
79050,
24990,
17809,
48450,
74460,
54570,
52785,
61455,
57630,
