# 799 (shape [1, 16, 4, 4]),
-9695,
-28805,
-28935,
-29530,
-74205,
-43925,
-15810,
-40800,
-10965,
-40335,
-86080,
-37674,
-90015,
-42718,
-76020,
-35775,
4615,
-41956,
-68526,
-29870,
54570,
-47244,
-42840,
-1020,
-11475,
-27575,
-40175,
21384,
765,
76580,
57752,
27669,
21175,
97741,
74781,
97000,
13260,
25375,
90015,
147645,
-44115,
13570,
50345,
34809,
10965,
-14538,
-34482,
17574,
78380,
70506,
129541,
117220,
23970,
74650,
91290,
85680,
7905,
77795,
85350,
95510,
38250,
63746,
30850,
77203,
28120,
-67270,
-135270,
-67570,
37230,
-11429,
-75735,
-94860,
-48195,
-17375,
-108105,
-78673,
-101490,
-41242,
-54116,
-63873,
-10830,
-69019,
-19044,
-10720,
12750,
2799,
-20400,
37740,
36975,
-13790,
31230,
12039,
15300,
77130,
50622,
35002,
175585,
127377,
187032,
179075,
158865,
125334,
133620,
171360,
160650,
106715,
96560,
124995,
199410,
69993,
45469,
69929,
-7555,
-13077,
15298,
-26985,
92055,
47040,
71400,
54825,
123420,
30015,
22015,
55211,
114495,
8547,
62006,
27917,
21315,
-953,
24152,
48745,
-11475,
62482,
89250,
68340,
52275,
27295,
41050,
73480,
46920,
61064,
63662,
91606,
20460,
-18476,
22249,
113585,
114240,
86644,
100980,
67065,
113475,
53845,
105690,
64584,
126735,
90329,
7042,
72622,
35180,
12336,
39026,
-22395,
64770,
-16777,
-8415,
-31620,
71910,
31055,
25810,
-12120,
41565,
-64899,
-252,
-40668,
-9630,
31124,
-9946,
24965,
-8925,
20459,
-3825,
21165,
10710,
15150,
55530,
103906,
11730,
35572,
57896,
33614,
66270,
53570,
55530,
70330,
7140,
56618,
77265,
38250,
2805,
54940,
27085,
-4403,
-21930,
-4524,
-64060,
1342,
-1060,
24174,
28819,
11520,
3570,
-64190,
-19125,
-43860,
21930,
-29680,
-16350,
-68903,
21420,
-103081,
-86507,
-58479,
-57580,
15870,
-2800,
-12370,
53040,
29002,
-26775,
-5865,
40800,
97620,
58345,
37442,
-2805,
11661,
19761,
30656,
-64180,
-12475,
-88485,
-73505,
24480,
-42976,
-62475,
-57630,
4335,
-11305,
-20565,
380,
-68085,
-107023,
-65016,
-77774,
