# 605 (shape [1, 8, 8, 8]),
28421,
-16320,
4443,
43050,
-18165,
-14025,
7350,
-29474,
6818,
-19116,
-14115,
-41061,
6879,
-36591,
-76985,
-4695,
-17169,
-61049,
11469,
-42816,
-57326,
-37524,
-36578,
-91358,
-73050,
-119479,
-20655,
-22185,
-59562,
-23460,
-62320,
-7140,
-59895,
-19125,
45900,
-29820,
-68340,
-86805,
-71760,
29520,
-13125,
-85680,
-35530,
7191,
23205,
-38250,
-31345,
-1020,
-618,
-74745,
-48456,
-32289,
-43590,
-10200,
5100,
-37485,
-6120,
-33183,
-21675,
25500,
-38760,
-66300,
-33405,
-63240,
-18350,
-45900,
-22070,
7915,
-63972,
-35190,
-25490,
-73828,
20794,
-7506,
-27481,
-35454,
6366,
-27156,
-18955,
-22660,
-9227,
-32467,
-14544,
-13424,
9968,
-25403,
15003,
-85653,
-11607,
-57620,
-21930,
-21420,
-57770,
-6885,
3630,
43605,
-39425,
-47430,
-19635,
-55437,
-44625,
-30011,
-7615,
-7362,
-17727,
-28815,
-36914,
-78060,
-17085,
5100,
7099,
21420,
46299,
-98019,
15036,
8700,
21884,
-19890,
-19890,
-4335,
9435,
-34714,
-32385,
-39270,
-38250,
-17085,
27795,
-18870,
-96571,
-121125,
-74702,
-70370,
-106191,
-77265,
-79295,
-81309,
-39249,
-39846,
-74700,
-65517,
-57612,
-129909,
-103435,
-89105,
-53635,
-63296,
-79287,
-48797,
-66392,
-24257,
-109490,
-68779,
-84690,
-55516,
-45390,
-34170,
-91787,
-70380,
-71179,
-108375,
-64115,
-88995,
-18360,
-6969,
-97665,
-64688,
-74825,
16209,
-22215,
-63750,
-31694,
-39333,
-34680,
-50490,
-75216,
-35955,
-57105,
-90738,
-48687,
-52743,
-80359,
-47685,
2295,
37485,
-15300,
-16159,
10200,
29325,
-43860,
-65025,
-17085,
-78285,
-39423,
-19635,
-25376,
-25140,
-6372,
-17850,
3165,
-44419,
-80561,
-101154,
-78702,
-56238,
-58788,
-11772,
-38100,
-71150,
-71005,
-55089,
-80973,
-106433,
-80139,
-89230,
-95215,
-67661,
-80436,
-123828,
-170085,
-103275,
-84281,
-110415,
-72962,
-35955,
-59885,
-75480,
-121635,
-182871,
-74205,
-44896,
-123425,
-114747,
-91401,
-104040,
-31936,
-55995,
-84150,
-111690,
-138717,
-120360,
-26634,
-36351,
-85053,
-36678,
-95038,
-82620,
-82875,
-84150,
-78795,
-121185,
-73695,
-110670,
-88995,
-43095,
-40290,
-74460,
-62149,
-54570,
-78186,
-70845,
-69012,
-51255,
-78240,
-42251,
-47927,
-12912,
-40751,
-55173,
-31203,
-26262,
-43480,
-24020,
-54981,
-33217,
-43188,
-17643,
-28642,
-25090,
-20897,
-50674,
-76125,
-46339,
-56865,
-59670,
-41211,
-96135,
-72349,
-23205,
-94050,
-69870,
-57375,
-18174,
-65025,
-44186,
-39320,
-14697,
-67710,
-38250,
-37505,
-60426,
-38505,
-20910,
-23231,
-52530,
-68703,
-107957,
-23298,
-27747,
-13894,
-67320,
-52785,
-1785,
-60435,
-52412,
-51255,
-65025,
-51000,
-47175,
-29580,
-45900,
23260,
46410,
84831,
-1910,
3897,
34680,
39910,
15730,
-2165,
-13944,
32218,
23913,
68793,
92829,
73145,
-23810,
-10833,
37565,
46863,
15933,
56477,
23381,
19938,
16892,
30312,
66100,
765,
28050,
59586,
-255,
27582,
35190,
8850,
51255,
-31875,
12378,
27030,
33531,
20560,
38832,
-20688,
10965,
81707,
81003,
57885,
75480,
-17119,
-22440,
61941,
69988,
-312,
59130,
1933,
1530,
-11730,
29070,
55845,
7235,
41310,
50490,
58140,
90270,
32895,
73440,
10837,
23715,
-4485,
-4540,
-14319,
30855,
-15760,
5821,
4744,
-37956,
-26485,
-36516,
-8211,
10953,
-38035,
-37570,
-41115,
-11986,
9639,
38604,
-11705,
17027,
8192,
-21475,
21831,
3442,
-29070,
25245,
-28965,
-31110,
-2464,
-35190,
-19995,
-1020,
-23715,
-37395,
-11985,
-65157,
-22780,
-24009,
-19989,
-24735,
6859,
19035,
-9945,
-20145,
7929,
9180,
47268,
-6394,
-69666,
-17166,
-95093,
-65280,
-29835,
-34170,
-7905,
-14014,
22185,
32895,
-42330,
2040,
24990,
-42330,
-48069,
-59925,
-41454,
13240,
-33165,
-31875,
-18380,
56363,
60036,
38517,
57411,
42816,
63216,
52380,
35395,
66435,
28901,
5050,
24456,
811,
24212,
56426,
15087,
102554,
19593,
37866,
33405,
66045,
74316,
36210,
-2050,
9945,
45970,
25755,
39015,
93876,
44880,
62045,
65670,
66795,
7353,
36720,
380,
11514,
-10200,
23460,
8736,
60945,
-9768,
21977,
78006,
32379,
34243,
80835,
36720,
94605,
6885,
44329,
65790,
69360,
71655,
52530,
41820,
50490,
