# 467 (shape [1, 8, 32, 32]),
-83089,
-79050,
-68595,
-65024,
-48195,
-67830,
-61455,
-61002,
-77265,
-72858,
-57146,
-74205,
-69870,
-55335,
-66810,
-61779,
-70633,
-68901,
-59812,
-50235,
-67389,
-71379,
-63188,
-51000,
-74205,
-43860,
-60435,
-50920,
-53805,
-64005,
-60143,
-52260,
-87720,
-91432,
-62799,
-65961,
-59303,
-59949,
-21930,
-45390,
-50693,
-64770,
-62934,
-65790,
-56752,
-62337,
-56344,
-43860,
-82365,
-47451,
-49275,
-43179,
-58164,
-52044,
-72597,
-65559,
-54462,
-49494,
-66324,
-64212,
-52809,
-48219,
-47709,
-19125,
-78489,
-68595,
-71910,
-62220,
-55080,
-59541,
-55437,
-77520,
-74970,
-69360,
-78215,
-72165,
-64073,
-64515,
-75735,
-30090,
-65654,
-68595,
-65559,
-64794,
-73209,
-63264,
-66810,
-69615,
-69870,
-57375,
-65535,
-55080,
-46155,
-60681,
-58419,
-15555,
-69033,
-71400,
-74970,
-70890,
-75555,
-58674,
-64794,
-72444,
-67599,
-69396,
-67320,
-65790,
-71910,
-64515,
-67575,
-62220,
-55665,
-54594,
-57144,
-48474,
-62244,
-56670,
-69615,
-65280,
-67905,
-73643,
-59670,
-64005,
-71145,
-62154,
-70914,
-20264,
-59412,
-69615,
-64515,
-67470,
-64515,
-70914,
-51024,
-63264,
-65559,
-68925,
-66810,
-71145,
-68850,
-66045,
-71910,
-65790,
-65814,
-65559,
-64515,
-54054,
-58259,
-59949,
-61455,
-57270,
-60180,
-64005,
-72165,
-71910,
-68925,
-65280,
-64515,
-33150,
-70380,
-65349,
-62475,
-63021,
-69615,
-65559,
-63264,
-46434,
-64896,
-72165,
-64515,
-74970,
-71910,
-63750,
-72675,
-76245,
-65559,
-70914,
-64515,
-65790,
-60180,
-56865,
-57375,
-62985,
-54188,
-54594,
-64883,
-69615,
-69870,
-71145,
-68850,
-52632,
-72794,
-72489,
-58187,
-64005,
-71910,
-57144,
-56424,
-40637,
-64794,
-64896,
-65559,
-67854,
-63264,
-59439,
-48729,
-64426,
-68850,
-72165,
-71400,
-68850,
-71145,
-62423,
-57375,
-68850,
-67830,
-40824,
-61455,
-61455,
-73797,
-71145,
-71838,
-51000,
-64260,
-70890,
-48474,
-45483,
-75249,
-69894,
-62499,
-65559,
-49341,
-41079,
-41912,
-45414,
-66834,
-62823,
-67089,
-64467,
-72165,
-69615,
-68850,
-63264,
-64515,
-65595,
-68595,
-76683,
-69615,
-47685,
-63750,
-67575,
-72675,
-68595,
-65454,
-44982,
-62339,
-62805,
-64794,
-69453,
-65559,
-56462,
-54594,
-69129,
-54375,
-47199,
-36947,
-62475,
-54315,
-61455,
-70149,
-65559,
-66360,
-71910,
-71910,
-65559,
-55080,
-63240,
-64179,
-70149,
-71910,
-82620,
-53049,
-64515,
-62896,
-62499,
-72841,
-45645,
-53805,
-50769,
-56889,
-61224,
-53829,
-70659,
-71721,
-65487,
-58604,
-54594,
-46179,
-77265,
-71145,
-74970,
-40824,
-58419,
-58776,
-50004,
-64320,
-63264,
-65559,
-56889,
-64146,
-63240,
-71841,
-71145,
-56355,
-60990,
-68340,
-61200,
-64515,
-45645,
-52904,
-59841,
-63495,
-53159,
-65304,
-65559,
-68364,
-56379,
-62244,
-59439,
-65559,
-59855,
-71910,
-64515,
-65559,
-45380,
-73209,
-59303,
-59604,
-65559,
-70914,
-73209,
-56889,
-47430,
-69105,
-66282,
-71910,
-65654,
-56610,
-69615,
-77265,
-43350,
-62985,
-48195,
-69615,
-68595,
-59184,
-64794,
-66324,
-54849,
-54084,
-67599,
-56889,
-45924,
-57399,
-56124,
-47709,
-47709,
-37764,
-55665,
-54594,
-56379,
-59311,
-47022,
-55404,
-66555,
-69615,
-61608,
-46155,
-62550,
-41055,
-77043,
-55080,
-47175,
-48450,
-39466,
-66045,
-76201,
-56889,
-60459,
-65535,
-55080,
-62730,
-65559,
-70149,
-56243,
-40824,
-54849,
-60833,
-65559,
-59231,
-57654,
-73209,
-55683,
-55008,
-46410,
-78795,
-63264,
-63651,
-71910,
-72675,
-69781,
-73209,
-60459,
-67017,
-50235,
-48450,
-52299,
-65559,
-56784,
-69615,
-69615,
-62423,
-56610,
-58215,
-54594,
-58332,
-40824,
-58929,
-63264,
-62244,
-57501,
-55359,
-37866,
-64344,
-68057,
-52275,
-64770,
-71145,
-65559,
-57540,
-71910,
-69615,
-65559,
-38529,
-47454,
-50754,
-17085,
-66555,
-65304,
-64794,
-62499,
-69105,
-71145,
-64074,
-71910,
-71910,
-66953,
-61989,
-58419,
-56124,
-50049,
-51612,
-62159,
-65559,
-65559,
-70149,
-62499,
-49422,
-49494,
-69615,
-62475,
-67575,
-72930,
-65559,
-64794,
-73686,
-53386,
-42496,
-23520,
-54639,
-66445,
-62244,
-62499,
-69651,
-64515,
-78795,
-68850,
-70914,
-55359,
-56670,
-73209,
-54203,
-65304,
-68619,
-59439,
-63264,
-63264,
-63264,
-65559,
-70149,
-54849,
-58973,
-79560,
-71910,
-71145,
-64029,
-74205,
-60759,
-61200,
-55797,
-49215,
-70244,
-61200,
-64515,
-72165,
-63264,
-49341,
-57144,
-56889,
-51741,
-67599,
-51534,
-48729,
-53829,
-47709,
-54084,
-47964,
-67854,
-56124,
-53829,
-64005,
-64515,
-49989,
-53040,
-54060,
-62475,
-65535,
-72990,
-62475,
-60435,
-45645,
-53829,
-36210,
-80835,
-65025,
-57120,
-69615,
-64515,
-66045,
-63570,
-67089,
-56889,
-48474,
-46044,
-48287,
-75504,
-65487,
-73974,
-65559,
-76269,
-73974,
-59303,
-64005,
-64515,
-63495,
-34704,
-40824,
-57978,
-59541,
-56889,
-49829,
-64830,
-64005,
-57841,
-35445,
-78285,
-44515,
-65280,
-68850,
-74205,
-71145,
-65559,
-41079,
-70914,
-63240,
-55659,
-48450,
-59439,
-69615,
-58140,
-65775,
-58140,
-68850,
-60180,
-58905,
-72675,
-71910,
-59303,
-70914,
-67089,
-56889,
-56889,
-40290,
-74118,
-64005,
-64539,
-33915,
-63240,
-73440,
-63240,
-64515,
-72675,
-69615,
-54084,
-63138,
-64467,
-36720,
-49710,
-55080,
-72444,
-63750,
-65993,
-62475,
-64329,
-71910,
-74970,
-64410,
-71910,
-68850,
-61479,
-44277,
-32409,
-37509,
-62244,
-58088,
-37077,
-45720,
-57008,
-31620,
-64260,
-76524,
-58929,
-64794,
-68619,
-47628,
-56889,
-56889,
-60357,
-57987,
-56865,
-48705,
-38529,
-57375,
-71910,
-48960,
-61152,
-55080,
-65790,
-56100,
-72675,
-72768,
-62822,
-55623,
-47199,
-33939,
-56124,
-62730,
-71145,
-71145,
-61479,
-33252,
-70890,
-65790,
-45018,
-46977,
-72444,
-64794,
-40280,
-52884,
-56184,
-56889,
-65916,
-47199,
-43238,
-38529,
-47199,
-73209,
-59303,
-61200,
-64443,
-73950,
-62730,
-70149,
-71145,
-49062,
-71032,
-57654,
-58861,
-63495,
-65790,
-71145,
-49494,
-26520,
-81345,
-80253,
-58164,
-65559,
-59071,
-63264,
-53829,
-54594,
-65559,
-64539,
-51534,
-67854,
-61479,
-40161,
-56379,
-62499,
-54135,
-37764,
-72189,
-63264,
-69699,
-65559,
-48960,
-67830,
-47685,
-62244,
-40500,
-54594,
-62499,
-64794,
-65235,
-24225,
-81345,
-68485,
-53805,
-63264,
-57072,
-71910,
-69870,
-64515,
-57144,
-53922,
-58164,
-67446,
-56205,
-41079,
-46758,
-73209,
-66324,
-65487,
-64515,
-67320,
-63382,
-69384,
-58598,
-61236,
-58905,
-58259,
-56124,
-68619,
-66069,
-65559,
-64794,
-37230,
-62658,
-76387,
-60435,
-62499,
-47709,
-60435,
-62475,
-71145,
-50973,
-64098,
-58164,
-64539,
-60945,
-56610,
-63780,
-45414,
-56889,
-70695,
-64515,
-64074,
-79118,
-63264,
-61455,
-71910,
-68850,
-61098,
-66300,
-62220,
-61779,
-61455,
-51891,
-34170,
-62799,
-73950,
-72675,
-63264,
-67404,
-52139,
-63240,
-71910,
-62220,
-65520,
-65118,
-54084,
-58259,
-64005,
-52785,
-50888,
-70890,
-63750,
-71400,
-68850,
-73440,
-65559,
-63055,
-63495,
-70890,
-63495,
-79866,
-62010,
-70125,
-74970,
-65559,
-46230,
-73695,
-53829,
-64284,
-56124,
-56889,
-56124,
-54594,
-61455,
-78795,
-71145,
-56379,
-52554,
-61200,
-62475,
-71655,
-45234,
-55845,
-64515,
-74970,
-60444,
-57144,
-73209,
-65559,
-65559,
-60510,
-57630,
-61087,
-64515,
-66810,
-67575,
-64515,
-26520,
-64074,
-53829,
-61989,
-44037,
-59303,
-57654,
-62499,
-74562,
-69615,
-72990,
-65559,
-61224,
-76269,
-65559,
-61224,
-51798,
-68637,
-66369,
-72675,
-55920,
-65559,
-64794,
-65117,
-56379,
-48729,
-46434,
-49494,
-63264,
-60741,
-60819,
-58686,
-47940,
-67014,
-45414,
-44394,
-58164,
-57063,
-60945,
-55080,
-54189,
-56889,
-68274,
-62499,
-65559,
-62601,
-69615,
-74970,
-69870,
-69870,
-58819,
-72675,
-49734,
-69870,
-73209,
-63264,
-65118,
-45678,
-57144,
-48729,
-73209,
-62220,
-65582,
-60945,
-56340,
-62394,
-51138,
-67089,
-60459,
-63264,
-67575,
-71145,
-65654,
-56124,
-50004,
-56124,
-56889,
-63264,
-71400,
-71145,
-53907,
-36720,
-45645,
-59160,
-62475,
-55080,
-46665,
-63774,
-54135,
-50106,
-47199,
-70914,
-65559,
-50769,
-55080,
-63240,
-53040,
-62985,
-71655,
-62730,
-62220,
-65559,
-69105,
-71910,
-53805,
-56889,
-62823,
-64658,
-57654,
-73209,
-64515,
-64515,
-58989,
-73659,
-60502,
-49470,
-63750,
-40590,
-48705,
-64353,
-59303,
-62244,
-47199,
-73209,
-64794,
-67854,
-62131,
-72444,
-40545,
-49045,
-14025,
-31620,
-23970,
-37740,
-40800,
-21675,
-31620,
-21675,
-31620,
-36720,
-34425,
-40800,
-40035,
-40035,
-40035,
-47430,
-30600,
-34425,
-40800,
-47430,
-40800,
-37140,
-13005,
-13005,
-29325,
-31620,
-47685,
-41889,
-39963,
-37140,
8925,
509,
3825,
-14535,
-10656,
-31365,
-18105,
-58905,
-17817,
-32895,
-14550,
-28785,
-14025,
-22950,
-56610,
-12750,
-21708,
-28402,
-3615,
-38440,
-32130,
-15843,
-31170,
-11886,
-60435,
-14025,
-37740,
-31620,
-43143,
-33915,
-5355,
-4148,
-25800,
-18360,
575,
-15588,
-31750,
-5429,
2421,
-59415,
-62220,
-64671,
-59670,
-32895,
-5100,
-29770,
-41558,
-11206,
-46155,
-30855,
-61445,
-22176,
-28917,
-37614,
-44244,
-16636,
-7269,
-45198,
-18234,
-7779,
-7794,
-43224,
-20019,
-41694,
-40545,
-21189,
-28305,
-30090,
-13515,
-33660,
1469,
-2346,
-8160,
-29325,
2295,
-7577,
-36210,
1870,
-5865,
-45135,
-28560,
-13970,
-36975,
-7269,
-37614,
-23334,
-14919,
-28560,
-23460,
-29580,
-27285,
-37740,
-34935,
-24480,
-24319,
-27414,
-37230,
-43473,
-23205,
-8670,
-8415,
-38841,
-27669,
-21039,
-37104,
-28434,
-27402,
-13260,
-5100,
-15810,
-5865,
1275,
-13515,
-47814,
-12369,
-21549,
-31749,
-28434,
-8661,
-23460,
-6375,
-39351,
-61101,
-33915,
-51000,
-29580,
-23899,
-30984,
-30290,
-37641,
-19380,
-5865,
-10974,
-5865,
-30984,
-40929,
-14919,
-7269,
-15126,
-12495,
-29580,
-37230,
-28560,
-30090,
-22440,
-43734,
-7269,
-36210,
-28271,
-4025,
2421,
-27285,
-21684,
-34680,
-49725,
-21930,
-15810,
-15126,
-6375,
-5865,
-48960,
-7905,
-7173,
-27030,
-17202,
-23460,
-7269,
-14919,
-39654,
-19203,
-21930,
-5865,
-8670,
-15810,
-36210,
-16320,
-32130,
-7269,
-30984,
-5865,
-22440,
-34680,
-35190,
-27285,
-19635,
-21796,
-12369,
-14329,
-23460,
-29580,
-29580,
-37230,
-42024,
-8615,
-543,
-2765,
-13770,
-15810,
-21549,
-13504,
-24779,
-37614,
-19203,
-7269,
-30474,
-14919,
-13899,
-32004,
-14599,
-37230,
-36210,
-35700,
-37230,
-29580,
-14181,
-27285,
-42840,
-50745,
-15684,
-27285,
-27285,
-23392,
-29580,
-14550,
-37740,
-12495,
-16830,
-18999,
-23367,
-44499,
-20784,
-28689,
-7269,
-19560,
-32514,
-31919,
-32514,
-45264,
-22857,
-29964,
1386,
-21930,
-23460,
-37230,
-14919,
-5865,
-22413,
-11475,
-6390,
-23460,
-47175,
-19635,
1275,
-16320,
-16065,
-19518,
-25959,
-48905,
-23379,
-21039,
-45297,
-7269,
-22938,
-17979,
-51129,
-21921,
-25884,
-54090,
-44880,
-48705,
-27285,
-44754,
-7269,
-8643,
-15810,
-15810,
-7269,
-33660,
-13260,
-41759,
-44754,
-15810,
-24735,
-13691,
-5865,
-8479,
-28689,
-16894,
-14025,
-54825,
-11604,
-4719,
-18234,
-26139,
-21294,
-48321,
-6009,
-21476,
-17979,
-32259,
-21675,
-29580,
-8670,
-15684,
-27414,
-12301,
-25119,
-24726,
-14919,
-7269,
-4719,
-13581,
-13260,
-23010,
-29580,
-33660,
-49330,
-765,
-6120,
-5865,
-14025,
-35390,
-34425,
1530,
-16775,
-21294,
-7269,
-14664,
-48069,
-34044,
-26394,
-7269,
-12422,
-15810,
-36210,
-7269,
-10070,
-23334,
-5429,
-31294,
-7269,
-30984,
-23334,
-4719,
-17595,
-43350,
-8651,
-15810,
-13970,
-3825,
-23460,
-39525,
-21675,
-26775,
2805,
-23460,
-36975,
-11349,
-21039,
-7779,
-41949,
-55719,
-28434,
-4719,
-15429,
-43479,
-18489,
-32769,
-32769,
-37104,
-47814,
-12369,
-35319,
-30966,
-59109,
-11253,
-12240,
-23460,
-37672,
-24480,
-27414,
-22695,
-47543,
-40545,
-36720,
-42075,
-33980,
-11730,
-29038,
-9564,
-20019,
-37740,
-34935,
-51000,
-7269,
-44754,
-26849,
-29964,
-41949,
-28124,
-7269,
-4169,
-5229,
-23334,
-44277,
-33675,
-55845,
-45645,
-14919,
-6801,
-30090,
-52275,
-38314,
-23334,
-20019,
-28704,
-37230,
-42075,
-15939,
-7269,
-20937,
-23460,
-23460,
-14181,
-41055,
-51591,
-12369,
-13337,
-15684,
636,
-14919,
-28434,
-27219,
-48834,
-35268,
-17187,
-38790,
-40035,
-37230,
-46155,
-7269,
-21985,
-15810,
-23460,
-7269,
-23334,
-33789,
-40719,
-61200,
-31620,
-18234,
-21039,
-28689,
-43350,
-29580,
-13803,
-15810,
-15810,
-21494,
7776,
-27414,
-18489,
-17584,
-36822,
-19118,
-7269,
-7269,
-44754,
-28689,
-16974,
-18234,
-23460,
-22695,
1275,
-22440,
-7269,
-37614,
-25594,
-34655,
-40099,
-48678,
5067,
490,
-7524,
-28689,
-33522,
-5865,
-45645,
-37230,
-30984,
-48834,
-8661,
-23334,
-18179,
-21294,
-129,
-13899,
-14919,
-14919,
-14919,
-7269,
-44754,
-41949,
-10880,
-31875,
-15810,
-29580,
-51384,
-22440,
-14058,
-27030,
3936,
-34680,
-10145,
16065,
-20145,
-21930,
-14919,
-19560,
-21549,
-4719,
-22389,
-13644,
-12879,
-48579,
-26139,
-32769,
-55719,
-62349,
-13899,
-18489,
-26139,
-13770,
-5865,
-35111,
-54315,
-9690,
-27030,
-19890,
-27276,
-44880,
-20145,
-46155,
-26139,
-25245,
-255,
-43350,
-2550,
-23460,
-5865,
-28560,
-13899,
-29964,
-4719,
-18999,
-46317,
-24269,
-29964,
-6009,
-23844,
-7269,
-16194,
-23844,
-5429,
-13770,
-5865,
-19380,
-22314,
-15684,
-35352,
1469,
-4719,
-19707,
-46383,
-51000,
9701,
-41310,
-29580,
-6395,
1275,
-37230,
-39015,
-29580,
-7269,
-32514,
-30984,
-13260,
-28848,
-16830,
-13899,
-23460,
-27795,
-51810,
-27795,
-37230,
-34680,
3825,
-16320,
-15810,
-5429,
-30984,
-29964,
-4719,
-4719,
-39015,
-10658,
-67575,
-20784,
-18615,
-43605,
-15300,
-13260,
-5865,
-16320,
-23460,
-55719,
-26559,
1386,
-35700,
-44925,
-40545,
-37104,
-19635,
-45036,
-44880,
-45168,
-15810,
-8670,
-18114,
-15810,
-37230,
-42204,
-20706,
-29964,
-15939,
-28434,
-28716,
-31671,
-47511,
-13079,
-26265,
-31365,
-15429,
636,
-37614,
-129,
-7806,
-4719,
-4719,
-30151,
-40477,
-14025,
-46920,
-23334,
-26010,
-15810,
-23715,
-31440,
-17085,
-14280,
-41820,
-16320,
-31272,
-7184,
-37790,
-25884,
-36084,
-18489,
-33150,
-29580,
-29580,
-42204,
-30549,
29835,
765,
-26542,
-33902,
-37104,
-21039,
-22820,
-28260,
-13362,
-4719,
-27363,
-25884,
-16394,
-23334,
-25884,
-23334,
-5429,
-27030,
-4605,
-10455,
-43860,
-44754,
-29580,
-54621,
-29260,
-20274,
2306,
-19380,
-21165,
-46155,
-18234,
-32130,
-1275,
-14550,
-13134,
-7269,
-7459,
-14919,
-26139,
-12369,
-7269,
-20784,
-19764,
-13899,
-42204,
-27618,
-48069,
-28689,
-25119,
-37104,
-39399,
-14919,
-2397,
-7269,
-41565,
-30090,
-61710,
-28434,
-16764,
-12369,
-28689,
-21039,
-8349,
-39780,
-1275,
-31895,
-40545,
-14919,
-20289,
-15810,
-29580,
-5865,
-21549,
-16535,
-13134,
-14851,
-17446,
-32514,
-33822,
-23334,
-7779,
-6009,
-36210,
-36975,
-13195,
-36594,
-35091,
-41427,
-49980,
-4025,
-35064,
-129,
-22569,
-7269,
-37614,
-41055,
-33273,
-7585,
-64260,
-28689,
-32769,
-40800,
-27030,
-29580,
-23844,
-28722,
-29709,
-20784,
-20910,
-3825,
-31095,
-53169,
-4719,
-25728,
-5865,
-13803,
-24140,
-14919,
-27285,
-15810,
-37230,
-14722,
-6120,
-13515,
-21453,
-27285,
-23028,
-48195,
-47973,
-10455,
-16320,
-14919,
-10047,
-10655,
-13260,
-15810,
-13515,
-20445,
-15207,
-55719,
-4025,
-13770,
-48195,
-32459,
-29325,
-19635,
-35700,
-37230,
-38505,
-7269,
-9515,
1530,
-8415,
-30090,
-45135,
-35815,
-22185,
-8670,
-7269,
-44196,
-53295,
-22059,
-9054,
-35064,
-4719,
-35064,
-12369,
-27285,
-45645,
-29580,
-35319,
-11094,
-27030,
-27030,
-18105,
-24945,
-3315,
-5865,
-8670,
-23636,
-21549,
-23334,
-7269,
-7269,
-49480,
-26265,
-20845,
-5865,
-28560,
1275,
-5865,
-32130,
-39048,
-38634,
-16704,
-29805,
-5429,
-5229,
-28689,
-26724,
-23460,
-18078,
-7269,
-20529,
-16194,
-7269,
-20529,
-22745,
-25752,
-36498,
-16320,
-42632,
-7269,
-37614,
466,
-35319,
-32004,
-39654,
-18234,
-14919,
-39780,
-32550,
-117,
-44880,
-25524,
-36339,
-40929,
-37614,
-46988,
-20910,
-33660,
-8835,
-4719,
-33844,
-28689,
-21549,
-26853,
-23460,
-8670,
-29580,
-29580,
-37889,
-16320,
-13946,
-29580,
-23334,
-14919,
-15207,
-29375,
-34299,
-48579,
-23334,
-13515,
-12710,
-20910,
-30900,
-28244,
-25677,
-29964,
-20019,
-14919,
1275,
-29580,
-13970,
-35064,
-25119,
-18489,
-18999,
-14919,
-35700,
-29580,
-47634,
-35700,
-46155,
-27540,
-44880,
-34935,
-61965,
-34554,
-25119,
-23283,
-25884,
-30984,
-7269,
-22824,
-33660,
-13260,
-23970,
-33915,
-18105,
-28815,
-13515,
-7269,
-21420,
-15810,
-20145,
-4719,
-22857,
-29144,
-5229,
-23334,
-5865,
-5865,
-26322,
-28347,
-29426,
-25245,
-29835,
-55705,
-48195,
-45552,
-5429,
-28434,
-25884,
-23334,
-37614,
-13899,
-22249,
-37104,
-26775,
-17408,
-20655,
-4080,
-765,
2550,
9690,
-8415,
-4080,
-8415,
-4080,
-10965,
19890,
9690,
10200,
10200,
10200,
255,
-17595,
19890,
9690,
255,
9690,
-15672,
-5865,
-5865,
-24480,
-4080,
-5865,
-20943,
11460,
-15672,
-6630,
-49856,
-48450,
-58650,
-29338,
-5865,
-56865,
-30345,
-4137,
-35445,
-70284,
-11654,
-36210,
-40545,
-5610,
-43860,
-61227,
-77134,
-60384,
-92046,
-52020,
-85707,
-68958,
-51574,
-33660,
-36210,
-30600,
-53805,
-35682,
-24990,
-64005,
-46164,
-81700,
-46920,
-58386,
-97437,
-83260,
-52484,
-76800,
-29325,
-28560,
-30409,
-42840,
-25942,
-99705,
-74451,
-62479,
-42967,
-49725,
-33150,
-35209,
-47478,
-61542,
-63795,
-47730,
-54326,
-61500,
-13143,
-45945,
-81900,
-95574,
-46965,
-78075,
-42375,
-82875,
-65253,
-79305,
-82875,
-54825,
-22950,
-73094,
-34816,
-54315,
-38760,
-39015,
-30265,
-84660,
-74154,
-62220,
-70890,
-69615,
-48104,
-33915,
-61500,
-34725,
-58185,
-54105,
-67065,
-49725,
-51510,
-51000,
-66300,
-43605,
-39270,
-55118,
-29625,
-46920,
-48060,
-61965,
-84915,
-61455,
-60564,
-50790,
-66855,
-63540,
-46710,
-51258,
-42075,
-99705,
-57120,
-62220,
-90015,
-54825,
-28571,
-41610,
-38040,
-30135,
-38295,
-50538,
-49725,
-82620,
-31749,
-51064,
-84150,
-51255,
-62475,
-59925,
-50790,
-57794,
-52422,
-58140,
-62220,
-81671,
-62220,
-50790,
-26565,
-54105,
-61500,
-60309,
-95370,
-62475,
-55080,
-42840,
-82875,
-41055,
-60735,
-61500,
-59670,
-42293,
-53204,
-76800,
-60180,
-54131,
-42585,
-30600,
-58905,
-57120,
-60309,
-82620,
-62220,
-43095,
-43860,
-54597,
-49980,
-46158,
-49725,
-61500,
-54105,
-43905,
-66141,
-58905,
-62220,
-84915,
-57120,
-35445,
-77520,
-50745,
-61500,
-50790,
-62220,
-41055,
-42585,
-53805,
-51000,
-48195,
-37002,
-41610,
-59276,
-49725,
-51510,
-62475,
-55080,
-111486,
-47339,
-83667,
-55148,
-65025,
-57120,
-38040,
-52655,
-34419,
-34725,
-66141,
-61500,
-62520,
-54105,
-45435,
-51300,
-76791,
-55080,
-84660,
-64260,
-55080,
-62475,
-81919,
-51000,
-28050,
-39270,
-33450,
-60180,
-60180,
-86564,
-62475,
-59064,
-99450,
-18105,
-39015,
-25545,
-23787,
-43395,
-54105,
-59460,
-61500,
-49906,
-22485,
-46659,
-62520,
-67365,
-57192,
-42120,
-67779,
-58905,
-49725,
-55080,
-54105,
-62220,
-87507,
-44370,
-35859,
-49725,
-19890,
-67575,
-90015,
-77520,
-54060,
-53156,
-114801,
-20309,
-64254,
-66855,
-25062,
-61500,
-32316,
-33195,
-27330,
-34728,
-38550,
-40399,
-38505,
-48960,
-60180,
-56145,
-61500,
-82152,
-57120,
-57120,
-61500,
-22950,
-44625,
-22323,
-56145,
-57120,
-81600,
-51118,
-62220,
-64041,
-59460,
-68121,
-110160,
-765,
-35235,
-49005,
-41610,
-46965,
-74505,
-34134,
-63444,
-34390,
-33195,
-9735,
-46155,
-62475,
-84915,
-33450,
-29625,
-78449,
-38295,
-47223,
-54105,
-61500,
-49005,
-70145,
-44625,
-57861,
-62475,
-33915,
-37820,
-69105,
-59160,
-62220,
-110160,
-23369,
-57192,
-66555,
-63149,
-66090,
-61500,
-41355,
-47985,
-29880,
-42630,
-61500,
-42505,
-57120,
-59670,
-61500,
-48285,
-58185,
-52484,
-31365,
-61500,
-50790,
-58185,
-49005,
-26265,
-56865,
-85363,
-57120,
-48104,
-70125,
-49725,
-46410,
-102765,
-18870,
-69105,
-49725,
-33915,
-82155,
-66855,
-81900,
-35235,
-40590,
-46710,
-49005,
-20700,
-24270,
-54360,
-30900,
-30900,
-31410,
-28571,
-41610,
-43395,
-61309,
-24531,
-52812,
-74205,
-49725,
-33371,
-39270,
-39281,
-36210,
-54561,
-46920,
-90780,
-10710,
-62970,
-40035,
-52803,
-31410,
-71445,
-66300,
-43605,
-40290,
-61500,
-56145,
-50444,
-59205,
-35235,
-33104,
-61500,
-54428,
-69405,
-58185,
-45972,
-45549,
-22950,
-59160,
-54105,
-59952,
-82875,
-43095,
-66081,
-58185,
-71445,
-44064,
-79050,
-10710,
-42630,
-61500,
-36060,
-49725,
-49725,
-81919,
-56355,
-24099,
-41610,
-74416,
-33450,
-45690,
-54105,
-38295,
-52257,
-27585,
-30696,
-53637,
-50089,
-60945,
-45900,
-30345,
-61500,
-85635,
-57120,
-49725,
-61500,
-26055,
-30390,
-28960,
-48195,
-19890,
-61755,
-66855,
-59460,
-56865,
-62475,
-65307,
-57120,
-57120,
-49169,
-73485,
-29625,
-54360,
-73310,
-46016,
-70680,
-61500,
-61500,
-56145,
-59460,
-47889,
-45945,
-49725,
-37995,
-90015,
-79305,
-61500,
-34725,
-86993,
-49743,
-37011,
-82917,
-49752,
-54351,
-58440,
-59460,
-53043,
-62220,
-59160,
-55080,
-50790,
-27585,
-50538,
-58185,
-62429,
-66090,
-89295,
-45435,
-54105,
-54105,
-54105,
-61500,
-56145,
-35235,
-84099,
-53805,
-57120,
-62475,
-40080,
-90270,
-62247,
-39015,
-55284,
-78030,
-38159,
-58905,
-87975,
-58905,
-54105,
-49906,
-38040,
-49005,
-61827,
-73485,
-42630,
-19170,
-46965,
-30900,
-40590,
-24525,
-94650,
-54360,
-46965,
-65025,
-62220,
-49078,
-41310,
-59415,
-49980,
-77775,
-59718,
-38505,
-78795,
-36465,
-46965,
-103020,
-50745,
-54315,
-87210,
-49725,
-62220,
-42840,
-55091,
-42120,
-49005,
-25545,
-26813,
-63234,
-91335,
-63444,
-78585,
-61500,
-85980,
-78585,
-52484,
-65025,
-62220,
-46410,
-17385,
-33450,
-32712,
-73094,
-49005,
-39361,
-75522,
-51255,
-68753,
-50490,
-39780,
-76281,
-76755,
-55080,
-58140,
-62475,
-61500,
-22485,
-50790,
-44625,
-27057,
-46665,
-45435,
-49725,
-71400,
-37075,
-71400,
-55080,
-42585,
-77520,
-77520,
-57120,
-52484,
-50790,
-42120,
-49005,
-49005,
-15045,
-77176,
-19125,
-45690,
-69870,
-7905,
-48195,
-44625,
-62220,
-77520,
-49725,
-40590,
-61519,
-67779,
-32130,
-32995,
-46920,
-63540,
-67575,
-54379,
-38505,
-48987,
-57120,
-84915,
-53876,
-57120,
-55080,
-43650,
-40275,
-9990,
-30390,
-38295,
-36529,
-55471,
-33534,
-45089,
-62475,
-28050,
-35745,
-45690,
-34725,
-89295,
-46212,
-49005,
-49005,
-57386,
-72794,
-42585,
-9690,
-26055,
-30345,
-57120,
-39015,
-45717,
-55080,
-64260,
-52020,
-77520,
-61272,
-66039,
-31018,
-38550,
-22740,
-54360,
-51765,
-62475,
-62475,
-43650,
-74511,
-32640,
-51510,
-35852,
-46701,
-63540,
-66855,
-58230,
-23634,
-58227,
-49005,
-47016,
-38550,
-36929,
-26055,
-38550,
-58185,
-52484,
-39015,
-64164,
-53805,
-39015,
-56145,
-62475,
-36601,
-74196,
-55125,
-64418,
-46410,
-71400,
-30345,
-45945,
-66810,
-7905,
-35859,
-51045,
-61500,
-55371,
-54105,
-46965,
-41610,
-61500,
-45690,
-48240,
-94650,
-43650,
-38091,
-47985,
-59460,
-47951,
-31410,
-52830,
-54105,
-88827,
-61500,
-27540,
-73695,
-14535,
-38295,
-32406,
-41610,
-59460,
-66855,
-60456,
-59415,
-7905,
-22221,
-35955,
-54105,
-39984,
-57120,
-51510,
-62220,
-38040,
-36543,
-51045,
-90944,
-54188,
-22485,
-41637,
-58185,
-81900,
-63444,
-59670,
-44880,
-77511,
-75270,
-59479,
-44373,
-31620,
-53204,
-22230,
-89295,
-46455,
-61500,
-34725,
-91290,
-42960,
-57366,
-36210,
-59460,
-30900,
-44370,
-49980,
-62475,
-61942,
-48777,
-18915,
-45690,
-37230,
-70125,
-45260,
-28095,
-49005,
-49257,
-62220,
-65307,
-65739,
-54105,
-60180,
-57120,
-55080,
-42551,
-72420,
-54825,
-57912,
-60180,
-78381,
-63495,
-52047,
-53805,
-77520,
-54105,
-81432,
-37139,
-44625,
-57120,
-54825,
-53395,
-64587,
-40590,
-53204,
-65025,
-39525,
-33614,
-41310,
-67575,
-64260,
-55080,
-37740,
-61500,
-65067,
-66555,
-61455,
-33660,
-80546,
-53630,
-66810,
-84915,
-61500,
-85809,
-35700,
-55380,
-93630,
-22230,
-49005,
-22230,
-41610,
-60180,
-59160,
-62475,
-43395,
-73740,
-39015,
-49980,
-46410,
-31539,
-49725,
-62220,
-84915,
-46018,
-38040,
-58185,
-61500,
-61500,
-46812,
-51510,
-70116,
-62220,
-67065,
-90015,
-62220,
-66810,
-29352,
-23250,
-86235,
-69745,
-52484,
-69405,
-59460,
-91341,
-49725,
-56652,
-61500,
-91845,
-85980,
-61500,
-91845,
-43003,
-49644,
-70152,
-77520,
-30427,
-61500,
-34725,
-73434,
-43395,
-51300,
-43905,
-45945,
-54105,
-45356,
-44644,
-79053,
-71655,
-23178,
-31920,
-55635,
-63795,
-32058,
-37230,
-22950,
-44389,
-49005,
-43860,
-59460,
-87255,
-58746,
-49725,
-84915,
-51510,
-51510,
-66636,
-77520,
-48058,
-51510,
-58185,
-54105,
-64587,
-26938,
-42630,
-19170,
-58185,
-54825,
-50048,
-37230,
-103630,
-22068,
-47121,
-42120,
-71445,
-54105,
-90015,
-62475,
-48104,
-22230,
-38295,
-54360,
-74760,
-54105,
-64260,
-62475,
-43911,
-32130,
-36465,
-61200,
-38505,
-43605,
-24735,
-51045,
-47951,
-37581,
-38550,
-50790,
-61500,
-55125,
-22950,
-44625,
-105060,
-47175,
-46410,
-39780,
-54825,
-61500,
-70635,
-57120,
-25500,
-49005,
-57192,
-41774,
-69405,
-58185,
-62220,
-62220,
-48141,
-59258,
-40008,
-58905,
-50235,
-26600,
-30345,
-37812,
-52484,
-38295,
-38550,
-58185,
-34725,
-94650,
-69396,
-63540,
-120105,
-20587,
-27540,
-8160,
-16065,
-24225,
-52020,
-8670,
-8160,
-8670,
-8160,
-8415,
-46920,
-52020,
-31620,
-31620,
-31620,
-26520,
7650,
-46920,
-52020,
-26520,
-52020,
-5768,
3825,
3825,
-5355,
-8160,
-28305,
-35727,
-33564,
-5768,
-23715,
45531,
36720,
36465,
25448,
34935,
52020,
77520,
56490,
41565,
30978,
61285,
48195,
40545,
28050,
23205,
66807,
29141,
43530,
55057,
67320,
43347,
36768,
36233,
81600,
48195,
41310,
66810,
60738,
39270,
22695,
22130,
33565,
41310,
32617,
39777,
39930,
28077,
15189,
46410,
70635,
71168,
74715,
65348,
66045,
49447,
60845,
16059,
40545,
43350,
23125,
46497,
17898,
55479,
52164,
59899,
39669,
17772,
38394,
26409,
22452,
22839,
22329,
20289,
30345,
19581,
75990,
55590,
34680,
7395,
16311,
42092,
41565,
32130,
53805,
56358,
46665,
32453,
39525,
49215,
79305,
28953,
11730,
39669,
23604,
31764,
34824,
42840,
35700,
26775,
47685,
35445,
42840,
33405,
50971,
12384,
28815,
49548,
68850,
32130,
47175,
64293,
64659,
67974,
60069,
68484,
43803,
40035,
66045,
40545,
39525,
31110,
34680,
36490,
18759,
31509,
14424,
10854,
31707,
35700,
26265,
27828,
66833,
67575,
77010,
68850,
66544,
26919,
38133,
33225,
37230,
39525,
24002,
39525,
26919,
27174,
34824,
39669,
34968,
59415,
68850,
64005,
28305,
55590,
37230,
29214,
39669,
37995,
30360,
27933,
15189,
62985,
49502,
47940,
41565,
31620,
40545,
34968,
26265,
39525,
18870,
-10455,
45642,
52785,
32583,
35700,
39669,
34824,
61854,
64200,
31620,
39525,
32130,
40545,
23460,
27285,
34425,
39669,
26919,
39525,
37230,
47940,
19380,
47685,
48705,
28043,
18759,
38237,
35700,
26775,
68850,
64005,
59211,
-5982,
52017,
26781,
11220,
40545,
31509,
38944,
23162,
23604,
64200,
39669,
15189,
34824,
36354,
66699,
62086,
64005,
46665,
59925,
64005,
68850,
36998,
47685,
91290,
40035,
22329,
62985,
62985,
61557,
68850,
39393,
29835,
7140,
25500,
15444,
44001,
60579,
73329,
63129,
39669,
23111,
30234,
39482,
38139,
26664,
51141,
28449,
45147,
31620,
35700,
64005,
34824,
39525,
53454,
82110,
53673,
35700,
22185,
67830,
31110,
27285,
42330,
32561,
67116,
51903,
63309,
67974,
45276,
39669,
32872,
43749,
57264,
51852,
33549,
41732,
43860,
71145,
62985,
55224,
39669,
25149,
40545,
40545,
39669,
7395,
24480,
9338,
55224,
40545,
24225,
38615,
39525,
28936,
63129,
25876,
42585,
44115,
28194,
23604,
57264,
47064,
60069,
58668,
38517,
33042,
43749,
35589,
36975,
68850,
32130,
22329,
12384,
44616,
48594,
23802,
34824,
39669,
23604,
6692,
24480,
30936,
68850,
49470,
44155,
20400,
41310,
39525,
42585,
13653,
34908,
46155,
30228,
2439,
39669,
40179,
58794,
35844,
44004,
39669,
37743,
40545,
37995,
39669,
16364,
31764,
28077,
9424,
39669,
26919,
31764,
23604,
15300,
55080,
49770,
40545,
28953,
10200,
35700,
27795,
37740,
23970,
42075,
35700,
11730,
43494,
67974,
26409,
25644,
53949,
68484,
23604,
27684,
40179,
51909,
43749,
43749,
45789,
36490,
18759,
59814,
62052,
46716,
39777,
7140,
35700,
23290,
33405,
11500,
54825,
59996,
67575,
31365,
9945,
25041,
28815,
29554,
22839,
41964,
35445,
42840,
34935,
39669,
55224,
51537,
37374,
25644,
16857,
39669,
26925,
10344,
31764,
59301,
41688,
42585,
60945,
34824,
39057,
55590,
57630,
49336,
31764,
41964,
27297,
43095,
9945,
15444,
39669,
29601,
35700,
35700,
36998,
75990,
23238,
18759,
45837,
22329,
27939,
34824,
10854,
53868,
35844,
42015,
33708,
37652,
49980,
48705,
24480,
39669,
27130,
40545,
35700,
39669,
17484,
26919,
23509,
53040,
59925,
67719,
67974,
63129,
55080,
68850,
55842,
40545,
40545,
20172,
19524,
12384,
51909,
42769,
61455,
52283,
39669,
39669,
55224,
63129,
37242,
38394,
35700,
39015,
31110,
18360,
39669,
23604,
39496,
62270,
50866,
48354,
22182,
38631,
41454,
63129,
34878,
39525,
60945,
64005,
26919,
35844,
31707,
31764,
30372,
2439,
31254,
36354,
34824,
34824,
34824,
39669,
55224,
25644,
34748,
32640,
40545,
68850,
51909,
60435,
57627,
10710,
29082,
37485,
-1902,
33915,
54570,
31620,
34824,
23111,
31509,
23604,
37386,
7284,
42729,
22329,
47064,
43749,
53949,
50634,
59559,
51909,
47064,
11220,
39525,
62075,
53805,
58395,
52785,
44370,
39867,
43860,
39270,
55080,
47064,
54825,
48195,
56100,
49980,
35700,
39525,
28305,
35470,
28449,
23604,
15444,
26542,
59627,
51654,
38517,
18504,
39669,
23349,
18504,
28077,
11220,
39525,
15555,
19014,
22329,
28701,
16311,
23604,
28880,
69264,
77010,
27635,
23715,
53550,
43731,
22695,
64005,
16065,
68850,
39669,
30234,
26919,
24480,
34677,
38250,
36354,
35700,
34425,
40450,
34425,
64005,
47940,
15045,
27285,
40545,
28077,
26919,
28449,
23604,
23604,
23460,
34473,
32640,
15699,
34935,
31875,
21420,
24480,
39525,
27285,
35700,
53949,
64478,
45147,
45645,
48100,
67575,
60069,
67830,
74738,
43860,
65022,
40545,
32130,
32417,
40545,
64005,
39159,
37236,
14169,
24114,
10854,
30368,
26027,
41853,
23232,
30090,
5610,
24369,
27939,
23604,
31254,
15813,
23604,
23604,
62959,
51357,
50235,
11985,
17484,
12240,
40545,
48450,
49992,
51765,
72165,
76500,
27285,
48081,
27752,
27539,
33549,
47319,
51909,
43860,
68850,
68850,
39159,
59466,
-12750,
29325,
34351,
65750,
60069,
67974,
18659,
10887,
57423,
23604,
44565,
33549,
26802,
17484,
33549,
31764,
28077,
10710,
38373,
44880,
60690,
55224,
68850,
40052,
54037,
71289,
21005,
15555,
49470,
24480,
38394,
49725,
6375,
9558,
56244,
39669,
30466,
34824,
47064,
18759,
39669,
15699,
25389,
59559,
39159,
46860,
58794,
63129,
47710,
45789,
59559,
34824,
30138,
39669,
39525,
40290,
23460,
10854,
21645,
18759,
63129,
67974,
38985,
44880,
6375,
16191,
25500,
34824,
30357,
40545,
26775,
39525,
31509,
16694,
56244,
60681,
47047,
30234,
49866,
31764,
26409,
38517,
37995,
60945,
61942,
48339,
73718,
58593,
36465,
27933,
7539,
31254,
35079,
39669,
23604,
33405,
38328,
60412,
54825,
63129,
43749,
39015,
52785,
68850,
52487,
32016,
11874,
15699,
19635,
10200,
46105,
37884,
23604,
34584,
39525,
55842,
25568,
34824,
62985,
40545,
64005,
24310,
16065,
34680,
50997,
62985,
54510,
41820,
24732,
44880,
27285,
34824,
25293,
24618,
24480,
40545,
34680,
31270,
55986,
53949,
27933,
11220,
62730,
18897,
16575,
67830,
59925,
64005,
29325,
39669,
40182,
46155,
47175,
32385,
48331,
68125,
75480,
32130,
39669,
74748,
36465,
48594,
23604,
7539,
23604,
7539,
18759,
62985,
60945,
68850,
59814,
29979,
10710,
52785,
40035,
17772,
23460,
39525,
32130,
39635,
31509,
31764,
39669,
39669,
26341,
64515,
57097,
39525,
42840,
31110,
39525,
49725,
27537,
4224,
18759,
25841,
28077,
10344,
63129,
47736,
35700,
39429,
39669,
28704,
23349,
39669,
28704,
33914,
29709,
59157,
27285,
24098,
39669,
23604,
32597,
59814,
66699,
61854,
38394,
34824,
39661,
49289,
23148,
38250,
17541,
40434,
59049,
55479,
36767,
19635,
7395,
19964,
23604,
25489,
63129,
54714,
59355,
35700,
32130,
26775,
26775,
64785,
27285,
40400,
26775,
31764,
34824,
55986,
30599,
30489,
22329,
31764,
34680,
27801,
19635,
40195,
13673,
32085,
28449,
41964,
34824,
31110,
68850,
28953,
7539,
48594,
51909,
38649,
34824,
59925,
68850,
67881,
45645,
55080,
24225,
43860,
42840,
33660,
44004,
47710,
44820,
33549,
26919,
39669,
20034,
7395,
24480,
43605,
17340,
40035,
30090,
34680,
39669,
19890,
40545,
22950,
23604,
51141,
15327,
10344,
31764,
39525,
39525,
47115,
54599,
34841,
18360,
55335,
55630,
47430,
39921,
28077,
10854,
33549,
31764,
23604,
59559,
57241,
60069,
44880,
-4913,
28305,
39270,
46155,
42585,
34170,
41310,
39270,
41310,
39270,
18615,
22950,
34170,
47430,
47430,
47430,
48450,
15300,
22950,
34170,
48450,
34170,
33566,
25245,
25245,
33405,
39270,
39525,
39267,
46278,
33566,
28305,
18433,
9690,
2550,
6206,
-3825,
4080,
-9945,
41382,
-510,
1707,
44941,
8415,
5355,
-6120,
-38250,
-28098,
-24140,
-11199,
-12327,
-7905,
-25038,
-16377,
8735,
-3825,
8415,
-3060,
8925,
9744,
12240,
-765,
5751,
-15510,
19890,
22098,
-13563,
-18459,
-4456,
-7968,
510,
7905,
-33340,
-37740,
-26775,
-2550,
-15387,
-14403,
-54198,
-33915,
-75225,
-31623,
300,
-16002,
-18423,
-26838,
1620,
-5928,
-19398,
957,
-17148,
-12636,
-12048,
-6183,
4017,
-10455,
7032,
18870,
-24480,
-12240,
-28560,
-7424,
14484,
-1275,
-52530,
15810,
1258,
-28560,
-2448,
-5100,
-35700,
7650,
-9493,
-26010,
-5928,
-31428,
-15873,
-13068,
-6630,
-18105,
-22185,
3825,
-13260,
-3315,
-5355,
-13473,
-22248,
0,
11154,
7395,
-15045,
-2040,
-18993,
-16638,
-8223,
-18168,
-45708,
-18762,
-42585,
-2550,
-10965,
-5100,
-9180,
-12240,
-30731,
-11028,
-21483,
-6948,
-20973,
-4545,
-18105,
-16320,
-32253,
-16765,
-2550,
-4335,
-13260,
-11853,
-23013,
6572,
7536,
-765,
-5100,
-19167,
-5100,
-23013,
-17403,
-13068,
-5928,
-10833,
-11475,
-13260,
-20400,
-23460,
-24480,
-19380,
-18678,
-5928,
-13770,
-11616,
-3628,
-7968,
-14535,
-8202,
-18360,
-29580,
-15045,
-10965,
-10833,
-16320,
-5100,
-25245,
16575,
17547,
-11220,
-9582,
-18105,
-5928,
-13068,
-8478,
-7917,
-15045,
-5100,
-15045,
-10965,
-30600,
-22185,
-19125,
-5928,
-23013,
-5100,
-19380,
-18360,
-11220,
3825,
13515,
-4579,
-11028,
604,
-18105,
-22185,
-13260,
-20400,
-17799,
16007,
20352,
-3196,
-20145,
-10965,
-21483,
-2013,
-11946,
-31428,
-7917,
-5928,
-35508,
-13068,
-14343,
-1338,
-6015,
-20400,
-28560,
-17340,
-20400,
-13260,
-2740,
3825,
16575,
-28305,
2997,
-14535,
-14535,
-16796,
-13260,
-10533,
-22950,
22185,
5865,
-19443,
-28671,
-55653,
-38568,
-15363,
-5928,
-14394,
-14598,
12534,
5802,
-18168,
-14391,
-24288,
3429,
-15045,
-18105,
-20400,
-13068,
-5100,
-20019,
13515,
10377,
-18105,
-23715,
-7395,
-9180,
-22185,
-9180,
-15915,
-7854,
18812,
21378,
-8223,
-63096,
-5928,
-29252,
-29388,
-64068,
-30045,
-6183,
4592,
-9180,
-5610,
-14535,
-25308,
-5928,
-17724,
-10965,
-10965,
-5928,
-28560,
-8925,
-32082,
-25308,
-10965,
-24990,
-186,
-5100,
-10860,
-15363,
-13665,
-5865,
10965,
24927,
-3888,
-36528,
-13323,
-49788,
-60504,
-5496,
-30170,
-29388,
-44943,
-45390,
-13260,
-15045,
2997,
-22248,
-9719,
-14598,
-14490,
-13068,
-5928,
-3888,
-19260,
-8925,
-16053,
-13260,
-19635,
-17250,
255,
-3315,
-5100,
-5865,
26462,
7875,
3825,
707,
-25053,
-5928,
-43413,
-11283,
-39333,
-40353,
-5928,
-22202,
-10965,
-13770,
-5928,
-5782,
-15873,
-4456,
-24603,
-5928,
-23013,
-15873,
-3888,
-18615,
-24480,
-9367,
-10965,
-9493,
-14280,
-18105,
-28050,
-13005,
28815,
27030,
-18105,
-26010,
-10263,
-8223,
-17148,
-16128,
-18423,
-45708,
-3888,
-27348,
-18423,
-6183,
-21738,
-21738,
-6438,
-30731,
-11028,
-23778,
-6138,
-25704,
-4383,
-17085,
-18105,
-29682,
-5355,
-20021,
14790,
-25614,
-6375,
-24225,
9945,
2639,
-10710,
-21555,
-15873,
-1593,
-13260,
-3315,
-13260,
-5928,
-25308,
-13891,
-10518,
-16128,
-22816,
-5928,
-4024,
-15108,
-15873,
-5466,
-2883,
-2295,
-23205,
-13068,
-6288,
-24480,
-31620,
-23100,
-15873,
-1593,
-23856,
-11730,
9945,
-828,
-5928,
-21699,
-18105,
-18105,
-2740,
1530,
-12873,
-11028,
-9127,
2997,
9372,
-13068,
-20973,
-14187,
-31683,
-6132,
-14472,
-9433,
8160,
-2040,
-36465,
-5928,
-15615,
-10965,
-18105,
-5928,
-4143,
-2103,
-6393,
6885,
29580,
23142,
-8223,
-15363,
-24480,
-13260,
-6423,
-10965,
-10965,
-14401,
5292,
-22248,
-6183,
-6348,
-13857,
-12405,
-5928,
-5928,
-25308,
-15363,
1389,
957,
-18105,
-17595,
-9180,
-26265,
-5928,
-31428,
-20358,
-311,
-3465,
8541,
30297,
25058,
-4143,
-15363,
-22842,
-5100,
-23205,
-20400,
-23013,
-31683,
-4545,
-15873,
-121,
-25053,
-10008,
-14343,
-13068,
-13068,
-13068,
-5928,
-25308,
-16128,
1887,
-20910,
-10965,
-13260,
-33723,
-17340,
-4638,
-20145,
5469,
-31110,
12947,
17595,
-18615,
-15045,
-13068,
-14394,
-21483,
-3888,
-22794,
-17913,
14217,
-24543,
-13323,
-21738,
-18423,
-26838,
-12303,
-6183,
-13323,
-20145,
-5100,
-9621,
-17595,
3570,
-11220,
-15300,
-16530,
-9180,
-255,
-3570,
-13323,
-6120,
29070,
7905,
-510,
-18105,
-5100,
-23460,
-12116,
-24288,
-3888,
-19443,
-14459,
1314,
-22248,
-5496,
-27093,
-5928,
-19953,
-27093,
-4456,
-20145,
-5100,
-13005,
-5418,
2997,
-23571,
-7424,
-3888,
2192,
-8034,
-4335,
7121,
-18105,
19635,
30158,
-4080,
-20400,
-40545,
-13260,
-5928,
-14598,
-23013,
-8925,
-7698,
1785,
-14343,
-18105,
-7395,
-13470,
-7395,
-20400,
-18360,
-7140,
-22185,
-10965,
-4456,
-23013,
-24288,
-3888,
-3888,
-9690,
-13909,
-27540,
-13833,
255,
11220,
8925,
-8925,
-5100,
-22185,
-18105,
-18423,
-13375,
3429,
-5610,
-8625,
-6375,
-18168,
-7395,
-6820,
-9180,
-3363,
-10965,
-15045,
-15087,
-10965,
-20400,
-23268,
1476,
-12558,
4782,
-20973,
-2485,
-8211,
4977,
-11596,
-6885,
13005,
4017,
9372,
-31428,
-10008,
-4770,
-3888,
-3888,
-14445,
-13991,
18105,
-20400,
-4143,
-21420,
-10965,
-13770,
-15336,
-5355,
5865,
-20400,
-22185,
-17196,
-10416,
-19374,
-6183,
-7713,
-6183,
-15300,
-13260,
-13260,
-23268,
-1734,
36465,
18870,
-8436,
-3747,
-18168,
-8223,
-1447,
-25176,
1338,
-3888,
-2562,
-6183,
2429,
-4143,
-6183,
-15873,
-4456,
-20145,
-4668,
2295,
-28815,
-25308,
-13260,
-34221,
-15132,
-7713,
-1804,
-13005,
2295,
-36465,
957,
5100,
34170,
27207,
7077,
-5928,
-12135,
-13068,
-13323,
-11028,
-5928,
-13833,
6567,
-12303,
-23268,
1008,
-11283,
-15363,
-12371,
-6438,
-12048,
-13068,
-11412,
-5928,
-11730,
-6120,
-3060,
-20973,
1989,
-11028,
-15363,
-8223,
-6936,
-2040,
34170,
23783,
-15300,
-13068,
-21051,
-10965,
-22185,
-5100,
-21483,
-14841,
7077,
-11759,
-2670,
-14598,
-7506,
-15873,
-17148,
-5496,
-13770,
-12495,
-5187,
-30663,
-955,
-912,
-14535,
-3628,
-29388,
-10008,
-15363,
-5928,
-31428,
-8925,
20334,
15978,
-23460,
-15363,
-21738,
-22440,
-11220,
-13260,
-9243,
-15156,
-16128,
-13833,
-16065,
-14280,
-5120,
-16383,
-3888,
-19509,
-5100,
-6423,
-18258,
-13068,
-14535,
-10965,
-20400,
-8007,
-13005,
-12240,
-13563,
-14535,
-5112,
-4845,
972,
2295,
-22185,
-13068,
-18552,
-12043,
-8925,
-10965,
-12240,
-16530,
-7251,
-18423,
-3628,
-20145,
-13515,
-7516,
-18870,
-7395,
-17340,
-20400,
-29325,
-5928,
-3859,
3825,
-2040,
-26520,
-33473,
-9345,
-4335,
-15045,
-5928,
-9813,
-2040,
4017,
-13068,
-29388,
-3888,
-29388,
-11028,
-14535,
-23205,
-13260,
-23778,
-3123,
-20145,
-11220,
-4845,
-2736,
-3060,
-5100,
-15045,
-6051,
-21483,
-15873,
-5928,
-5928,
-25971,
-15810,
-12327,
-5100,
-6630,
-9180,
-5100,
5100,
1737,
-19188,
-20208,
-4683,
-4456,
-15108,
-15363,
-21114,
-18105,
-12369,
-5928,
-12813,
-19953,
-5928,
-12813,
-8154,
-19896,
-7953,
-22185,
-22950,
-5928,
-31428,
-3276,
-23778,
-1338,
-8478,
957,
-13068,
-21488,
-16372,
-7797,
-18870,
3207,
-11538,
-4398,
-18423,
-29340,
-16065,
-28560,
-8212,
-3888,
-26643,
-15363,
-19443,
-15057,
-18105,
-15045,
-22185,
-22185,
-12235,
-22185,
1599,
-22185,
-15873,
-13068,
-7251,
-16569,
-8988,
-24543,
-15873,
-12240,
-9061,
-16065,
-16020,
4128,
-1539,
-24288,
-1593,
-13068,
-9180,
-13260,
-9493,
-29388,
-14598,
-6183,
-17403,
-13068,
-17340,
-13260,
-27234,
-5610,
-3570,
-4080,
-9180,
-3315,
-6375,
-16128,
-12371,
-14292,
-6183,
-23013,
-5928,
-14853,
-28560,
-8925,
-11730,
6375,
-4845,
-21675,
-12240,
-5928,
-27540,
-10965,
-15555,
-3888,
-14391,
-21541,
-15108,
-15873,
-5100,
-5100,
-17097,
-15135,
-3053,
-5355,
6885,
-5265,
4845,
-32751,
-4456,
-20973,
-6183,
-15873,
-31428,
-12303,
-13155,
-18168,
-1530,
-61642,
-29580,
-49470,
-27030,
-41055,
-45135,
-34170,
-49470,
-34170,
-49470,
-48960,
-35955,
-45135,
-33915,
-33915,
-33915,
-39780,
-57375,
-35955,
-45135,
-39780,
-45135,
-56646,
-32130,
-32130,
-44115,
-49470,
-43860,
-64818,
-33483,
-56646,
-47685,
-132,
-5610,
4590,
-1409,
7905,
-12495,
18105,
13875,
8160,
-4155,
-3856,
-7140,
4845,
29070,
2805,
43662,
4491,
-2271,
-7495,
11220,
5412,
-561,
-12908,
510,
-7140,
3315,
-7905,
16078,
9180,
-3315,
7906,
20255,
-7395,
920,
2862,
17664,
-2011,
-11262,
23205,
23205,
20497,
17085,
12036,
-2040,
24125,
18292,
24465,
71400,
37995,
32664,
3676,
13815,
23673,
30303,
1556,
-1827,
31098,
2508,
-1572,
1158,
27753,
5313,
10923,
10710,
-22131,
-9690,
5355,
7140,
26775,
-10038,
-3485,
2295,
17085,
-1275,
1091,
15300,
-1190,
-2295,
15810,
21930,
836,
23460,
-1827,
27498,
11433,
7608,
-10710,
10455,
20400,
1020,
4590,
10455,
11475,
10538,
17808,
10455,
-3954,
11475,
-8160,
6375,
12744,
8883,
2253,
15513,
8373,
11623,
3825,
-2040,
1020,
-2295,
-11475,
7140,
30065,
7353,
14238,
15513,
20613,
-914,
10455,
-2040,
24729,
20752,
-4080,
8415,
5100,
5113,
20868,
1091,
-10527,
5865,
-2295,
1756,
-2295,
20868,
22398,
7608,
-1827,
5349,
-7395,
5100,
14535,
17595,
5355,
7650,
9138,
-1827,
-1275,
15954,
-2479,
-11262,
11220,
5326,
14280,
24735,
10965,
1020,
5349,
-2040,
-2295,
26010,
-4845,
57,
4845,
1933,
10455,
-1827,
7608,
16023,
1709,
10965,
-2295,
-8160,
1020,
27030,
1275,
29070,
-1827,
20868,
-2295,
7650,
14280,
4335,
1020,
2295,
3930,
7353,
-13335,
10455,
20400,
5100,
14535,
4556,
-4774,
-9888,
-2299,
1020,
1020,
14238,
638,
19678,
27498,
1709,
-1827,
18318,
7608,
4803,
6588,
3173,
14535,
15300,
15045,
14535,
5100,
-9083,
1020,
9435,
27540,
2253,
11220,
11220,
-2856,
5100,
1200,
10455,
7650,
10455,
13983,
1290,
21633,
-1062,
11688,
-1827,
5398,
18573,
6928,
-3357,
15003,
9960,
18063,
3708,
10965,
10455,
14535,
7608,
-2295,
3912,
2805,
2220,
10455,
31365,
1785,
-11475,
1275,
15810,
11404,
-8704,
10271,
-14553,
2253,
26535,
-1827,
13867,
-807,
28263,
361,
11943,
2605,
13770,
14535,
11220,
24948,
-1827,
-168,
1020,
1020,
-1827,
26775,
765,
28244,
24948,
1020,
5100,
799,
-2295,
8528,
11688,
12353,
-12240,
16830,
2508,
-2082,
-1317,
11433,
-807,
25455,
-1647,
13289,
-807,
15258,
7650,
5100,
-8160,
2253,
17808,
-5958,
8628,
12346,
7608,
-1827,
-2082,
3745,
765,
12297,
5100,
11475,
20570,
-15555,
12495,
-2295,
-12240,
-11914,
27687,
3060,
-14209,
11433,
-1827,
4293,
19848,
12453,
-10242,
-1827,
3386,
1020,
-1275,
-1827,
-4221,
11433,
-2011,
23473,
-1827,
20868,
11433,
-2082,
13515,
24480,
-6567,
1020,
836,
-2295,
10455,
23715,
-2805,
-3315,
13515,
10455,
23460,
-7182,
2253,
-1572,
25203,
29283,
8373,
-2082,
-1062,
24183,
1998,
18063,
18063,
15768,
30065,
7353,
18318,
9114,
34901,
-198,
1530,
10455,
27608,
11475,
19355,
-1275,
20258,
9435,
7650,
10710,
27260,
22440,
24182,
11433,
-13557,
4590,
10455,
23715,
-1827,
24948,
11504,
6588,
25203,
17879,
-1827,
-1831,
-1827,
11433,
13275,
10635,
18105,
18360,
7608,
-1359,
5355,
24990,
25868,
11433,
-13557,
18243,
10200,
10710,
12198,
-1827,
15174,
10455,
10455,
-9083,
5100,
21159,
7353,
-4626,
2253,
-9222,
7608,
20613,
11541,
31323,
15224,
9480,
13825,
-10710,
4335,
30345,
-1827,
-10910,
1020,
10455,
-1827,
11688,
10668,
16388,
14025,
-11220,
-21462,
2253,
11688,
24480,
5100,
57,
1020,
1020,
11249,
-18402,
17808,
1998,
-4717,
16051,
12249,
-1827,
-1827,
24948,
11688,
2688,
2508,
10455,
22440,
-11475,
11220,
-1827,
27498,
5183,
4461,
12863,
-2718,
57,
-22744,
12963,
11688,
21568,
-2295,
18360,
14535,
20868,
31323,
-914,
11433,
-13741,
11433,
-11007,
4803,
7608,
7608,
7608,
-1827,
24948,
25203,
-12920,
14280,
1020,
5100,
31578,
-4080,
14847,
20145,
3453,
6120,
-5284,
15810,
2040,
10965,
7608,
5398,
14238,
-2082,
4887,
1998,
-4632,
31833,
11433,
18063,
29283,
35913,
-6927,
1998,
11433,
1020,
-2295,
14314,
28815,
6885,
4845,
-4335,
12601,
13770,
-8160,
14280,
11433,
-8415,
3315,
2805,
-2295,
10455,
-2295,
17595,
6350,
18063,
-2082,
13983,
26042,
7693,
6333,
-1647,
11688,
-1827,
2253,
11688,
-2011,
1020,
-2295,
10710,
8883,
2253,
20160,
-10038,
-2082,
778,
15897,
8415,
4449,
16575,
-3570,
5051,
-3060,
14535,
21165,
5100,
-1827,
18573,
20868,
765,
27342,
2040,
4803,
10455,
1275,
19490,
1275,
14535,
14280,
-11730,
1275,
1020,
-2011,
20868,
18063,
-2082,
-2082,
16830,
-5604,
33660,
11178,
-3315,
13005,
10965,
765,
-2295,
1275,
10455,
29283,
9061,
3708,
15300,
14900,
9435,
15513,
1785,
7492,
13770,
6687,
1020,
-8160,
10936,
1020,
14535,
24693,
3529,
18318,
17043,
20613,
3157,
11050,
12999,
7424,
6120,
-6885,
8883,
-9222,
27498,
-11007,
-3552,
-2082,
-2082,
12266,
11424,
3570,
24990,
11688,
17340,
1020,
8160,
10284,
1530,
-5355,
10965,
1275,
13785,
8713,
21157,
11943,
12963,
1998,
14790,
5100,
5100,
24693,
221,
-29835,
-2295,
12170,
8486,
15513,
2253,
-15951,
21627,
9225,
-2082,
7574,
11943,
2324,
11688,
11943,
11433,
-2011,
20145,
-2115,
-6120,
21165,
24948,
5100,
28900,
15965,
14238,
-906,
10710,
-5355,
30345,
2508,
1275,
-5100,
-4155,
-5142,
-1827,
5723,
7608,
11433,
7353,
-1827,
11178,
-11517,
-6927,
24693,
5789,
19848,
11688,
10175,
15768,
17808,
7608,
-9135,
-1827,
17085,
-4845,
21675,
20613,
3585,
7353,
11688,
2253,
-495,
10710,
-5100,
3521,
24735,
7608,
14418,
1020,
20400,
-2295,
14238,
11123,
-5142,
-5703,
1806,
18573,
14295,
11433,
-1572,
-1647,
-1275,
14535,
2705,
12963,
4177,
20293,
20910,
-2479,
27243,
-11007,
23418,
-1827,
27498,
5355,
-13644,
-5965,
32130,
11688,
18063,
24225,
4845,
5100,
-501,
13530,
20103,
11178,
10200,
-2295,
11720,
29028,
-2082,
12327,
-2295,
57,
15385,
7608,
11220,
1020,
14535,
1343,
-8415,
7140,
9492,
11220,
-3136,
14535,
822,
-6120,
1275,
7608,
300,
4151,
765,
1020,
7140,
12860,
525,
29283,
-2479,
1020,
18870,
15584,
14025,
1785,
15045,
14535,
20910,
-1827,
-5653,
3060,
6375,
17085,
17357,
7565,
10455,
-8160,
-1827,
8664,
14280,
6843,
978,
27243,
-2082,
27243,
7353,
11220,
18360,
5100,
18318,
-6672,
20145,
4845,
3315,
9897,
-2550,
-2295,
-8160,
4114,
14238,
11433,
-1827,
-1827,
14884,
8415,
12140,
-2295,
-10710,
-11475,
-2295,
1275,
8727,
32088,
10413,
-8858,
-2011,
-1827,
11688,
5321,
10455,
2892,
-1827,
-13302,
2253,
-1827,
-13302,
10702,
14787,
-8358,
1275,
27784,
-1827,
27498,
-722,
18318,
6588,
16023,
2508,
7608,
22967,
11653,
-10562,
19635,
54,
22908,
18573,
23673,
29477,
10200,
26775,
4258,
-2082,
23728,
11688,
2508,
11144,
10455,
-8160,
20400,
20400,
3224,
1275,
15589,
20400,
11433,
7608,
525,
17332,
15768,
31833,
11433,
7140,
1016,
10200,
-3205,
1724,
12894,
18063,
-13557,
7608,
-11475,
5100,
836,
27243,
8628,
1998,
2253,
7608,
15045,
5100,
19856,
15300,
14280,
-5100,
13770,
10455,
28050,
15258,
10175,
8084,
11943,
20868,
-1827,
-1062,
26775,
765,
-8925,
-11475,
3315,
32385,
7140,
-1827,
8415,
1020,
22185,
-2082,
9960,
20684,
-1827,
11433,
-2295,
-2295,
6057,
7168,
3228,
1020,
9690,
12665,
8670,
29850,
-2011,
20613,
11943,
11433,
27498,
-6927,
12608,
15513,
-23970,
13481,
-4845,
20145,
8415,
13515,
4335,
17850,
20145,
17850,
20145,
26520,
-5355,
4335,
4080,
4080,
4080,
7395,
33150,
-5355,
4335,
7395,
4335,
29713,
17595,
17595,
31110,
20145,
17340,
26577,
4260,
29713,
9435,
-45013,
-40290,
-35955,
-18603,
-1530,
-4335,
-38505,
-55101,
-27795,
-31956,
-41508,
-9435,
-35955,
-26265,
-19125,
-43299,
-29165,
-30333,
-9509,
-48705,
-32589,
-23784,
-8925,
-9180,
-9435,
-7140,
-13260,
-36898,
-38760,
-35445,
-32329,
-31065,
-63495,
-54899,
-51204,
-41144,
-19932,
-14913,
-61200,
-56355,
-42840,
-40035,
-61319,
-37485,
-44699,
-48976,
-50496,
-46410,
-29325,
-35964,
-28394,
-40491,
-47043,
-37608,
-23447,
-24348,
-3264,
-27153,
-12873,
-46869,
-50613,
-50358,
-37098,
-61710,
-61365,
-73695,
-10200,
-17340,
1275,
-15355,
-47362,
-23970,
-6120,
-43605,
-33109,
-15300,
-21301,
-25500,
-5865,
-33660,
-12924,
0,
-24348,
-3693,
-21288,
-16188,
-14535,
-9180,
-14280,
-25500,
-5865,
-17340,
-20145,
-19061,
-5733,
-33660,
-70266,
-68340,
-14025,
-28305,
-19911,
-19248,
-28683,
-25623,
-12363,
-10421,
-9180,
-37485,
-17340,
-25500,
-22185,
-17340,
-2996,
-10068,
-6753,
-17973,
-7008,
-19469,
-9180,
-14025,
2019,
-18615,
-26520,
-21675,
-21675,
-24613,
-13128,
-43524,
-60780,
-48195,
-25500,
-13149,
-25500,
-13128,
-14658,
-16188,
-24348,
-23736,
-26520,
-21675,
-13515,
-13005,
-10200,
-7905,
-10323,
-24348,
-6375,
-18022,
-21084,
-14913,
-21675,
-22839,
-7395,
-3060,
-22440,
-17340,
-23736,
-14025,
-25500,
-18360,
-80325,
-68544,
-15555,
-12461,
-9180,
-24348,
-16188,
-23328,
-28105,
-22440,
-25500,
-14025,
-17340,
-4845,
-5865,
-17085,
-24348,
-13128,
-25500,
-7905,
-7395,
255,
-25500,
-32130,
-14926,
-10068,
-35988,
-9180,
-14280,
-21675,
-13515,
-42517,
-82029,
-82569,
-20400,
255,
-17340,
-6753,
-25943,
-5359,
-3693,
-28105,
-24348,
-378,
-16188,
-14913,
-31488,
-25187,
-13515,
-15300,
-26775,
-13515,
-21675,
-22185,
-25500,
-39780,
-4335,
-21033,
-21675,
-21675,
-18802,
-21675,
-16656,
-30600,
-62730,
-49725,
-633,
-15372,
-9303,
-20523,
-20523,
-24348,
-19945,
-9558,
-22954,
-23838,
-9813,
-18687,
-11853,
-34629,
-22440,
-9180,
-13515,
-16188,
-25500,
-17928,
-47940,
-34761,
-9180,
-7650,
-29835,
-22185,
-5865,
-20145,
-15312,
-45577,
-58059,
-55191,
-28683,
1968,
-24348,
-4791,
-18993,
132,
-20234,
-18993,
-16188,
-9180,
-21675,
-21675,
-17463,
-24348,
-13593,
-17340,
-17340,
-24348,
1275,
-11220,
6808,
-17463,
-17340,
-10965,
-27502,
-25500,
-12692,
-20523,
-17792,
-41820,
-46920,
-67698,
-18228,
-14403,
-14403,
-9048,
-3864,
-23664,
-4417,
-18993,
-1398,
-14280,
-21675,
-14025,
-21033,
-5733,
-19690,
-13128,
-16409,
-16188,
-24348,
-18228,
-8001,
-11220,
-21288,
-21675,
-6120,
-14090,
-12240,
-28305,
-25500,
-41820,
-69024,
-34836,
-36465,
-18279,
-3693,
-24348,
-8028,
-28428,
-15933,
-3948,
-24348,
-13729,
-17340,
-6375,
-24348,
-23689,
-21288,
-19932,
-2938,
-24348,
-13128,
-21288,
-18228,
-1785,
-18615,
-25607,
-17340,
-12924,
-7905,
-9180,
-6120,
-33660,
-60180,
-67065,
-9180,
0,
-19248,
-28683,
-12873,
-15933,
-20268,
-12363,
-18228,
-12873,
-6243,
-22563,
-4968,
-4968,
-17208,
-2996,
-10068,
-11088,
-20181,
-11407,
-21879,
-13005,
-9180,
-5219,
-20145,
-8096,
-30855,
-15914,
-24480,
-29325,
-36210,
-26779,
-4335,
2527,
897,
-21543,
-5865,
-17340,
-14280,
-24348,
-17463,
-16107,
-13893,
-15933,
-7437,
-24348,
-19248,
-6753,
-21288,
-18687,
-16656,
-11985,
-18615,
-16188,
-24168,
-10200,
-9180,
-13967,
-21288,
-21543,
-11169,
-42075,
-36210,
-40923,
-24348,
-4521,
-9180,
-9180,
-22185,
-29835,
-1296,
-10068,
-20171,
-21033,
-22563,
-16188,
-7008,
-16995,
-1908,
-16630,
-15756,
-21288,
-22695,
-17340,
3315,
-24348,
-7150,
-17340,
-9180,
-24348,
-12873,
-10068,
-8748,
-39780,
-37995,
-39903,
-28683,
-20523,
-18615,
-21675,
-27999,
-17340,
-17340,
-16872,
-19248,
-5733,
-22563,
-20843,
-19417,
-15746,
-24348,
-24348,
-17463,
-20523,
-26469,
-27153,
-9180,
-10710,
-22185,
-10965,
-24348,
-3693,
-20846,
-24267,
-9632,
-44193,
-79764,
-37501,
-27153,
-20523,
-15521,
-25500,
-18615,
-13515,
-13128,
-1908,
-19469,
-21288,
-17127,
-3693,
-21033,
-14913,
-16188,
-16188,
-16188,
-24348,
-17463,
-15933,
-18496,
-14280,
-17340,
-21675,
-8028,
-18360,
-30804,
-8160,
-28509,
-24990,
-68769,
-34935,
-18360,
-22440,
-16188,
-19945,
-6753,
-18228,
-5109,
-11853,
-31488,
-6498,
-14403,
-4968,
-20268,
-10833,
-25368,
-22563,
-14403,
255,
-25500,
-23677,
-21420,
-34680,
-15555,
-12240,
-22529,
-9180,
-22185,
-15555,
-14403,
-40035,
-83385,
-51255,
-31365,
-9180,
-25500,
-13005,
-17276,
-11853,
-18228,
-633,
-13400,
-27289,
-22308,
-23664,
-9813,
-24348,
-17973,
-9813,
-19932,
255,
-25500,
-16320,
-11598,
-21033,
-8232,
-15355,
-18228,
-18048,
-20733,
-21675,
-26698,
-26520,
-61710,
-65041,
-18870,
-13515,
6630,
-21675,
-24348,
-9558,
-13128,
-11220,
-16524,
-28305,
-14913,
-9180,
-14025,
-7860,
-14025,
-13515,
-7395,
-16065,
-5865,
-17340,
-19932,
-13128,
-11853,
-18228,
-18228,
-1785,
-14948,
3315,
-15168,
-39015,
-48705,
-62985,
-11220,
-25500,
-5865,
-9180,
-20268,
-22795,
-34629,
-18360,
-17040,
-24480,
-25623,
-29835,
-21675,
-9180,
-19839,
-17340,
-14025,
-16464,
-17340,
-13515,
-11343,
-24866,
-3438,
-23838,
-7008,
-11220,
-19312,
-26541,
-11772,
-30855,
-56355,
-27153,
-22563,
-3693,
-21033,
-20727,
-18228,
-18228,
-20897,
-26707,
-35445,
-1530,
-12873,
-6885,
-17340,
-14280,
-10851,
-23715,
-34170,
-28050,
-5865,
-23787,
-11989,
-13855,
-18993,
-15933,
-22563,
-20655,
-21675,
-21675,
-11343,
-42772,
-77010,
-66045,
-14162,
-28787,
-25623,
-28683,
-20884,
1131,
-33096,
-18228,
-23260,
-18993,
-22737,
-12873,
-18993,
-21288,
-19932,
-8160,
-24816,
-21675,
-4080,
-17463,
-21675,
-12937,
-23279,
-30213,
-15733,
-16320,
-25500,
3315,
-27153,
-47940,
-53550,
-55671,
-26898,
-24348,
-11417,
-16188,
-14403,
-10068,
-24348,
-15168,
-11598,
-25368,
-11343,
-24790,
-28428,
-20523,
-15491,
-17208,
-21798,
-16188,
-20601,
-24348,
-7905,
-14025,
-10965,
-7008,
-19881,
-10068,
-20523,
-28683,
-23196,
-39780,
-53550,
-46426,
-17085,
-16188,
-6069,
-17340,
-14280,
-25500,
-6753,
-6935,
-26898,
-25810,
-27184,
-9558,
-21492,
-21288,
-12873,
-23664,
-6375,
-21675,
-26339,
-12873,
-29835,
-21386,
-13005,
-21084,
2427,
-21033,
-22818,
-24348,
-3693,
-41565,
-72306,
-32204,
-13260,
-20523,
-4968,
-12495,
-15555,
-21675,
-31862,
-17667,
-1908,
-15168,
-3060,
-7905,
-21470,
-14148,
-18228,
-8748,
-25500,
-27999,
-10081,
-16188,
-21675,
-17340,
-13515,
-11594,
-7905,
-17340,
-19839,
-21675,
-27595,
-44880,
-62424,
-21675,
-5865,
-16188,
-12441,
-11649,
-11220,
-17340,
-17340,
-16020,
-26847,
-20268,
-21084,
255,
-16320,
-19677,
-8160,
-29835,
-26775,
-13515,
-4845,
-24348,
-24697,
-36465,
-28305,
255,
-8228,
-23270,
-32640,
-14025,
-24348,
-47706,
-42840,
-53418,
-47553,
2427,
-18228,
2427,
-10068,
-21675,
-18615,
-21675,
-11088,
-23838,
-8160,
-15555,
-13515,
-19269,
-19380,
-25500,
-14025,
-19342,
-6753,
-21288,
-24348,
-24348,
-2146,
-20400,
-18179,
-25500,
-14535,
-22185,
-25500,
-47940,
-35904,
-28428,
-39393,
-40588,
-19932,
-6753,
-20523,
-22882,
-9180,
-16908,
-24348,
-10068,
-17973,
-24348,
-10068,
-18190,
-17001,
-17034,
-5865,
-9691,
-24348,
-3693,
-20149,
-11088,
-31488,
-23328,
-27153,
-16188,
-13583,
-9667,
-17306,
-33915,
-35610,
-35823,
-58008,
-47043,
-4535,
-3060,
1275,
-13492,
-18228,
-9058,
-20523,
-17208,
-19945,
-9180,
-14025,
-14280,
-14280,
-18499,
-5865,
-30307,
-14280,
-21288,
-16188,
-26847,
-8755,
-24093,
-6498,
-21288,
-17340,
-12240,
-3060,
-32340,
-34757,
-43026,
-11853,
-21543,
-16188,
-22185,
-21675,
-12924,
2427,
-13128,
-22563,
-11088,
-16188,
-26775,
-21675,
-19312,
-18360,
-15555,
-7905,
-9180,
-17340,
-17085,
-19503,
-15491,
-12550,
-18993,
-13128,
-24348,
-23328,
1275,
-11220,
-33660,
-54825,
-13515,
-15810,
-17340,
-24348,
-9690,
-17340,
-4590,
-18228,
-18687,
-8712,
-6753,
-21288,
-25500,
-25500,
-22815,
-18963,
-12924,
-7905,
-28305,
-25310,
-20145,
-6192,
-19932,
-7008,
-18993,
-21288,
-3693,
-25368,
-17027,
-25623,
-39015,
-30770,
-40545,
2805,
-17595,
-6630,
-3315,
-9435,
2805,
-9435,
2805,
2550,
-5355,
-3315,
-14790,
-14790,
-14790,
-6630,
11985,
-5355,
-3315,
-6630,
-3315,
5013,
-3315,
-3315,
-6375,
2805,
-11730,
6681,
-14106,
5013,
-11985,
3718,
-8160,
-58395,
-28805,
-52275,
-31110,
-30600,
-35145,
-31110,
-28974,
-61741,
-38250,
-30090,
-34935,
-22950,
13620,
-8809,
-651,
-19796,
3315,
-2445,
-20190,
-40139,
-71655,
-38250,
-58905,
-37740,
-24825,
-35955,
-21675,
-16408,
-20060,
-6375,
-23111,
2655,
-13842,
-8772,
-8559,
-27030,
-10965,
-4184,
-2295,
30566,
-11475,
2134,
2702,
25645,
9690,
11730,
18314,
-13364,
-9732,
-3714,
-7029,
-22346,
-9324,
-33825,
-15189,
-18249,
-48,
-2694,
-7029,
-59559,
-19635,
-18702,
-27795,
-12750,
-18105,
-16320,
-8559,
10251,
-10965,
-6120,
-1020,
150,
-7395,
-2329,
-9180,
-2805,
-2550,
-9648,
-14025,
-9324,
-17229,
-4989,
-18249,
-35190,
-19125,
-13770,
-23460,
-33405,
-32385,
-23970,
-15356,
-7539,
-32640,
-10278,
-11730,
-10200,
-18870,
-1326,
-6264,
-2949,
1386,
-4224,
-17300,
-10455,
-11475,
-10200,
-9180,
-9180,
-18105,
-8899,
-17484,
-21564,
-10089,
-13149,
-6734,
-19125,
-18105,
-19941,
-9794,
-17085,
-18105,
-3825,
-4379,
-13914,
-23928,
11757,
5610,
-9180,
-16864,
-9180,
-13914,
-14169,
-18249,
-9324,
-6681,
-2805,
-3825,
-12750,
-8160,
-12750,
-13515,
-38904,
-9324,
-44115,
-20421,
-8628,
-8559,
-11730,
-799,
-11985,
-2040,
-4845,
-10200,
-6681,
-18105,
-9180,
-25755,
-4080,
-4740,
-3060,
-7610,
-19125,
-9324,
-18249,
-17739,
-3799,
-4845,
-9180,
-10200,
-10200,
-17085,
-19125,
-23460,
-9324,
-13914,
-9180,
-13515,
-11985,
-32640,
-23460,
-24225,
-13834,
-17484,
-16540,
-19125,
-13770,
-3825,
-12750,
-8755,
-4293,
-32535,
-7512,
-18360,
-10200,
-21564,
-12659,
-20578,
-17229,
-3799,
-9324,
-17229,
-18249,
-12639,
-8814,
2755,
-12750,
-7395,
1530,
-12750,
-3825,
-19484,
-23460,
-9945,
-7650,
-14424,
-11730,
-11730,
-3825,
-3825,
-9084,
-23205,
-22440,
-18360,
-20799,
-3099,
111,
4701,
-11874,
-9324,
-6978,
-27429,
-22618,
-29469,
-28194,
-14574,
-8304,
-16878,
-4845,
-19125,
-12750,
-18249,
-9180,
-11118,
5355,
-924,
-19125,
-22950,
-2805,
-9180,
-19125,
-27795,
-17008,
-13090,
-14238,
-30630,
-2949,
-5904,
-9324,
-20156,
-7539,
-3204,
-5714,
-24114,
-59408,
-33405,
-26010,
-11730,
-7539,
-9324,
-17493,
-10200,
-10200,
-9324,
-16320,
-9435,
-16417,
-7539,
-10200,
-5865,
-13366,
-9180,
-12545,
-11874,
715,
-18615,
-17340,
-14424,
-8559,
5466,
-11109,
-4224,
-1800,
-8208,
-19374,
-7539,
-19779,
2805,
-3825,
-10200,
-14424,
-7539,
-2184,
-5499,
-2399,
-18249,
-9324,
-8559,
-10576,
-9435,
-6105,
-3825,
-6375,
-2060,
-1785,
-26775,
-9180,
-18615,
-13473,
-25767,
-17850,
-33618,
-13149,
-9324,
-10599,
-4479,
-3204,
-29979,
-9324,
-10305,
-10200,
-44115,
-9324,
2499,
-4989,
-8772,
-14579,
-9324,
-13914,
-4989,
-8559,
-20655,
-7395,
-5505,
-10200,
-9648,
-17340,
-19125,
-14790,
-27540,
-11475,
-2295,
-19125,
-14025,
-2184,
-2949,
-18249,
-19779,
-13404,
-4224,
-8559,
-6774,
-2439,
-2184,
-14424,
-14424,
-16974,
-8899,
-17484,
-15189,
-2307,
-17425,
-4740,
-4080,
-19125,
-17867,
-23970,
-11959,
-255,
-439,
-9690,
-17595,
-4590,
-12563,
-39015,
-7706,
-23859,
-34314,
-33405,
-32385,
-28050,
-9324,
-7539,
-11322,
-16974,
-19779,
-7752,
-9324,
-7656,
-17484,
-4989,
-28854,
-31269,
-39270,
510,
-18249,
-9648,
-12750,
-2805,
-1835,
-4989,
-34314,
-7188,
-14280,
-4590,
-1674,
-9324,
-23148,
-19125,
-19125,
-19484,
-17085,
-30141,
-17484,
-2184,
-14424,
-909,
-18249,
-13149,
-11433,
-10089,
-17824,
-17637,
-15293,
-48450,
-24480,
-18105,
-9324,
-44525,
-10200,
-19125,
-9324,
-23349,
-31764,
-29894,
-47685,
-13260,
-35334,
-2949,
-11874,
-7395,
-3825,
-5505,
-10200,
-10200,
-4437,
-909,
-7539,
-2184,
-5519,
-16158,
-5873,
-9324,
-9324,
-7539,
-11874,
-14073,
-15189,
-19125,
-31110,
-9180,
-13770,
-9324,
-17229,
-2096,
-12701,
-14075,
-38148,
-20805,
-34607,
-26919,
-11874,
-11945,
-9180,
510,
-12750,
-13914,
-10089,
-6734,
-4989,
-33762,
-13149,
-9324,
-12639,
-18249,
-18249,
-18249,
-9324,
-7539,
-19779,
-27319,
-5865,
-10200,
-3825,
-10854,
-3825,
-23100,
-13005,
-16113,
-29325,
-18573,
-22440,
-11730,
-4845,
-18249,
-6978,
-21564,
-8559,
-10644,
-4224,
-7539,
-23094,
-11109,
-14424,
-13404,
-16719,
-2949,
-2184,
-11109,
-18360,
-9180,
-15916,
-13260,
-10710,
-3060,
-3060,
-3164,
-33405,
-23460,
-25245,
-11109,
-11475,
-9945,
-36975,
-10710,
-19125,
-9180,
-8160,
-17059,
-8304,
-8559,
-20799,
-14149,
-1963,
1386,
-8208,
-13914,
-9324,
-4989,
-13914,
-8772,
-18360,
-9180,
-4080,
-17739,
-14424,
-3864,
-8559,
-8559,
-19187,
-35088,
-18105,
-10591,
-16830,
765,
-20327,
-18105,
-12750,
-18105,
-3825,
-9324,
-27429,
-13914,
-9435,
-13665,
-15045,
-12639,
-19125,
-32385,
-31535,
-32385,
-12750,
-11985,
-8415,
-19125,
-10200,
-8772,
-13914,
-8304,
-8559,
-8559,
-34935,
-10200,
-32385,
-4224,
-17850,
-24480,
-4080,
-9435,
-9180,
-19125,
-19125,
-13404,
-9389,
-16878,
-16830,
-7055,
-9690,
1386,
-2805,
-14129,
-33405,
-20805,
-10200,
-10200,
-16864,
-10200,
-12750,
-6774,
-12923,
-26664,
-32019,
-13149,
-19739,
-33099,
-26826,
-17697,
-26775,
-16320,
-21309,
-909,
-17229,
-9324,
-1062,
-8559,
-8559,
-12656,
-4335,
-17085,
-14280,
-23349,
-7395,
-10200,
-5355,
-8205,
-2040,
4845,
-9690,
-19125,
-1314,
-11398,
-12490,
-24114,
-11364,
-2184,
2295,
-3825,
-3825,
-6774,
-12325,
-19635,
-8415,
-17144,
-9763,
1386,
-2949,
-22491,
-18300,
-10242,
-8559,
8951,
-24114,
-14637,
-23349,
-24114,
-4989,
-8772,
-13005,
-8064,
-2550,
-16065,
-7539,
-3825,
561,
7234,
-14934,
-1921,
-4080,
-43860,
-18105,
-15189,
-24480,
-42075,
-56514,
5466,
-9324,
-6935,
-18249,
-11109,
-17484,
-9324,
-4224,
-34824,
-2949,
-6774,
-8899,
-4479,
-11874,
-9919,
-16974,
111,
-18249,
-8712,
-9324,
-35700,
-24480,
-25245,
-13149,
-15684,
-17484,
-11874,
-2949,
-10584,
-33405,
-42075,
-56537,
-19635,
-18249,
-20448,
-10200,
-13770,
-9180,
-21564,
-17821,
5466,
-2949,
-10834,
-27429,
-20439,
-4989,
-18249,
-8208,
-44115,
5865,
2899,
-1929,
-13109,
-40250,
-22440,
-8628,
-16464,
-9324,
-16974,
-9324,
-17229,
-20145,
-588,
-5516,
-14280,
-11874,
-14424,
-6630,
-3060,
-3825,
7472,
-549,
-8814,
-4224,
-18360,
-17340,
6095,
-12639,
-8559,
-18513,
-9180,
-5505,
986,
-18249,
-11730,
-10200,
-12750,
-10217,
-9435,
-18105,
-14430,
-11730,
-9664,
-20145,
16680,
-2550,
-19125,
-18249,
-17637,
-11943,
-9435,
-10200,
-18105,
-16235,
-5649,
-13404,
-8628,
-18360,
-18615,
-10302,
-5100,
-2805,
1530,
-12750,
-9180,
-9324,
-16334,
-17850,
-18870,
-22440,
-7225,
-7160,
-12495,
-10200,
-9324,
-9741,
20910,
13626,
-1164,
-16464,
-8559,
-16464,
-17484,
-11730,
510,
-3825,
-15189,
-15189,
-13005,
-3060,
-11475,
-11925,
-8415,
-9180,
-10200,
-14386,
-21564,
-4989,
-9324,
-9324,
-41777,
-6120,
-6026,
-9180,
-35190,
-9180,
-9180,
-24480,
4950,
-654,
-10089,
-18339,
-8772,
-17484,
-11874,
680,
-19125,
-9588,
-9324,
-43239,
-4989,
-9324,
-43239,
-22435,
-6756,
-31515,
-19125,
-20011,
-9324,
-17229,
-2473,
-15189,
-8814,
-17739,
-15189,
-18249,
-5440,
-9500,
-6590,
-23205,
-342,
1386,
-654,
-3714,
-9166,
-18360,
-16320,
-14855,
-8559,
-15344,
-11874,
-11874,
-12724,
-19125,
-10200,
-13770,
-13770,
-29906,
-19125,
-30961,
-13770,
-4989,
-18249,
-5649,
-25750,
-10854,
-23094,
-4989,
-18105,
-8532,
-18360,
-17765,
7808,
-1527,
-8304,
-34314,
-18249,
-9180,
-3825,
-9648,
-16464,
-5499,
-2184,
-11109,
-18249,
1530,
-3825,
-19465,
-16830,
-25245,
-23715,
-33405,
-32385,
-33915,
2151,
-9919,
-6349,
-24114,
-13914,
-9324,
-20034,
-16320,
-9435,
-19635,
7650,
-11475,
-25755,
-18105,
-9324,
-8160,
-10200,
-30345,
-8559,
-14574,
-13362,
-17484,
-4989,
-9180,
-9180,
-15237,
-5284,
-19952,
-31620,
-33150,
-33680,
-30345,
-13554,
-8772,
-13149,
-24114,
-4989,
-17229,
-2949,
-6170,
1386,
-43605,
-19312,
-44625,
-42585,
-36210,
-39270,
-39270,
-45135,
-42585,
-45135,
-42585,
-34170,
-29580,
-39270,
-30345,
-30345,
-30345,
-31365,
-37485,
-29580,
-39270,
-31365,
-39270,
-39457,
-44370,
-44370,
-40800,
-42585,
-26010,
-34575,
-29229,
-39457,
-55335,
