# 719 (shape [1, 16, 8, 8]),
17101,
44681,
87465,
93648,
84150,
49319,
40529,
6630,
-1330,
10617,
78540,
68424,
25301,
88561,
54919,
39430,
-22440,
77236,
30612,
14570,
2873,
33105,
-765,
-5212,
-5853,
68850,
66311,
7833,
47175,
102510,
10473,
59405,
-49550,
23460,
49175,
37995,
40035,
25718,
-2550,
6025,
-20845,
-34958,
-82,
21222,
107495,
-1530,
54743,
-56120,
-11278,
32282,
18870,
21582,
33821,
-37995,
17850,
-17291,
-100773,
-17280,
-18127,
-57379,
42773,
-13932,
15058,
-25321,
132955,
79109,
93585,
120444,
160650,
66735,
115342,
65025,
52402,
-2509,
38505,
64032,
101839,
69513,
100865,
93923,
45900,
14890,
59759,
41773,
60746,
-38076,
60945,
76739,
36044,
14025,
102687,
99581,
64005,
23460,
73445,
101620,
12664,
40035,
53490,
42585,
-24990,
69545,
49470,
29918,
30720,
22494,
61454,
104283,
44805,
137955,
-6968,
-11770,
68434,
2036,
26010,
50021,
-21082,
97155,
30855,
2321,
-78717,
-26763,
40983,
-4699,
-56904,
9868,
-15272,
20194,
-99935,
-40607,
-61965,
-88704,
-93075,
-58283,
-80421,
-29835,
-67390,
15732,
-58650,
-67782,
-129067,
5568,
-56318,
-14384,
-111945,
30142,
-90223,
-23774,
-87387,
42630,
-24990,
-38562,
-101953,
-4080,
-21762,
-50703,
-73950,
-6630,
-65481,
-91289,
-90771,
8415,
49669,
11220,
-19890,
-67223,
-35190,
-54419,
-53271,
-57430,
-46663,
-11399,
-55554,
-55335,
17068,
21032,
-54662,
-33193,
-25500,
-34503,
-7714,
-31620,
43095,
31031,
-37204,
-24209,
-6482,
-25767,
108790,
28864,
5399,
12300,
93655,
100737,
72420,
55773,
72165,
84126,
93347,
96390,
162391,
143088,
141270,
162339,
178949,
94271,
173987,
151102,
210120,
112455,
124594,
141632,
159083,
160391,
149940,
102422,
183244,
168045,
99697,
155319,
79305,
90270,
102548,
93992,
150549,
114240,
71791,
120615,
74715,
151873,
201450,
94747,
143156,
184658,
96958,
107798,
90974,
146115,
138500,
124325,
192197,
111367,
138975,
166293,
114631,
72420,
117045,
78243,
181900,
66728,
51924,
69920,
1476,
39808,
114744,
34413,
73320,
72501,
154530,
74805,
25500,
115842,
73985,
135150,
2304,
85632,
166260,
101865,
53779,
175667,
79820,
81731,
77010,
153415,
146548,
124898,
69623,
91305,
40545,
95630,
64693,
126990,
165439,
157214,
91035,
157080,
122368,
172834,
111558,
118575,
137076,
71145,
83130,
114278,
121380,
213311,
24651,
154544,
126545,
104873,
149559,
91035,
134361,
132939,
17031,
138146,
79305,
61662,
132398,
169575,
91035,
90522,
-34410,
139347,
132734,
78005,
149473,
115194,
79288,
150077,
-10170,
9430,
1785,
45645,
31875,
82261,
73350,
24735,
-6375,
41999,
45390,
-6630,
30293,
2904,
48877,
-40333,
19890,
32871,
76587,
58199,
55491,
87470,
76755,
8154,
-31533,
72675,
69665,
52690,
43605,
77265,
79612,
54704,
16228,
115770,
118474,
54060,
55080,
126444,
105060,
118277,
21389,
51294,
34039,
56522,
40796,
56610,
114239,
86543,
16925,
23114,
28050,
15479,
57797,
20145,
106080,
62301,
9865,
81104,
42984,
-20762,
-61744,
6521,
54918,
63269,
182619,
167089,
189720,
162855,
160395,
154098,
236113,
156570,
168089,
160748,
191760,
165885,
174557,
145496,
208087,
155787,
217515,
156751,
219483,
143879,
143241,
145581,
226185,
172199,
206478,
200430,
183473,
222519,
191505,
164985,
220121,
255610,
229377,
243015,
196461,
230520,
182580,
272585,
222105,
217242,
255273,
196721,
241007,
227332,
212187,
222105,
231414,
239508,
191802,
171507,
154020,
190583,
150651,
202980,
222105,
198243,
160852,
117172,
118461,
126067,
100400,
124070,
152181,
203894,
-160731,
-159225,
-158355,
-137465,
-143310,
-155614,
-136399,
-139230,
-94862,
-93101,
-114750,
-125090,
-142410,
-143949,
-95701,
-117377,
-88995,
-145915,
-127061,
-104924,
-79470,
-118875,
-84150,
-61569,
-141341,
-97155,
-120971,
-81043,
-157335,
-147390,
-92684,
-139490,
-106245,
-95115,
-37346,
-45135,
-129030,
-11130,
-15810,
52963,
-40658,
-80372,
-28740,
-34183,
-155252,
-66810,
-38729,
4905,
-92205,
-116586,
-143565,
-122936,
-117708,
-107865,
31620,
-58044,
-9396,
-54617,
6800,
-56333,
-117524,
-58556,
-41156,
16517,
-51582,
-40508,
-30600,
-61401,
-48960,
-38776,
-54770,
-88995,
-89596,
-19559,
-11985,
-23133,
7561,
-8445,
-52490,
-38404,
-86955,
-5300,
-27953,
-37591,
-2490,
10663,
-26775,
-16469,
-86603,
-46920,
13973,
-27516,
255,
-38760,
-11956,
18788,
-45884,
-3825,
11487,
4080,
2550,
8819,
34425,
71756,
-55566,
-18149,
-8907,
-31298,
-20109,
-31620,
-22966,
1358,
-86056,
-11531,
-12750,
44701,
-6998,
49215,
-4080,
-1181,
-66812,
-7497,
-55235,
-4520,
-16392,
38715,
-11463,
5480,
-3147,
74081,
55590,
62281,
19635,
60077,
20810,
67830,
29417,
72428,
87720,
131803,
95324,
137841,
98021,
64280,
13770,
88465,
104553,
97552,
31770,
69256,
60945,
116213,
1023,
64515,
87239,
61045,
50235,
41055,
63400,
148115,
67302,
100980,
116245,
67830,
102255,
56413,
103530,
142820,
51770,
77589,
102145,
48215,
161465,
26775,
36694,
57028,
58249,
108232,
124440,
99203,
151186,
31620,
1785,
52167,
-58834,
64211,
-23932,
-31917,
19394,
31616,
16859,
-39590,
47314,
66080,
-18360,
65276,
69870,
17372,
7775,
6120,
87532,
60372,
24225,
76523,
47501,
32219,
30106,
46404,
40800,
72695,
12755,
-1484,
-2799,
6793,
63750,
24242,
39020,
83130,
71884,
40973,
55845,
-32895,
70720,
68196,
62615,
84915,
99223,
67575,
86190,
65364,
110670,
91029,
49642,
51987,
79249,
84899,
56188,
57375,
129437,
112904,
28303,
117339,
63240,
50427,
32532,
28815,
156060,
62037,
33812,
89224,
29330,
61231,
90971,
137047,
83735,
51884,
40498,
18351,
-6120,
1185,
49980,
-12200,
5988,
20655,
-26415,
-19206,
1785,
18240,
6792,
-51549,
19874,
-29377,
29070,
-52922,
19648,
-4276,
-49324,
-25353,
7905,
-75269,
-41297,
-32130,
-9178,
-68415,
-16575,
-35955,
-13353,
-121239,
-54900,
-7905,
-29411,
-38505,
5355,
67186,
-8415,
-128062,
-41446,
-16270,
-35356,
338,
-25534,
16320,
-111238,
-174845,
-60002,
-61937,
-32130,
-1611,
-43931,
-13260,
-84660,
-179305,
-67927,
-41819,
-45596,
-107217,
-104051,
-35785,
2953,
-30369,
215012,
116555,
83895,
88914,
132345,
41768,
112893,
22440,
173219,
83319,
19380,
42477,
115946,
62129,
157158,
56154,
174930,
29373,
59561,
88300,
69235,
81205,
98940,
79453,
188591,
97920,
62563,
169089,
172635,
93585,
116846,
122541,
137816,
94350,
59405,
142800,
99960,
99583,
170595,
91089,
166189,
161759,
213706,
191158,
129391,
139230,
117463,
97780,
189222,
148529,
108120,
133554,
64022,
150195,
190230,
103044,
119221,
146162,
118230,
103453,
71844,
110848,
114691,
61290,
-38056,
-31292,
-44370,
-54692,
-59415,
-68627,
-50756,
-42075,
-31412,
-49314,
-26010,
-2741,
-13146,
-29008,
20356,
-45634,
-12495,
13109,
-7917,
11018,
-729,
-32428,
-13770,
-23870,
4068,
14790,
39178,
-10751,
30090,
-5100,
-395,
-14612,
-37325,
7650,
-27989,
-23970,
66300,
11431,
29325,
31376,
-67807,
14593,
-17910,
18061,
-688,
-33915,
-54753,
-63950,
31244,
-11562,
17595,
32286,
21504,
66810,
19635,
-55762,
-21856,
526,
-40848,
441,
-28708,
32795,
16423,
21307,
-125614,
-155206,
-106335,
-129610,
-110160,
-97597,
-122316,
-161415,
-185130,
-221749,
-205785,
-199390,
-184778,
-147945,
-178065,
-177602,
-246075,
-153105,
-218703,
-161931,
-172552,
-183094,
-233835,
-194588,
-197793,
-241230,
-206599,
-190343,
-129030,
-181305,
-223597,
-134680,
-246096,
-253470,
-185193,
-222615,
-185640,
-265861,
-227205,
-135017,
-213191,
-196183,
-149118,
-153503,
-203549,
-233070,
-208805,
-83341,
-156104,
-139664,
-116280,
-127399,
-187982,
-150960,
-112200,
-51881,
-178520,
-124609,
-80324,
-91583,
-28429,
4227,
-101072,
-78492,
-87856,
-80688,
-67830,
-46523,
-41820,
-9973,
-34703,
-39270,
-69306,
-99306,
-61200,
-88664,
-48216,
-32627,
-41936,
-112288,
-62475,
-48026,
-64127,
-64688,
-53416,
-37557,
-65025,
-38202,
-73307,
-24225,
-63946,
-43979,
12495,
4335,
-51213,
-27777,
-74854,
-9180,
-39851,
-36210,
-10710,
-63597,
-61710,
-51598,
-48338,
-16018,
-10159,
-2769,
-4082,
13005,
-17835,
17707,
-28538,
-2701,
-75990,
-53406,
-48568,
-69615,
-37995,
15413,
-40225,
17816,
-86072,
-79830,
-23915,
-71756,
-50439,
1797,
