# 830 (shape [1, 16, 4, 4]),
148405,
81244,
116415,
45950,
39290,
60370,
61760,
45900,
2219,
68151,
-11509,
12634,
-55452,
-66190,
-53835,
16381,
-31085,
-110410,
-49656,
-27830,
15924,
-183414,
-117170,
-48195,
-107031,
-141140,
-102738,
-31290,
-55653,
58616,
4457,
18012,
147655,
192091,
209421,
226795,
12869,
-27410,
151273,
123675,
-18396,
-17159,
88744,
109956,
50634,
-50703,
-21222,
-23485,
-26680,
-93261,
10711,
-28385,
-122303,
-111500,
-66181,
-49215,
-102019,
-100631,
14799,
-45066,
-19269,
-19135,
-19385,
-25427,
73765,
-94060,
-177600,
-41815,
13326,
-55034,
-47393,
-79050,
-66538,
21223,
-179957,
5152,
-107271,
29003,
-36776,
-22047,
-24090,
-92158,
-36129,
-90025,
11613,
-13776,
-34596,
51510,
11895,
1162,
115095,
-47414,
19083,
70275,
68472,
26751,
260500,
193380,
301527,
316520,
123074,
112329,
171151,
160650,
143984,
145764,
123585,
146829,
249645,
211281,
138544,
129609,
-141685,
-49536,
-43097,
-84360,
-13760,
-37620,
-17299,
-40545,
-41401,
-58524,
-89087,
-56242,
-44262,
-47604,
-14749,
-8883,
-29940,
-2303,
3497,
79090,
-70763,
132607,
91271,
100470,
52604,
113890,
65467,
83806,
7794,
65261,
178667,
106892,
56670,
-60074,
66619,
100070,
139789,
162124,
184252,
96135,
138466,
63129,
197606,
219134,
153555,
204806,
-38093,
142594,
70115,
16425,
14291,
-81045,
208897,
17903,
83017,
21420,
61562,
29466,
70983,
67913,
-5634,
-106821,
-11472,
-49020,
-10905,
101063,
57119,
76220,
-56766,
-38191,
-64289,
-38250,
57341,
-3320,
12670,
92502,
-77067,
27319,
8426,
-80021,
81315,
90965,
91485,
115210,
22703,
90788,
151558,
31875,
6580,
112678,
41877,
-81196,
45660,
100509,
-26065,
73743,
114965,
182655,
183604,
113010,
-7271,
-38435,
32293,
-32640,
-79180,
-31762,
-26121,
-126457,
48111,
-52282,
-158417,
-81933,
-76960,
-45330,
-53545,
-73825,
110458,
-44948,
-166164,
-58395,
93714,
70261,
-669,
-13771,
37485,
83391,
97281,
41722,
-9865,
21419,
-66045,
-24800,
61558,
-27421,
25369,
25500,
57680,
29515,
19558,
1305,
-59952,
-179044,
-90771,
-205162,
