# 935 (shape [1, 512, 4]),
36048088,
12954787,
-6838122,
-4392198,
21660692,
8489316,
14109834,
6089511,
26474948,
1725196,
-20814444,
-10204206,
8171027,
-6272804,
3753190,
-694470,
33110000,
-4954868,
212731,
-14752992,
15456066,
-6875320,
-9682261,
-13424844,
49536968,
-3435583,
-3058475,
-19587378,
-2652526,
4992883,
-6535574,
-42513184,
24584844,
16991098,
-16904368,
-21607412,
12160175,
34708932,
10745061,
-85182672,
24808420,
5347957,
977829,
-14519900,
-4630999,
35190300,
5765495,
-82352088,
7317269,
1797951,
10498716,
3652949,
-20722224,
4318403,
-6945130,
-68534280,
8618599,
-8233810,
-5385960,
652224,
-10870241,
-26446416,
-3333270,
-35599988,
28795256,
53516864,
36312204,
-7454349,
23909070,
21545030,
28641208,
27524512,
27263520,
28500650,
56577880,
51777360,
68661160,
54422468,
61019704,
45211476,
28360952,
61195672,
68592056,
77857696,
53731620,
8923166,
35822912,
33710080,
37813624,
73403304,
62010652,
41711008,
22758406,
57352636,
83716152,
74404896,
22971262,
19228604,
37813988,
17099160,
-125654,
11546787,
42790464,
25198336,
9494501,
21050074,
-3871264,
26200414,
30688326,
16576701,
11981790,
-21186100,
20599948,
50846504,
61046032,
82614480,
101807208,
28301584,
-15391647,
-27723980,
-5339652,
21094180,
47683132,
39391244,
51908760,
5916233,
-40920636,
-39123656,
19634372,
-8944493,
19480964,
28669264,
-14836178,
25676616,
-4515294,
-5265841,
29647872,
14953093,
39058764,
39065728,
-2401360,
39857992,
-8510851,
-19546368,
36797368,
16357262,
46861552,
22890906,
4065520,
34888528,
-20211048,
-23086328,
54660896,
14565318,
22286852,
12614430,
28781240,
44679080,
-20548624,
-52141248,
47963036,
19773846,
23785104,
20930164,
33705424,
11839217,
-44467272,
-80589944,
29012784,
8915923,
19189954,
20848708,
32747608,
1341098,
-66253468,
-70565688,
2274029,
17028048,
14137508,
18121750,
49735144,
12757381,
-15936695,
-59696424,
18167808,
12614846,
-4095047,
5771302,
36420716,
29580978,
26279680,
-15665377,
-41990992,
-60263704,
-40139888,
-29581530,
-45147196,
-34448852,
-54801600,
-38841968,
-43124776,
-72727424,
-60777348,
-55506636,
-53855544,
-57730072,
-62037944,
-53878608,
-47959768,
-73238904,
-64074408,
-57365776,
-62040396,
-41758856,
-36869672,
-8254237,
-52538972,
-67139936,
-55940552,
-31798496,
-44717032,
-46584360,
-43948072,
-19111446,
-29541776,
-38395576,
-22266814,
-2621040,
-22404366,
-35606108,
-50622568,
-29118610,
-23968472,
-16565774,
-1446573,
-592660,
-30266834,
-30320040,
-29720246,
-9886652,
-39584664,
-47610340,
-27111520,
-28512638,
-34968788,
-34203544,
-29382716,
-26290684,
-2408997,
-19831978,
-35630784,
-48684744,
-50436328,
-25422522,
-5360232,
3500684,
13552483,
-3630941,
-1320479,
-199586,
11399384,
-3028056,
1348859,
1224434,
29291928,
-19733108,
-21284904,
-14561033,
5154095,
-24568552,
-6253180,
-11148311,
23443324,
-28942722,
-19737208,
1595142,
15792312,
-21078984,
-19270036,
-19009708,
33045172,
-12267405,
-19383326,
-9691423,
19658,
-14574919,
-35056736,
-42353792,
15525499,
-4218536,
-3419712,
-25508968,
-6675295,
17502680,
-22170658,
-58765304,
920804,
-9318198,
-965963,
-5923056,
-23801480,
18310782,
-18717248,
-84242768,
-7992047,
-12414743,
4968908,
-2501352,
-38944152,
-5592455,
-23876436,
-69755168,
-8306479,
-29959050,
1984419,
10081565,
-17599182,
-30829584,
-18342508,
-53352504,
32758152,
52216616,
52197820,
45761632,
51433208,
48860584,
55521340,
35926644,
20030636,
98746504,
97727928,
77512280,
106008176,
97523824,
98338336,
83473928,
24975988,
82857792,
83041160,
72288016,
70636336,
53044436,
84484600,
74143672,
32603426,
96848200,
91751064,
103141312,
77766328,
57953124,
64534384,
44762220,
19919750,
63488620,
76519648,
61528688,
60705376,
50132576,
61567356,
34882688,
-14559122,
32220374,
60768872,
68125272,
47837376,
1165421,
23925246,
4099363,
9828642,
60797600,
63076448,
75917424,
74774584,
39242636,
4115516,
-13755217,
-9629838,
41827504,
54806196,
54085480,
68377312,
40198336,
-217354,
-4019821,
38289604,
9461228,
29451128,
51870624,
961183,
32215056,
5272972,
10307101,
47870936,
19180662,
38152696,
51962904,
7250719,
31920072,
-10938690,
-5992940,
62545968,
25675836,
50562808,
42876644,
20129704,
40814824,
1353446,
-10814247,
68469128,
21692762,
31093358,
27669288,
47590976,
56442032,
-31844908,
-43986964,
56020224,
23849552,
25270828,
38511432,
35896160,
24280002,
-58595716,
-64430996,
37647560,
11297523,
27676572,
36544520,
36084048,
8505608,
-86875864,
-53123016,
18383050,
3595920,
7852667,
12872948,
65600416,
19400760,
-25169970,
-43568248,
18636606,
-3171900,
6590461,
6645732,
40434720,
28020542,
7394206,
-7974373,
-37265256,
-40327004,
-26946676,
-35448896,
-24427820,
-16830090,
-42708228,
-26934374,
-40606312,
-69808584,
-50275448,
-52269408,
-59455648,
-62939776,
-58515632,
-50721816,
-36758500,
-52483448,
-54419156,
-44579400,
-39473296,
-39444392,
-24304980,
-16572419,
-51529572,
-63872868,
-52672704,
-46038600,
-42266232,
-56053576,
-58637728,
-41665816,
-38667664,
-46908032,
-32495994,
2329513,
-25570848,
-43359236,
-60104584,
-32252976,
-19120088,
-9448634,
-431814,
19273312,
-4843029,
-18059880,
-51201780,
-33154064,
-41997264,
-52887496,
-46054612,
-39715744,
-40672064,
-55478424,
-75663096,
-46034432,
-28041520,
-62270704,
-50729320,
-69398416,
-78116824,
-57367372,
-36726664,
-31378272,
24988988,
7303354,
-2824620,
4819954,
16704440,
13188847,
4995631,
10344378,
37014648,
528008,
-25380836,
-15942336,
13245259,
-9663058,
8200731,
-6118621,
32624820,
-8466631,
1658072,
-4600143,
6603982,
-11205240,
-3980445,
-24896024,
54246144,
-3411530,
-8438587,
-26446324,
73796,
4387060,
-6339333,
-52107872,
29595020,
12393431,
-8849277,
-27613002,
22616128,
24688908,
11676293,
-88429256,
27277090,
766383,
-1975801,
-12129456,
-9667323,
48275036,
3080632,
-90652952,
5790027,
-8230755,
15746164,
4888299,
-18433802,
1103321,
-2726147,
-70865584,
12074866,
-4970143,
-4714061,
-1043642,
-20700918,
-18394634,
-920690,
-43689928,
32412500,
54892456,
49529632,
11539329,
33585096,
34019296,
39468472,
43766324,
28961414,
25307124,
52120656,
50728032,
68471440,
59130696,
55806432,
54941984,
32464062,
61687484,
70347888,
75369968,
49136060,
18455250,
49816416,
40918440,
33273622,
72949352,
68619752,
52916204,
29953116,
57762208,
95087304,
73192096,
20381590,
27893944,
32844988,
12673063,
9739777,
6139033,
54509412,
25195072,
6952478,
23605450,
14154212,
19886288,
42042472,
15986807,
17506998,
-11112322,
15859914,
43302292,
70273656,
89997120,
115506848,
32765590,
-8007392,
-17034964,
-21667460,
25103930,
42809172,
42229896,
43324904,
3172779,
-40263268,
-34318156,
22596988,
2037018,
14877705,
28524452,
-4051638,
22683632,
-1882766,
-3330731,
34978536,
13243945,
45631368,
30074768,
-10530645,
39854672,
-17976392,
-19480814,
42474492,
9873610,
52414804,
10298970,
-844603,
34591768,
-14279477,
-23544626,
53295512,
18214992,
15247985,
18036826,
30381244,
38584608,
-16260116,
-64624944,
44635460,
12184125,
28020130,
2159920,
37698744,
21105212,
-43117072,
-80065456,
23969416,
-2335270,
18498956,
21089752,
33534056,
-10853312,
-64282432,
-75699072,
11599078,
1543354,
-3467042,
16160231,
48962384,
12348042,
-6476411,
-75919168,
13574869,
2208911,
-3278007,
2238482,
43247552,
30707146,
13302140,
-19466912,
-32208492,
-53299712,
-28695214,
-29759446,
-34181648,
-30201116,
-54392672,
-39123128,
-30068950,
-56767616,
-50642232,
-58371240,
-54189432,
-42565372,
-53893592,
-41324368,
-43414288,
-61191068,
-59647744,
-52489620,
-54539372,
-45796140,
-32731258,
-8723880,
-42100448,
-63557464,
-55375960,
-32532244,
-36463360,
-44849480,
-43828608,
-19703636,
-27016068,
-34688868,
-14461150,
-618298,
-8243632,
-33043182,
-49935636,
-18275208,
-6796320,
-2911376,
2791783,
4763008,
-13332105,
-30569126,
-19444162,
-6854781,
-33910524,
-39103924,
-19627092,
-30299588,
-38384140,
-31546584,
-32863700,
-18150794,
-4540206,
-20627306,
-30265182,
-46779916,
-41740736,
-16693681,
-2079113,
-4524311,
22625744,
13182917,
-9591548,
-227978,
24318668,
12570560,
15511156,
18052020,
30204078,
-2989606,
-12187384,
-5550614,
13831394,
-6767357,
16702272,
-249745,
30380042,
-8364763,
9427529,
3438882,
25334990,
-4729339,
-3169211,
-7944749,
47429440,
3245737,
-2713884,
-14368927,
3862542,
9615426,
-10669232,
-29372244,
25725702,
17284748,
-2014789,
-12493400,
8356547,
47809884,
9794899,
-66579568,
19277780,
1594986,
-2434327,
-5874022,
-6216781,
39822008,
-3861590,
-74151856,
6218456,
5201280,
13761178,
810196,
-37012992,
6876474,
-5128189,
-56158440,
-5099813,
-4331797,
-1989739,
148350,
-15165332,
-11374756,
-819469,
-44800040,
36827416,
59918536,
63141388,
18019702,
37017052,
40959072,
47164700,
40091236,
36296376,
42967308,
56658404,
57087560,
73481000,
65377632,
62940360,
63795524,
44740704,
63775816,
77469376,
85918336,
52440824,
19433818,
50440120,
45266964,
41139392,
71222496,
63690976,
52520136,
31705302,
67444192,
103113608,
77114264,
37857944,
44457148,
39326144,
29105358,
11288058,
11715548,
47387856,
36895608,
27526330,
25660584,
10895074,
23624008,
30411780,
23445536,
13908020,
-9151955,
20065928,
50647568,
61725656,
97009216,
104587504,
38998816,
-10389418,
-20192068,
-7931241,
14812002,
35178944,
27083932,
52691744,
5391615,
-42494696,
-36525940,
20569638,
-489664,
6479777,
14996490,
-19228516,
17185124,
-19907324,
-19533778,
31083030,
13881588,
35988872,
33193894,
-4856235,
33580984,
-20019710,
-27404624,
38655736,
8076678,
37322624,
10057937,
-5533560,
25532424,
-26896428,
-40873916,
50198376,
6520866,
13155537,
9102912,
25752012,
34936916,
-38951168,
-69423592,
43414248,
5657336,
16444752,
11572859,
31215214,
2888372,
-47028744,
-96749392,
30329496,
3516543,
14417733,
19387196,
24727818,
-10779558,
-64365032,
-79315552,
14940289,
4084214,
4311307,
12105890,
50676672,
3790677,
-18335792,
-74288288,
19564324,
8832055,
-5090221,
3865178,
37480312,
28040700,
14096198,
-18924636,
-47448076,
-44987376,
-41031912,
-32088204,
-34571256,
-36088552,
-57017140,
-44563616,
-36219000,
-60622232,
-53724080,
-44797984,
-56024268,
-51621524,
-52244696,
-42183008,
-51247264,
-60164680,
-56235432,
-55503004,
-50723084,
-41469628,
-25912734,
-4574692,
-53754800,
-65170720,
-55971044,
-26674558,
-42703184,
-46298388,
-36523048,
-15695833,
-34881440,
-32732502,
-13258014,
4763783,
-15581603,
-25658896,
-33202920,
-24180618,
-17133700,
-4864673,
2554853,
6554704,
-14881132,
-17785944,
-21654700,
-4558421,
-35493240,
-33433664,
-21298804,
-37388400,
-32348408,
-41334152,
-25433852,
-28181532,
-3792379,
-26385298,
-31868988,
-38437672,
-53259104,
-19992088,
-8792330,
-1024659,
23687080,
-12982366,
-16709548,
-41833316,
-11752962,
-516174,
-7094731,
-4038986,
27458268,
-18912948,
-29881204,
-42680764,
-1566478,
-26478066,
-38267552,
-21512992,
20359076,
-24646290,
-35308016,
-37883496,
-1664601,
-20783394,
-73940912,
-25404906,
19854988,
-25329080,
-46298460,
-35913248,
-22170808,
-22424322,
-72820656,
-31203310,
10471869,
-22361122,
-25839994,
-22234288,
-5659238,
-15954909,
-64475528,
-62507976,
1310663,
-24299816,
-21226840,
-10336842,
-38159532,
-19379056,
-52076820,
-51298180,
-703133,
-14077074,
-10285396,
5293933,
-35726648,
-41085128,
-57190004,
-34901404,
7324168,
-24335206,
-26439232,
-24607568,
-26395850,
-39620344,
-42408020,
-48015752,
61516636,
90894264,
93007464,
70076384,
55132184,
64072976,
50727464,
34744924,
68606056,
61639888,
63092512,
79684400,
90738056,
75592304,
64342656,
17383652,
79330496,
84746720,
80429728,
79543552,
76404512,
62643124,
87733784,
21231964,
80228624,
92129368,
75238328,
58971448,
53674128,
69272928,
105292088,
48827712,
66186200,
41141680,
35181340,
39922376,
40550420,
49605864,
73374208,
36399256,
42921648,
36850224,
47569760,
50069112,
57092392,
11593893,
4836060,
-25955964,
39434360,
43469776,
48714600,
76836368,
94754336,
57195332,
14314004,
-16518349,
-9869057,
-23438170,
-9457814,
-27861446,
-7380207,
-15630920,
-23940812,
-41280680,
8574892,
17949000,
14290506,
54429980,
9210556,
14546901,
2777809,
7421031,
29310048,
55512012,
56920492,
76049912,
27010488,
41840760,
26377408,
20960312,
24312572,
41355032,
48071968,
44803864,
18724048,
29212084,
24085508,
18126932,
13540599,
42516240,
35695292,
43524152,
37263540,
30687692,
17925358,
5312248,
20097496,
51300408,
44525184,
35980524,
32919416,
34804832,
-27766418,
-12564910,
22911112,
31925364,
44777592,
27255732,
41649760,
34250316,
-29170664,
-8096391,
15071451,
33008988,
22467564,
13649372,
22501562,
24803040,
-4843834,
-13968761,
21282274,
20901118,
20189294,
19169666,
46151532,
42084992,
17866656,
1934182,
-63147576,
-97607472,
-84619008,
-87280440,
-79666224,
-74336536,
-97912560,
-80333600,
-35686264,
-80945864,
-78952944,
-80154008,
-71826536,
-61053360,
-69850176,
-66460608,
-46185832,
-91680648,
-59180844,
-67856832,
-60427440,
-61675064,
-68091240,
-51196840,
-38075184,
-72849456,
-43639424,
-44173240,
-35764400,
-37776432,
-47725024,
-44073236,
-32800916,
-55566440,
-25103992,
-12838274,
-29399812,
-48581556,
-43481976,
-47900784,
-22872128,
-49662036,
-42296120,
-48132204,
-36925088,
-29214840,
-44457420,
-26397740,
-35404288,
-53454912,
-53539528,
-49437912,
-45721968,
-35844144,
-29014208,
-30756176,
-6792940,
-46328364,
-26617314,
-9838030,
6176688,
-11381247,
-18150100,
-34808452,
27843182,
-8209486,
-10108304,
-6807352,
7371006,
7049712,
7641616,
30986340,
36587216,
-10456814,
-12530897,
-19557068,
2383042,
3641197,
7415163,
14627688,
45422884,
-24820046,
8063055,
-25191486,
-8820392,
-4772115,
17007980,
3407300,
53679980,
594959,
837826,
-39877568,
-4227786,
9275139,
16042229,
-39900180,
38229576,
17700286,
-12026838,
-54259760,
-1677632,
46022920,
25112694,
-63740240,
30195608,
7969402,
-24991680,
-25747908,
-12532619,
62526092,
18353256,
-87930880,
12972923,
3742632,
-20687472,
-20858742,
-10971940,
45880984,
15759503,
-63560424,
15562743,
6758006,
1957450,
-2229174,
-13954370,
13941412,
16266457,
-29559856,
43958248,
51183856,
44465336,
32703864,
61561288,
33865136,
43181456,
40590160,
55500204,
75139048,
97742472,
73767216,
92144624,
85587080,
98981520,
101730192,
46765368,
82647056,
92415280,
71781296,
57476360,
52846640,
79948528,
85245816,
57236496,
96755312,
83983232,
98889696,
59571052,
61570508,
95807528,
59686376,
56034004,
82192592,
75230632,
59440084,
51150916,
100566272,
95856920,
55256432,
32192760,
65100128,
72273976,
77392336,
66580836,
38037496,
42745848,
30995668,
42691424,
79587352,
66373420,
86028680,
66119424,
24229726,
5490371,
-4122782,
22877300,
35646888,
48077536,
50380532,
75586312,
58531004,
14673965,
6228363,
-12900076,
-51062568,
-9950702,
-38764472,
-51554764,
-4866667,
-29340776,
-12575071,
-9892449,
-50695312,
-3157278,
-39801880,
-56803192,
-3392654,
-49795080,
-46340248,
-3316682,
-17597450,
13662106,
-33029360,
-32831362,
12886353,
-48690144,
-35945976,
14366114,
-28530336,
11613551,
-27348318,
-17465908,
3738973,
-52131844,
-53054296,
2857143,
-52370840,
-31989602,
-32577180,
-17912866,
-33371616,
-61758408,
-83658384,
-8083046,
-63357660,
-51676592,
-22261720,
-23920780,
-44923300,
-89377496,
-92654320,
-26348622,
-58183284,
-52410328,
-26551078,
2028250,
-59343632,
-65695528,
-90778960,
-32592780,
-27863288,
-52149240,
-36589808,
-20953002,
-37959472,
-43659652,
-71906528,
-26240854,
-24925208,
-30659028,
-27180516,
-32659364,
-25285660,
-51960372,
-29391144,
-55113172,
-48400208,
-45452504,
-35763712,
-39385688,
-56588416,
-65304996,
-60047008,
-39334120,
-50850216,
-38559276,
-39785024,
-30167538,
-47531672,
-41408052,
-21243048,
-46412708,
-51696132,
-37889924,
-27800942,
-30602576,
-82163088,
-54048248,
-15233864,
-39863660,
-33366974,
-43366200,
-7975306,
-11061206,
-46983396,
-31317900,
-14234713,
-18788828,
13608021,
23852088,
9209723,
-13289953,
-37806500,
-36042640,
-5264327,
-39671216,
-36002236,
-22336756,
-24804304,
-32199768,
-35982344,
-51994168,
-43404320,
-1757031,
-20622782,
-31074140,
-46649848,
-47837896,
-20670534,
5952584,
-16505223,
25246068,
-8517453,
-11772886,
-8275502,
6569900,
2363848,
988692,
28182136,
39028756,
-14195957,
-12828360,
-20504376,
4955751,
2651355,
14448303,
23214280,
39669996,
-23608596,
5212218,
-25826510,
-10224322,
-9084423,
11949432,
1725068,
50010856,
-3236842,
-1703943,
-35622952,
-4537252,
11319079,
10287083,
-40188044,
38268152,
17587030,
-19658298,
-56715156,
-2476122,
41332460,
30011012,
-70647184,
27553276,
7563295,
-20060356,
-22643256,
-7792805,
59599108,
19789968,
-87940128,
10557947,
4041162,
-20945580,
-18995468,
-18310944,
42822328,
15558433,
-62869512,
8971674,
9055940,
2347167,
5603888,
-12094929,
10760177,
13970416,
-26772016,
41755496,
48175720,
42424552,
41702768,
57069384,
37714312,
41034228,
54184512,
50259952,
73917752,
89506560,
73592768,
95805024,
89443904,
91631856,
95627656,
35710440,
82690704,
85712408,
72894048,
53886916,
54054596,
80799672,
80708368,
54769680,
94022784,
90811224,
98096784,
48048288,
64245684,
78439272,
62605272,
54408512,
78659216,
71177712,
62426264,
54678324,
93083528,
93319120,
42455144,
30384942,
67774968,
72101096,
76407600,
60234560,
31854736,
43053104,
26399280,
35791548,
67981888,
70097512,
77992608,
73928416,
18513702,
-3139931,
548370,
23522026,
39737000,
37732968,
49016020,
75249152,
49263840,
13987036,
5405038,
-23574046,
-52173604,
-20873178,
-48861832,
-63659584,
-19617910,
-45573992,
-21341056,
-17518238,
-53225024,
-4908957,
-52908080,
-58528640,
-16014898,
-47580360,
-54734520,
-5929827,
-29023584,
2057196,
-41373088,
-38270916,
2143258,
-47644832,
-41561568,
1905719,
-26650064,
4326703,
-35153664,
-25697290,
-3138751,
-54781152,
-57939156,
-2215480,
-58259528,
-31737522,
-36394600,
-19755890,
-31610098,
-70575744,
-88219088,
-11479601,
-61402112,
-63199000,
-30096396,
-33700208,
-53405032,
-84244808,
-93538000,
-31315002,
-61685244,
-50381044,
-27915118,
3154839,
-58167624,
-66385004,
-98798312,
-31630794,
-22798892,
-44178632,
-40524264,
-19529386,
-29357924,
-37083800,
-66920292,
-30972342,
-35872072,
-29436324,
-34472536,
-36199768,
-30144128,
-53181780,
-30883792,
-51441508,
-55884712,
-44525896,
-33356464,
-41491096,
-61102832,
-66454076,
-56781928,
-46226856,
-47665872,
-43223528,
-36083304,
-30692370,
-38472304,
-43076924,
-17202712,
-48349164,
-50731848,
-40833712,
-27724942,
-44265892,
-77734304,
-62619508,
-13493770,
-44438988,
-35998752,
-41870776,
-8375475,
-16470860,
-51141720,
-31140406,
-11074666,
-26932208,
13278896,
18850640,
4209412,
-9365332,
-37078508,
-34000068,
-8224931,
-43108944,
-36992600,
-20068452,
-20189418,
-35793560,
-40404080,
-54699708,
-43902084,
-6504917,
-22825380,
-38858456,
-47510040,
-52745808,
-27668732,
1802583,
-19851336,
27467206,
6989385,
-5817519,
-12408833,
15734652,
9015044,
10905547,
-7491091,
38377172,
-1657768,
-13327417,
-9102515,
19489568,
-11097728,
-5565425,
-14738025,
31692548,
2447256,
-3290422,
1824537,
24620648,
3556151,
-39893140,
-18180340,
38469632,
-916698,
-7795348,
2534291,
19306346,
20630064,
-42337732,
-19736172,
21518912,
-4013531,
-7596132,
-5867919,
4958895,
18440364,
-25933518,
-36286648,
20170404,
-3779090,
-4573100,
8095643,
-8986421,
9842593,
-18714552,
-37434812,
15726459,
1655640,
32572596,
26669138,
-15474990,
-22881530,
-49779356,
-45861912,
18876144,
-3857695,
-4761412,
-5434784,
-11203634,
-15750268,
-29848034,
-28869976,
52107616,
110634584,
84391608,
66667684,
79317256,
74261152,
68145184,
28138398,
45311360,
73357384,
69613144,
101879496,
87587256,
92427848,
62793208,
33969512,
55132892,
95832520,
91000744,
79999400,
82895064,
76716952,
77139704,
24304136,
49684960,
98209392,
76245472,
55100192,
58044104,
62632900,
106291096,
50257196,
28703268,
37563008,
41998568,
49332552,
24691928,
53903832,
67092280,
43277592,
12324092,
16546275,
38070780,
62671868,
63382744,
29577756,
-9326621,
-26240810,
35162256,
64970492,
51847772,
73637560,
78356912,
30727846,
10548032,
-6551682,
-17146224,
-31181614,
-25745144,
-26060510,
-30384400,
-28743498,
-47257064,
-34684628,
20727876,
-669514,
12430937,
37820416,
-9547522,
7973320,
-664818,
-4295583,
35205200,
30658918,
46534648,
53955856,
15872752,
24746872,
21226600,
-1043779,
25397758,
20156496,
40951216,
25728528,
6886010,
25666582,
6969275,
-3473696,
41835984,
20784694,
28739804,
26528656,
24520386,
28808248,
-17020188,
-18027654,
36733712,
14126509,
34520492,
26150866,
33614792,
20473490,
-40206992,
-26331710,
44892392,
16384628,
36970464,
7872789,
18990574,
6760835,
-54704928,
-21866008,
24264796,
16426507,
11056458,
2965633,
31623522,
31670888,
-23761864,
-30011492,
33359282,
20829070,
5371358,
10012428,
37395680,
47315840,
28237060,
7236626,
-64977008,
-99596128,
-76537904,
-78680272,
-87320224,
-68229200,
-91132552,
-53613044,
-55143236,
-81292624,
-51933208,
-61852212,
-73903160,
-40174076,
-57972956,
-39301984,
-61907912,
-95076232,
-56918268,
-62789752,
-56614288,
-48035824,
-51601092,
-32357616,
-66011548,
-69124448,
-40309220,
-23674566,
-30116910,
-35002824,
-46878364,
-31854732,
-52439348,
-45476372,
-17479618,
-13171780,
-19267836,
-29402508,
-32736940,
-25047574,
-45855532,
-42207156,
-40982472,
-24981964,
-46641912,
-39784368,
-22095886,
-11137445,
-44009296,
-47816640,
-23603072,
-48463504,
-21350566,
-36143084,
-22956614,
-22322824,
-7165592,
-36276096,
-16427263,
-25070770,
11495190,
-5912537,
-9158244,
-9998131,
