# 661 (shape [1, 8, 8, 8]),
1020,
-12495,
-23715,
-3570,
-17850,
-36720,
-19125,
7140,
33150,
10960,
-46920,
-8415,
-32385,
2550,
-28305,
22695,
-24735,
24480,
-69102,
-41478,
-31110,
-7650,
-20145,
-24735,
18105,
-17340,
14090,
-60623,
29835,
-12240,
-32130,
13602,
95,
-32895,
-3315,
-35190,
-40800,
-38250,
-34935,
22252,
-16407,
6120,
7395,
8670,
-26168,
8160,
31620,
12750,
13865,
2550,
-765,
17850,
30600,
15555,
20910,
32700,
15555,
8599,
6503,
-13596,
1495,
48260,
6120,
0,
510,
-31875,
-32130,
-31875,
-33405,
-30855,
-6375,
8670,
16830,
-45871,
-32895,
-41055,
-8670,
-62730,
-23460,
2295,
-11220,
8670,
-35127,
-49224,
-39015,
-52530,
-17085,
-48960,
13770,
-46410,
-85610,
-70822,
21420,
-81600,
-64260,
-47184,
-14375,
-54825,
-44115,
-25500,
-18105,
-45900,
-47685,
-41497,
-13065,
-48450,
-15555,
-20145,
-51763,
-58140,
-48195,
-60690,
-16160,
-66555,
-2805,
-30090,
-17085,
-14790,
-33915,
-61334,
4590,
-26713,
32518,
13311,
4590,
-13190,
-24480,
-22185,
-37740,
-86190,
-56100,
-81855,
-57885,
-61710,
-73695,
-51000,
-23205,
2177,
-31110,
-47685,
-23715,
-54060,
-62730,
-31365,
-51765,
-70635,
-53271,
-71517,
-31875,
-61200,
-22440,
-59415,
-41055,
-35190,
-46637,
-42200,
-24225,
-56610,
-38250,
21303,
-26771,
-63240,
-52785,
-21420,
-45900,
-69870,
-61710,
-29960,
13833,
-60435,
-91035,
-32640,
-52793,
-91035,
-70125,
-20910,
-33401,
-19380,
-26520,
-38760,
-69870,
-76755,
-86190,
-5198,
-6120,
-30161,
-38285,
-18540,
-549,
-41792,
-38760,
-38505,
42840,
79305,
92565,
80325,
93585,
72930,
81600,
51255,
-46155,
-35156,
29325,
32640,
16575,
21930,
40290,
50745,
33915,
37995,
58032,
22305,
6630,
16065,
12495,
43095,
-3570,
30855,
19452,
44114,
40290,
54825,
51765,
26640,
14410,
42330,
28050,
60945,
54315,
37740,
9435,
47174,
-258,
59670,
74970,
64515,
40127,
39015,
22695,
30345,
7780,
42585,
2550,
19890,
31365,
39015,
33150,
27571,
-18615,
6215,
42667,
13893,
11920,
22257,
2295,
28050,
5355,
83895,
96135,
57375,
21675,
28305,
8160,
71145,
41055,
92156,
92820,
96390,
98685,
61710,
56610,
66045,
-24225,
81600,
40530,
81023,
125970,
64260,
102510,
86700,
26520,
49980,
75379,
43860,
48960,
98685,
70380,
61133,
85280,
58905,
115770,
64770,
53805,
44115,
84150,
119850,
56798,
81600,
74715,
66045,
8535,
97665,
124440,
89505,
59780,
60180,
18360,
87465,
83130,
59925,
75480,
85829,
41310,
127687,
62862,
56355,
59642,
55489,
38760,
7905,
58140,
55080,
52275,
69105,
52530,
48195,
52785,
33150,
-13260,
62443,
72930,
57120,
61965,
34680,
54315,
46155,
49725,
40545,
-639,
10595,
35190,
25245,
-14025,
19125,
-4335,
45135,
34607,
29270,
26010,
17850,
37740,
19775,
41248,
-9690,
15555,
36975,
53295,
41565,
26520,
-17140,
-7135,
21675,
24990,
9435,
82718,
-3060,
-12495,
-39015,
-8732,
39525,
31875,
32895,
39270,
13260,
-8670,
-1240,
11730,
25848,
40375,
5490,
59730,
19562,
39525,
40035,
63750,
78285,
48450,
37485,
105060,
78030,
82110,
105060,
94605,
48738,
74460,
81600,
107865,
62985,
74970,
95880,
52785,
54060,
56598,
54042,
55080,
58650,
57630,
63240,
138720,
31620,
29612,
70823,
45900,
53550,
58395,
91527,
113419,
63240,
81345,
59415,
47175,
51765,
54825,
43028,
65946,
49725,
24990,
70635,
45646,
74460,
78795,
47685,
58339,
54315,
77520,
32640,
13770,
46920,
59670,
67861,
40800,
40135,
36304,
10281,
2356,
25022,
9945,
35190,
-126990,
-93330,
-87720,
-83385,
-112965,
-98685,
-98175,
-61965,
23460,
-35035,
-21675,
-19890,
-13515,
-37995,
-26010,
-95115,
-57120,
-44370,
-79887,
-19404,
-29835,
-25245,
30600,
-45390,
24735,
-61200,
-87561,
-65435,
-28560,
-73695,
-69360,
-1809,
-46639,
-94095,
-74205,
-25755,
-10710,
10965,
-45645,
-42995,
-8634,
-68850,
-31110,
-91545,
-56862,
-21420,
2040,
-13770,
-6604,
-35190,
-5610,
14790,
-11730,
-21930,
-12495,
13923,
11730,
13482,
862,
42270,
6602,
35604,
6375,
-30855,
