# stage2.refine.conv.bias (shape [32], dtype float32),
9555.00000000,
6890.00000000,
13276.00000000,
6964.00000000,
4528.00000000,
-2379.00000000,
8946.00000000,
-1164.00000000,
14954.00000000,
1610.00000000,
2378.00000000,
9676.00000000,
-902.00000000,
8945.00000000,
8763.00000000,
-1589.00000000,
1069.00000000,
7370.00000000,
-2550.00000000,
-2144.00000000,
7701.00000000,
10060.00000000,
7733.00000000,
317.00000000,
9822.00000000,
3554.00000000,
-3744.00000000,
6241.00000000,
2695.00000000,
15331.00000000,
-4431.00000000,
-3989.00000000,
