# stage2.downsample.conv.bias (shape [32], dtype float32),
-607.00000000,
3094.00000000,
5758.00000000,
316.00000000,
2293.00000000,
8297.00000000,
2643.00000000,
4459.00000000,
4113.00000000,
-6055.00000000,
-340.00000000,
-585.00000000,
361.00000000,
6593.00000000,
-2992.00000000,
-3307.00000000,
1837.00000000,
5172.00000000,
9555.00000000,
-1281.00000000,
7568.00000000,
1516.00000000,
-5038.00000000,
2554.00000000,
-79.00000000,
2129.00000000,
1374.00000000,
7490.00000000,
457.00000000,
676.00000000,
3468.00000000,
5622.00000000,
