# stage3.refine.conv.bias (shape [48], dtype float32),
-3496.00000000,
-11227.00000000,
-1581.00000000,
-4336.00000000,
-6889.00000000,
-3564.00000000,
2677.00000000,
1996.00000000,
-6620.00000000,
-6643.00000000,
41.00000000,
6245.00000000,
-4335.00000000,
-5625.00000000,
6770.00000000,
-4939.00000000,
43.00000000,
2138.00000000,
3067.00000000,
-322.00000000,
-4417.00000000,
-605.00000000,
-4643.00000000,
-935.00000000,
-1613.00000000,
-8880.00000000,
-1487.00000000,
-6882.00000000,
3126.00000000,
-1959.00000000,
868.00000000,
6494.00000000,
1175.00000000,
-6814.00000000,
1226.00000000,
4644.00000000,
-1884.00000000,
365.00000000,
-12965.00000000,
1237.00000000,
-4508.00000000,
-4128.00000000,
953.00000000,
-9344.00000000,
4024.00000000,
-13735.00000000,
-3995.00000000,
3167.00000000,
