# stage3.downsample.conv.bias (shape [48], dtype float32),
7759.00000000,
-5331.00000000,
853.00000000,
9937.00000000,
-7191.00000000,
10363.00000000,
1808.00000000,
-9460.00000000,
580.00000000,
-6005.00000000,
3815.00000000,
-4680.00000000,
4359.00000000,
1988.00000000,
3519.00000000,
-643.00000000,
-6702.00000000,
1390.00000000,
-3592.00000000,
2256.00000000,
142.00000000,
-4496.00000000,
8522.00000000,
-1104.00000000,
2265.00000000,
-5922.00000000,
-3755.00000000,
1957.00000000,
-7340.00000000,
-498.00000000,
183.00000000,
8885.00000000,
8836.00000000,
-4633.00000000,
-6429.00000000,
3224.00000000,
2981.00000000,
1219.00000000,
-2987.00000000,
6767.00000000,
-1692.00000000,
-7060.00000000,
631.00000000,
507.00000000,
-5581.00000000,
7473.00000000,
-196.00000000,
10138.00000000,
