# backbone.stage0.2.conv.1.1.lamda (shape [1, 48, 1, 1], dtype float32),
6843.00000000,
11439.00000000,
-1847.00000000,
17233.00000000,
-13997.00000000,
209.00000000,
23501.00000000,
-5332.00000000,
9851.00000000,
-2018.00000000,
-3811.00000000,
-4502.00000000,
-4032.00000000,
-6171.00000000,
-3780.00000000,
9055.00000000,
-13360.00000000,
-6862.00000000,
1923.00000000,
-7579.00000000,
-4135.00000000,
-14115.00000000,
7881.00000000,
28282.00000000,
-470.00000000,
31351.00000000,
31100.00000000,
-18076.00000000,
-18144.00000000,
33274.00000000,
1459.00000000,
-1449.00000000,
-22697.00000000,
-3901.00000000,
-17170.00000000,
-2078.00000000,
19269.00000000,
29481.00000000,
2723.00000000,
20648.00000000,
5030.00000000,
-706.00000000,
-16771.00000000,
-7626.00000000,
21680.00000000,
-4049.00000000,
20095.00000000,
18542.00000000,
