# backbone.stage1.2.conv.1.1.kappa (shape [1, 48, 1, 1], dtype float32),
2048.00000000,
1056.00000000,
1004.00000000,
1068.00000000,
660.00000000,
1069.00000000,
1590.00000000,
1066.00000000,
724.00000000,
967.00000000,
807.00000000,
1254.00000000,
1195.00000000,
979.00000000,
1706.00000000,
726.00000000,
1173.00000000,
1210.00000000,
872.00000000,
1087.00000000,
1932.00000000,
1028.00000000,
957.00000000,
976.00000000,
1189.00000000,
1209.00000000,
1539.00000000,
1345.00000000,
1718.00000000,
1325.00000000,
1513.00000000,
852.00000000,
1367.00000000,
820.00000000,
1260.00000000,
905.00000000,
1585.00000000,
1101.00000000,
1860.00000000,
1094.00000000,
709.00000000,
573.00000000,
917.00000000,
944.00000000,
1655.00000000,
893.00000000,
1525.00000000,
937.00000000,
