# backbone.stage1.1.conv.0.1.kappa (shape [1, 48, 1, 1], dtype float32),
1562.00000000,
1025.00000000,
1538.00000000,
1109.00000000,
1620.00000000,
902.00000000,
910.00000000,
1527.00000000,
1427.00000000,
1363.00000000,
1297.00000000,
1314.00000000,
970.00000000,
1357.00000000,
1380.00000000,
988.00000000,
1716.00000000,
1397.00000000,
1754.00000000,
994.00000000,
1610.00000000,
731.00000000,
1050.00000000,
801.00000000,
1465.00000000,
1231.00000000,
1267.00000000,
907.00000000,
1435.00000000,
899.00000000,
1094.00000000,
1222.00000000,
1153.00000000,
1573.00000000,
1982.00000000,
1683.00000000,
1509.00000000,
1492.00000000,
1110.00000000,
1267.00000000,
1522.00000000,
1719.00000000,
1652.00000000,
698.00000000,
1330.00000000,
2048.00000000,
1195.00000000,
879.00000000,
