# backbone.stage2.1.conv.1.1.lamda (shape [1, 48, 1, 1], dtype float32),
-8837.00000000,
13576.00000000,
1049.00000000,
10.00000000,
11957.00000000,
-1431.00000000,
-8394.00000000,
-8207.00000000,
-3748.00000000,
-16161.00000000,
12433.00000000,
15107.00000000,
-7118.00000000,
27.00000000,
7483.00000000,
13047.00000000,
6809.00000000,
-12378.00000000,
-4866.00000000,
-2869.00000000,
17017.00000000,
9744.00000000,
398.00000000,
-3850.00000000,
7087.00000000,
-2209.00000000,
11766.00000000,
-5153.00000000,
15696.00000000,
-11160.00000000,
7201.00000000,
16472.00000000,
-12199.00000000,
18550.00000000,
-787.00000000,
-4338.00000000,
-5531.00000000,
-12808.00000000,
-6982.00000000,
13878.00000000,
14092.00000000,
-2484.00000000,
12547.00000000,
4955.00000000,
413.00000000,
-18.00000000,
5662.00000000,
2617.00000000,
