# backbone.stage3.0.conv.1.1.lamda (shape [1, 96, 1, 1], dtype float32),
7384.00000000,
-7073.00000000,
6916.00000000,
9706.00000000,
11235.00000000,
-12575.00000000,
7288.00000000,
-6458.00000000,
-4872.00000000,
12393.00000000,
5441.00000000,
22591.00000000,
-9303.00000000,
-5823.00000000,
-8175.00000000,
11532.00000000,
12907.00000000,
12317.00000000,
-15061.00000000,
-4960.00000000,
6811.00000000,
9216.00000000,
-11809.00000000,
3261.00000000,
-9125.00000000,
-6053.00000000,
8637.00000000,
-13497.00000000,
224.00000000,
12786.00000000,
-1483.00000000,
17697.00000000,
13978.00000000,
16874.00000000,
13823.00000000,
-10777.00000000,
10140.00000000,
-11413.00000000,
6080.00000000,
11317.00000000,
11468.00000000,
10478.00000000,
-9973.00000000,
-13949.00000000,
17136.00000000,
-4294.00000000,
14603.00000000,
11415.00000000,
14921.00000000,
-5457.00000000,
-15786.00000000,
-6072.00000000,
3800.00000000,
-1829.00000000,
6325.00000000,
-11181.00000000,
17371.00000000,
12926.00000000,
-3417.00000000,
18506.00000000,
-8777.00000000,
-5779.00000000,
-4075.00000000,
14026.00000000,
-1466.00000000,
15618.00000000,
-5727.00000000,
6641.00000000,
13662.00000000,
10353.00000000,
-11723.00000000,
8852.00000000,
-12138.00000000,
22025.00000000,
-12960.00000000,
6107.00000000,
-9283.00000000,
2456.00000000,
-1768.00000000,
-6047.00000000,
-9888.00000000,
-9528.00000000,
9372.00000000,
-14564.00000000,
-7021.00000000,
-12149.00000000,
10615.00000000,
14662.00000000,
2646.00000000,
8081.00000000,
-12312.00000000,
11327.00000000,
-14785.00000000,
-12648.00000000,
-12285.00000000,
13360.00000000,
