# backbone.stage2.1.conv.1.1.kappa (shape [1, 48, 1, 1], dtype float32),
607.00000000,
841.00000000,
1355.00000000,
967.00000000,
1188.00000000,
1577.00000000,
1122.00000000,
985.00000000,
1588.00000000,
1138.00000000,
2047.00000000,
1162.00000000,
1213.00000000,
967.00000000,
1057.00000000,
852.00000000,
954.00000000,
1533.00000000,
1252.00000000,
1252.00000000,
1663.00000000,
1038.00000000,
1117.00000000,
714.00000000,
973.00000000,
920.00000000,
1133.00000000,
960.00000000,
1718.00000000,
1014.00000000,
992.00000000,
1406.00000000,
1061.00000000,
1034.00000000,
1660.00000000,
1469.00000000,
1856.00000000,
1757.00000000,
1247.00000000,
742.00000000,
1029.00000000,
932.00000000,
1352.00000000,
989.00000000,
928.00000000,
852.00000000,
895.00000000,
1302.00000000,
