# backbone.stage1.0.conv.1.1.lamda (shape [1, 48, 1, 1], dtype float32),
-2764.00000000,
-3950.00000000,
-29646.00000000,
-16200.00000000,
11069.00000000,
-27875.00000000,
32023.00000000,
14272.00000000,
26417.00000000,
-9189.00000000,
-29781.00000000,
-11297.00000000,
-14514.00000000,
-19863.00000000,
23091.00000000,
23362.00000000,
-836.00000000,
26274.00000000,
-9222.00000000,
36788.00000000,
15544.00000000,
36483.00000000,
-26056.00000000,
30157.00000000,
-23380.00000000,
25880.00000000,
2474.00000000,
41757.00000000,
-10257.00000000,
-17501.00000000,
17086.00000000,
31806.00000000,
-20330.00000000,
-28369.00000000,
-9448.00000000,
-10180.00000000,
-8475.00000000,
-22380.00000000,
-27322.00000000,
21945.00000000,
-23432.00000000,
20394.00000000,
-7858.00000000,
18276.00000000,
-5006.00000000,
-26823.00000000,
19070.00000000,
30393.00000000,
