# backbone.stage0.3.conv.1.1.lamda (shape [1, 48, 1, 1], dtype float32),
-8088.00000000,
-6051.00000000,
10764.00000000,
9924.00000000,
-7096.00000000,
10160.00000000,
13919.00000000,
9927.00000000,
-1356.00000000,
-6101.00000000,
5153.00000000,
-17254.00000000,
6725.00000000,
24546.00000000,
-190.00000000,
33850.00000000,
12345.00000000,
-9167.00000000,
9999.00000000,
27071.00000000,
-616.00000000,
-138.00000000,
-15453.00000000,
20970.00000000,
7562.00000000,
-33006.00000000,
16555.00000000,
30013.00000000,
5476.00000000,
4321.00000000,
11688.00000000,
-5919.00000000,
-5562.00000000,
26227.00000000,
25601.00000000,
6960.00000000,
-31386.00000000,
-9017.00000000,
7585.00000000,
-1708.00000000,
-230.00000000,
-7652.00000000,
-9472.00000000,
-16641.00000000,
-3154.00000000,
26025.00000000,
15962.00000000,
9675.00000000,
