# backbone.stage2.4.conv.0.1.lamda (shape [1, 48, 1, 1], dtype float32),
5542.00000000,
-7181.00000000,
19926.00000000,
2734.00000000,
10859.00000000,
19516.00000000,
127.00000000,
-6779.00000000,
6887.00000000,
10946.00000000,
27318.00000000,
5578.00000000,
-13191.00000000,
8243.00000000,
7631.00000000,
8654.00000000,
-18719.00000000,
1050.00000000,
-4603.00000000,
27400.00000000,
296.00000000,
-5211.00000000,
5019.00000000,
10626.00000000,
287.00000000,
12517.00000000,
8145.00000000,
26181.00000000,
18331.00000000,
10263.00000000,
13634.00000000,
-41042.00000000,
1303.00000000,
-5964.00000000,
-1569.00000000,
11757.00000000,
-3271.00000000,
-84.00000000,
321.00000000,
5243.00000000,
4264.00000000,
-1134.00000000,
6779.00000000,
-2427.00000000,
9701.00000000,
-784.00000000,
2933.00000000,
3972.00000000,
