# backbone.stage3.1.conv.1.1.kappa (shape [1, 96, 1, 1], dtype float32),
1429.00000000,
1639.00000000,
1295.00000000,
1572.00000000,
1764.00000000,
1242.00000000,
1188.00000000,
1150.00000000,
1841.00000000,
1058.00000000,
1291.00000000,
1185.00000000,
1174.00000000,
970.00000000,
1151.00000000,
1495.00000000,
959.00000000,
1771.00000000,
1131.00000000,
1166.00000000,
853.00000000,
1121.00000000,
1261.00000000,
1115.00000000,
868.00000000,
1237.00000000,
841.00000000,
1955.00000000,
2048.00000000,
1350.00000000,
1312.00000000,
1282.00000000,
895.00000000,
1485.00000000,
1638.00000000,
1079.00000000,
2031.00000000,
1366.00000000,
1516.00000000,
1430.00000000,
1376.00000000,
1868.00000000,
1078.00000000,
1080.00000000,
1068.00000000,
1834.00000000,
793.00000000,
1444.00000000,
1381.00000000,
1794.00000000,
994.00000000,
1421.00000000,
1342.00000000,
1070.00000000,
1841.00000000,
986.00000000,
1318.00000000,
1313.00000000,
1421.00000000,
1659.00000000,
1130.00000000,
1137.00000000,
945.00000000,
1899.00000000,
1008.00000000,
913.00000000,
1309.00000000,
1132.00000000,
1413.00000000,
1847.00000000,
1541.00000000,
1164.00000000,
987.00000000,
973.00000000,
1572.00000000,
1269.00000000,
1434.00000000,
1168.00000000,
1495.00000000,
1257.00000000,
804.00000000,
1294.00000000,
1319.00000000,
1224.00000000,
1266.00000000,
1459.00000000,
1508.00000000,
1734.00000000,
1532.00000000,
1325.00000000,
1058.00000000,
1167.00000000,
1275.00000000,
1732.00000000,
1220.00000000,
1244.00000000,
