# backbone.stage0.2.conv.0.1.lamda (shape [1, 48, 1, 1], dtype float32),
67404.00000000,
-104355.00000000,
44269.00000000,
-49130.00000000,
-60199.00000000,
90727.00000000,
2531.00000000,
-81189.00000000,
113950.00000000,
-12316.00000000,
-17022.00000000,
18849.00000000,
-20738.00000000,
21256.00000000,
80996.00000000,
98917.00000000,
-11177.00000000,
65358.00000000,
73284.00000000,
76153.00000000,
88101.00000000,
-99504.00000000,
-49117.00000000,
-12386.00000000,
124981.00000000,
-5112.00000000,
47110.00000000,
-49736.00000000,
10825.00000000,
-105954.00000000,
19255.00000000,
117302.00000000,
-34324.00000000,
31185.00000000,
66881.00000000,
108166.00000000,
21815.00000000,
101128.00000000,
61003.00000000,
-2979.00000000,
121099.00000000,
65552.00000000,
-37781.00000000,
98735.00000000,
-21966.00000000,
34183.00000000,
90256.00000000,
127783.00000000,
