# backbone.stage3.2.conv.0.1.lamda (shape [1, 96, 1, 1], dtype float32),
-298.00000000,
702.00000000,
-1296.00000000,
-451.00000000,
603.00000000,
2532.00000000,
323.00000000,
-1248.00000000,
3.00000000,
490.00000000,
209.00000000,
144.00000000,
1801.00000000,
720.00000000,
-1026.00000000,
788.00000000,
-517.00000000,
524.00000000,
476.00000000,
-222.00000000,
760.00000000,
445.00000000,
882.00000000,
552.00000000,
887.00000000,
1114.00000000,
-909.00000000,
366.00000000,
-1656.00000000,
-610.00000000,
47.00000000,
421.00000000,
3604.00000000,
-1287.00000000,
2327.00000000,
-834.00000000,
-544.00000000,
-1205.00000000,
954.00000000,
-1123.00000000,
122.00000000,
-588.00000000,
-1700.00000000,
374.00000000,
2045.00000000,
-1974.00000000,
653.00000000,
728.00000000,
283.00000000,
1064.00000000,
-488.00000000,
-293.00000000,
-20.00000000,
-46.00000000,
18.00000000,
1381.00000000,
716.00000000,
-89.00000000,
1125.00000000,
111.00000000,
12.00000000,
622.00000000,
-50.00000000,
940.00000000,
1820.00000000,
2694.00000000,
2435.00000000,
263.00000000,
-1862.00000000,
671.00000000,
-154.00000000,
-1040.00000000,
1329.00000000,
-323.00000000,
1283.00000000,
-553.00000000,
-1155.00000000,
19.00000000,
-1325.00000000,
-1685.00000000,
-1387.00000000,
1245.00000000,
433.00000000,
347.00000000,
-453.00000000,
-294.00000000,
1718.00000000,
62.00000000,
1237.00000000,
12.00000000,
-1202.00000000,
-14.00000000,
974.00000000,
1639.00000000,
243.00000000,
-494.00000000,
