# backbone.stage3.3.conv.3.lamda (shape [1, 32, 1, 1], dtype float32),
145265.00000000,
28600.00000000,
54637.00000000,
-140969.00000000,
-246635.00000000,
-253722.00000000,
155356.00000000,
14180.00000000,
127861.00000000,
-44841.00000000,
20047.00000000,
58655.00000000,
23194.00000000,
65100.00000000,
-8797.00000000,
-12100.00000000,
185936.00000000,
-68143.00000000,
-40957.00000000,
52536.00000000,
210127.00000000,
-268354.00000000,
-51766.00000000,
-15327.00000000,
-57910.00000000,
-68790.00000000,
17593.00000000,
-23393.00000000,
-41451.00000000,
-154057.00000000,
-159056.00000000,
142562.00000000,
