# backbone.stage2.1.conv.0.1.lamda (shape [1, 48, 1, 1], dtype float32),
4158.00000000,
1894.00000000,
-2716.00000000,
-1543.00000000,
-2117.00000000,
2379.00000000,
2530.00000000,
-231.00000000,
-1703.00000000,
8841.00000000,
1211.00000000,
13984.00000000,
5564.00000000,
516.00000000,
1737.00000000,
-3006.00000000,
-940.00000000,
-392.00000000,
4540.00000000,
2744.00000000,
3158.00000000,
-496.00000000,
676.00000000,
1874.00000000,
-621.00000000,
-100.00000000,
-182.00000000,
-624.00000000,
1782.00000000,
247.00000000,
1876.00000000,
3048.00000000,
-179.00000000,
424.00000000,
5370.00000000,
260.00000000,
417.00000000,
242.00000000,
-969.00000000,
4396.00000000,
6828.00000000,
975.00000000,
1816.00000000,
-578.00000000,
8447.00000000,
-233.00000000,
-2102.00000000,
4045.00000000,
