# backbone.stage3.1.conv.0.1.kappa (shape [1, 96, 1, 1], dtype float32),
1035.00000000,
1268.00000000,
587.00000000,
901.00000000,
782.00000000,
951.00000000,
985.00000000,
1468.00000000,
683.00000000,
975.00000000,
907.00000000,
966.00000000,
704.00000000,
1004.00000000,
746.00000000,
1004.00000000,
1045.00000000,
1254.00000000,
775.00000000,
1461.00000000,
1301.00000000,
1130.00000000,
715.00000000,
973.00000000,
1090.00000000,
1118.00000000,
832.00000000,
1452.00000000,
1056.00000000,
1049.00000000,
1616.00000000,
936.00000000,
1043.00000000,
508.00000000,
1056.00000000,
603.00000000,
760.00000000,
1022.00000000,
1007.00000000,
1053.00000000,
771.00000000,
1840.00000000,
888.00000000,
887.00000000,
778.00000000,
895.00000000,
1027.00000000,
944.00000000,
1353.00000000,
984.00000000,
681.00000000,
796.00000000,
733.00000000,
872.00000000,
989.00000000,
1300.00000000,
2048.00000000,
804.00000000,
868.00000000,
1014.00000000,
1536.00000000,
1405.00000000,
1109.00000000,
521.00000000,
921.00000000,
904.00000000,
670.00000000,
1104.00000000,
1440.00000000,
1016.00000000,
1245.00000000,
825.00000000,
1005.00000000,
1678.00000000,
1281.00000000,
988.00000000,
963.00000000,
820.00000000,
1587.00000000,
959.00000000,
1316.00000000,
759.00000000,
654.00000000,
588.00000000,
831.00000000,
757.00000000,
1533.00000000,
697.00000000,
846.00000000,
899.00000000,
1688.00000000,
622.00000000,
737.00000000,
1564.00000000,
908.00000000,
1235.00000000,
