# backbone.stage3.3.conv.0.1.lamda (shape [1, 96, 1, 1], dtype float32),
-672.00000000,
4428.00000000,
1828.00000000,
1160.00000000,
176.00000000,
952.00000000,
-794.00000000,
1773.00000000,
758.00000000,
754.00000000,
3264.00000000,
532.00000000,
3018.00000000,
635.00000000,
1293.00000000,
-2716.00000000,
361.00000000,
-93.00000000,
3192.00000000,
320.00000000,
495.00000000,
-1219.00000000,
742.00000000,
2061.00000000,
7448.00000000,
1489.00000000,
-3161.00000000,
4905.00000000,
-204.00000000,
-531.00000000,
5240.00000000,
53.00000000,
947.00000000,
-407.00000000,
3846.00000000,
2570.00000000,
2169.00000000,
-1103.00000000,
370.00000000,
1920.00000000,
3996.00000000,
6279.00000000,
743.00000000,
747.00000000,
341.00000000,
1283.00000000,
-847.00000000,
2306.00000000,
166.00000000,
1534.00000000,
3357.00000000,
1610.00000000,
2625.00000000,
2543.00000000,
-352.00000000,
1110.00000000,
1917.00000000,
-1711.00000000,
4632.00000000,
-673.00000000,
-515.00000000,
1409.00000000,
468.00000000,
68.00000000,
-329.00000000,
-759.00000000,
3395.00000000,
-86.00000000,
765.00000000,
-1043.00000000,
2248.00000000,
759.00000000,
-438.00000000,
1366.00000000,
1996.00000000,
13.00000000,
-981.00000000,
4928.00000000,
157.00000000,
294.00000000,
225.00000000,
2138.00000000,
1009.00000000,
469.00000000,
411.00000000,
811.00000000,
1446.00000000,
-431.00000000,
-2885.00000000,
189.00000000,
787.00000000,
-1756.00000000,
821.00000000,
1587.00000000,
1375.00000000,
-2010.00000000,
