# backbone.stage3.4.1.kappa (shape [1, 128, 1, 1], dtype float32),
1028.00000000,
1553.00000000,
890.00000000,
1127.00000000,
1243.00000000,
1564.00000000,
1481.00000000,
1261.00000000,
1388.00000000,
1392.00000000,
1219.00000000,
1063.00000000,
1010.00000000,
1320.00000000,
1227.00000000,
1579.00000000,
985.00000000,
1108.00000000,
1580.00000000,
1568.00000000,
994.00000000,
910.00000000,
1321.00000000,
1299.00000000,
978.00000000,
983.00000000,
1460.00000000,
1798.00000000,
1214.00000000,
952.00000000,
1102.00000000,
949.00000000,
1322.00000000,
1132.00000000,
1160.00000000,
912.00000000,
1917.00000000,
1200.00000000,
1030.00000000,
1055.00000000,
1047.00000000,
1021.00000000,
1227.00000000,
1398.00000000,
1428.00000000,
1091.00000000,
1260.00000000,
1196.00000000,
1025.00000000,
2027.00000000,
1304.00000000,
922.00000000,
1672.00000000,
1458.00000000,
1082.00000000,
1116.00000000,
1213.00000000,
1421.00000000,
1067.00000000,
943.00000000,
1315.00000000,
1661.00000000,
908.00000000,
1594.00000000,
775.00000000,
853.00000000,
1365.00000000,
1073.00000000,
1811.00000000,
1576.00000000,
1562.00000000,
1842.00000000,
1478.00000000,
1406.00000000,
1629.00000000,
1437.00000000,
1159.00000000,
1052.00000000,
1798.00000000,
1716.00000000,
1084.00000000,
1615.00000000,
1258.00000000,
1475.00000000,
700.00000000,
1806.00000000,
1057.00000000,
953.00000000,
1152.00000000,
1224.00000000,
1910.00000000,
1058.00000000,
1032.00000000,
1668.00000000,
1111.00000000,
1186.00000000,
1517.00000000,
846.00000000,
1973.00000000,
1140.00000000,
1193.00000000,
1202.00000000,
1125.00000000,
1209.00000000,
1630.00000000,
1635.00000000,
1126.00000000,
1240.00000000,
1344.00000000,
1641.00000000,
1198.00000000,
874.00000000,
1550.00000000,
1784.00000000,
1525.00000000,
1006.00000000,
1025.00000000,
1351.00000000,
1600.00000000,
993.00000000,
2048.00000000,
1209.00000000,
1424.00000000,
1769.00000000,
910.00000000,
1242.00000000,
915.00000000,
1039.00000000,
