# backbone.stage2.6.conv.1.1.kappa (shape [1, 96, 1, 1], dtype float32),
1320.00000000,
991.00000000,
1266.00000000,
1050.00000000,
884.00000000,
559.00000000,
744.00000000,
1261.00000000,
1126.00000000,
1065.00000000,
1712.00000000,
498.00000000,
1004.00000000,
1081.00000000,
851.00000000,
1048.00000000,
1346.00000000,
1216.00000000,
1543.00000000,
784.00000000,
825.00000000,
638.00000000,
626.00000000,
1114.00000000,
1369.00000000,
1087.00000000,
1578.00000000,
1189.00000000,
1256.00000000,
1043.00000000,
1928.00000000,
1114.00000000,
1233.00000000,
915.00000000,
1880.00000000,
957.00000000,
1721.00000000,
1035.00000000,
1203.00000000,
1350.00000000,
889.00000000,
1612.00000000,
846.00000000,
1063.00000000,
856.00000000,
1272.00000000,
1338.00000000,
887.00000000,
1066.00000000,
1235.00000000,
597.00000000,
1312.00000000,
899.00000000,
2048.00000000,
1658.00000000,
947.00000000,
828.00000000,
820.00000000,
847.00000000,
1001.00000000,
1281.00000000,
1081.00000000,
1073.00000000,
1495.00000000,
1592.00000000,
1046.00000000,
1612.00000000,
1034.00000000,
887.00000000,
701.00000000,
1311.00000000,
1087.00000000,
787.00000000,
897.00000000,
1103.00000000,
717.00000000,
1343.00000000,
1365.00000000,
1549.00000000,
1270.00000000,
1169.00000000,
931.00000000,
829.00000000,
683.00000000,
1359.00000000,
996.00000000,
1767.00000000,
1820.00000000,
1508.00000000,
1423.00000000,
1288.00000000,
1468.00000000,
1031.00000000,
1017.00000000,
1115.00000000,
1361.00000000,
