# backbone.stage3.0.conv.0.1.lamda (shape [1, 96, 1, 1], dtype float32),
4618.00000000,
4190.00000000,
-947.00000000,
-5415.00000000,
-38814.00000000,
7592.00000000,
44172.00000000,
-105463.00000000,
-68571.00000000,
-4838.00000000,
-23175.00000000,
44527.00000000,
-1711.00000000,
-9949.00000000,
17965.00000000,
-62892.00000000,
29061.00000000,
24415.00000000,
61578.00000000,
77869.00000000,
33691.00000000,
-553.00000000,
25345.00000000,
43632.00000000,
-13486.00000000,
-9927.00000000,
3140.00000000,
-70637.00000000,
41182.00000000,
20946.00000000,
98307.00000000,
50662.00000000,
8734.00000000,
21054.00000000,
6537.00000000,
38882.00000000,
6882.00000000,
31728.00000000,
52971.00000000,
-64274.00000000,
-3469.00000000,
5899.00000000,
-55994.00000000,
10458.00000000,
11629.00000000,
-10224.00000000,
80633.00000000,
-22726.00000000,
-70965.00000000,
-17000.00000000,
-41535.00000000,
-16138.00000000,
-21797.00000000,
-42421.00000000,
-28705.00000000,
-27400.00000000,
50662.00000000,
83737.00000000,
27366.00000000,
46247.00000000,
24174.00000000,
11352.00000000,
-2352.00000000,
25794.00000000,
-63022.00000000,
-4234.00000000,
73616.00000000,
1472.00000000,
121429.00000000,
-52301.00000000,
99271.00000000,
47146.00000000,
-7900.00000000,
-11437.00000000,
-2612.00000000,
-705.00000000,
6151.00000000,
10961.00000000,
2356.00000000,
-45043.00000000,
53931.00000000,
28579.00000000,
65824.00000000,
19473.00000000,
24488.00000000,
-78954.00000000,
2049.00000000,
-71175.00000000,
-67452.00000000,
-56908.00000000,
34492.00000000,
-21656.00000000,
-53727.00000000,
-24006.00000000,
35828.00000000,
-7022.00000000,
