# backbone.stage2.0.conv.1.1.kappa (shape [1, 48, 1, 1], dtype float32),
1124.00000000,
1102.00000000,
796.00000000,
774.00000000,
1462.00000000,
1142.00000000,
1079.00000000,
1563.00000000,
791.00000000,
1254.00000000,
1027.00000000,
1727.00000000,
1496.00000000,
1034.00000000,
1212.00000000,
1223.00000000,
1096.00000000,
1900.00000000,
1750.00000000,
1563.00000000,
1156.00000000,
1070.00000000,
985.00000000,
940.00000000,
1183.00000000,
827.00000000,
1039.00000000,
2047.00000000,
990.00000000,
1293.00000000,
1308.00000000,
620.00000000,
862.00000000,
734.00000000,
871.00000000,
1122.00000000,
1277.00000000,
940.00000000,
1193.00000000,
888.00000000,
775.00000000,
1151.00000000,
1394.00000000,
990.00000000,
1072.00000000,
1149.00000000,
1151.00000000,
1202.00000000,
