# backbone.stage3.3.conv.3.kappa (shape [1, 32, 1, 1], dtype float32),
1466.00000000,
1475.00000000,
1118.00000000,
1411.00000000,
1557.00000000,
1617.00000000,
1386.00000000,
1246.00000000,
2048.00000000,
1113.00000000,
918.00000000,
1264.00000000,
1194.00000000,
1361.00000000,
1097.00000000,
1097.00000000,
1160.00000000,
1177.00000000,
1502.00000000,
1087.00000000,
1422.00000000,
1312.00000000,
964.00000000,
1401.00000000,
1133.00000000,
1247.00000000,
1315.00000000,
982.00000000,
1469.00000000,
1058.00000000,
1345.00000000,
1085.00000000,
