# backbone.stage2.1.conv.0.1.kappa (shape [1, 48, 1, 1], dtype float32),
786.00000000,
1517.00000000,
927.00000000,
805.00000000,
1206.00000000,
601.00000000,
1001.00000000,
728.00000000,
958.00000000,
593.00000000,
679.00000000,
592.00000000,
609.00000000,
785.00000000,
996.00000000,
988.00000000,
477.00000000,
2048.00000000,
591.00000000,
969.00000000,
498.00000000,
696.00000000,
1794.00000000,
1036.00000000,
566.00000000,
590.00000000,
1584.00000000,
1215.00000000,
1396.00000000,
1146.00000000,
1331.00000000,
1298.00000000,
1295.00000000,
1402.00000000,
1292.00000000,
867.00000000,
864.00000000,
687.00000000,
971.00000000,
1383.00000000,
555.00000000,
813.00000000,
802.00000000,
899.00000000,
873.00000000,
870.00000000,
894.00000000,
859.00000000,
