# backbone.stage2.3.conv.1.1.lamda (shape [1, 48, 1, 1], dtype float32),
2808.00000000,
-6582.00000000,
-10211.00000000,
8977.00000000,
-236.00000000,
11191.00000000,
11080.00000000,
-4703.00000000,
4985.00000000,
-1329.00000000,
-1616.00000000,
-18.00000000,
-5640.00000000,
5389.00000000,
-7837.00000000,
12943.00000000,
-13550.00000000,
719.00000000,
-6491.00000000,
2475.00000000,
-7441.00000000,
19923.00000000,
10793.00000000,
-10744.00000000,
9186.00000000,
10037.00000000,
9044.00000000,
13552.00000000,
-3647.00000000,
9366.00000000,
15722.00000000,
2865.00000000,
14614.00000000,
9887.00000000,
107.00000000,
-1807.00000000,
-6649.00000000,
10167.00000000,
-1987.00000000,
4309.00000000,
-1612.00000000,
1257.00000000,
464.00000000,
14495.00000000,
4670.00000000,
-132.00000000,
16421.00000000,
1556.00000000,
