# backbone.stage3.1.conv.1.1.lamda (shape [1, 96, 1, 1], dtype float32),
5581.00000000,
-6949.00000000,
-14380.00000000,
8943.00000000,
-1523.00000000,
-15.00000000,
8830.00000000,
13836.00000000,
-5058.00000000,
5569.00000000,
-4999.00000000,
-6731.00000000,
-46.00000000,
-241.00000000,
5743.00000000,
12145.00000000,
-16892.00000000,
4473.00000000,
8042.00000000,
13061.00000000,
-7571.00000000,
4016.00000000,
12250.00000000,
3925.00000000,
-8753.00000000,
9785.00000000,
-11336.00000000,
-2763.00000000,
-474.00000000,
-7533.00000000,
-5869.00000000,
11179.00000000,
3142.00000000,
6180.00000000,
-1917.00000000,
-11820.00000000,
-708.00000000,
-4184.00000000,
-7819.00000000,
-10249.00000000,
-11602.00000000,
-7182.00000000,
-4062.00000000,
10528.00000000,
4824.00000000,
-8508.00000000,
-4344.00000000,
-4422.00000000,
12238.00000000,
8436.00000000,
2812.00000000,
8941.00000000,
-7771.00000000,
-7155.00000000,
6734.00000000,
5011.00000000,
12484.00000000,
-5815.00000000,
-577.00000000,
6582.00000000,
-10455.00000000,
3959.00000000,
3737.00000000,
-4264.00000000,
5683.00000000,
-4746.00000000,
-1028.00000000,
9097.00000000,
5935.00000000,
-331.00000000,
-8404.00000000,
-6686.00000000,
-2352.00000000,
9738.00000000,
-9681.00000000,
7742.00000000,
1760.00000000,
-2483.00000000,
2146.00000000,
10682.00000000,
6020.00000000,
-1124.00000000,
-6191.00000000,
-1311.00000000,
12657.00000000,
4437.00000000,
13556.00000000,
10840.00000000,
-3406.00000000,
-2974.00000000,
8904.00000000,
6921.00000000,
12807.00000000,
4732.00000000,
-104.00000000,
-5005.00000000,
