# backbone.stage0.1.conv.0.0.weight (shape [8, 1, 3, 3], dtype float32),
-2.00000000,
-48.00000000,
10.00000000,
-23.00000000,
25.00000000,
-8.00000000,
-45.00000000,
153.00000000,
-16.00000000,
2.00000000,
-35.00000000,
12.00000000,
-26.00000000,
12.00000000,
33.00000000,
14.00000000,
57.00000000,
0.00000000,
-5.00000000,
-9.00000000,
6.00000000,
76.00000000,
-73.00000000,
14.00000000,
66.00000000,
-87.00000000,
43.00000000,
10.00000000,
-31.00000000,
12.00000000,
60.00000000,
-55.00000000,
60.00000000,
57.00000000,
-65.00000000,
39.00000000,
-12.00000000,
-14.00000000,
4.00000000,
-12.00000000,
-52.00000000,
75.00000000,
-6.00000000,
-58.00000000,
38.00000000,
8.00000000,
-49.00000000,
13.00000000,
-49.00000000,
-49.00000000,
-49.00000000,
9.00000000,
-16.00000000,
8.00000000,
-28.00000000,
-10.00000000,
2.00000000,
-41.00000000,
5.00000000,
-30.00000000,
-35.00000000,
0.00000000,
-50.00000000,
-5.00000000,
21.00000000,
-2.00000000,
-49.00000000,
-102.00000000,
19.00000000,
-16.00000000,
-4.00000000,
-9.00000000,
