# backbone.stage3.3.conv.0.1.kappa (shape [1, 96, 1, 1], dtype float32),
517.00000000,
521.00000000,
876.00000000,
737.00000000,
929.00000000,
838.00000000,
596.00000000,
765.00000000,
682.00000000,
524.00000000,
695.00000000,
544.00000000,
812.00000000,
737.00000000,
570.00000000,
772.00000000,
810.00000000,
1023.00000000,
672.00000000,
984.00000000,
600.00000000,
522.00000000,
1062.00000000,
544.00000000,
571.00000000,
732.00000000,
636.00000000,
559.00000000,
996.00000000,
935.00000000,
726.00000000,
802.00000000,
739.00000000,
1129.00000000,
579.00000000,
669.00000000,
664.00000000,
644.00000000,
1126.00000000,
721.00000000,
726.00000000,
441.00000000,
744.00000000,
1136.00000000,
697.00000000,
586.00000000,
1001.00000000,
873.00000000,
572.00000000,
612.00000000,
628.00000000,
646.00000000,
699.00000000,
597.00000000,
701.00000000,
744.00000000,
737.00000000,
412.00000000,
546.00000000,
690.00000000,
451.00000000,
641.00000000,
599.00000000,
906.00000000,
898.00000000,
719.00000000,
592.00000000,
1000.00000000,
617.00000000,
535.00000000,
644.00000000,
2048.00000000,
514.00000000,
768.00000000,
758.00000000,
425.00000000,
738.00000000,
565.00000000,
591.00000000,
599.00000000,
857.00000000,
746.00000000,
734.00000000,
543.00000000,
990.00000000,
627.00000000,
609.00000000,
764.00000000,
537.00000000,
734.00000000,
473.00000000,
421.00000000,
762.00000000,
700.00000000,
919.00000000,
628.00000000,
