# backbone.stage3.0.conv.1.1.kappa (shape [1, 96, 1, 1], dtype float32),
879.00000000,
1437.00000000,
1017.00000000,
1102.00000000,
1116.00000000,
1268.00000000,
976.00000000,
1756.00000000,
1347.00000000,
1494.00000000,
1684.00000000,
1406.00000000,
846.00000000,
1159.00000000,
923.00000000,
1124.00000000,
1297.00000000,
849.00000000,
835.00000000,
1003.00000000,
2048.00000000,
1205.00000000,
834.00000000,
1086.00000000,
1712.00000000,
1145.00000000,
1053.00000000,
1505.00000000,
1129.00000000,
738.00000000,
1783.00000000,
1414.00000000,
1409.00000000,
1605.00000000,
1522.00000000,
1017.00000000,
1219.00000000,
669.00000000,
1441.00000000,
1398.00000000,
1512.00000000,
667.00000000,
1376.00000000,
981.00000000,
1248.00000000,
1527.00000000,
1280.00000000,
1449.00000000,
1245.00000000,
1514.00000000,
1364.00000000,
1221.00000000,
798.00000000,
1665.00000000,
937.00000000,
1327.00000000,
1504.00000000,
1454.00000000,
1376.00000000,
1520.00000000,
993.00000000,
1501.00000000,
1592.00000000,
1165.00000000,
1132.00000000,
1446.00000000,
1678.00000000,
947.00000000,
1201.00000000,
933.00000000,
1118.00000000,
1649.00000000,
1285.00000000,
1180.00000000,
957.00000000,
955.00000000,
1346.00000000,
1639.00000000,
1044.00000000,
1468.00000000,
1299.00000000,
1006.00000000,
905.00000000,
733.00000000,
849.00000000,
1133.00000000,
1109.00000000,
1446.00000000,
981.00000000,
1099.00000000,
664.00000000,
1659.00000000,
1185.00000000,
702.00000000,
863.00000000,
1091.00000000,
