# backbone.stage2.5.conv.1.1.lamda (shape [1, 96, 1, 1], dtype float32),
5270.00000000,
6830.00000000,
-10615.00000000,
5445.00000000,
8255.00000000,
7866.00000000,
-6487.00000000,
13541.00000000,
9958.00000000,
13557.00000000,
410.00000000,
1180.00000000,
14100.00000000,
17466.00000000,
-15365.00000000,
6072.00000000,
-12605.00000000,
13561.00000000,
-5289.00000000,
6094.00000000,
-1572.00000000,
-3551.00000000,
-2087.00000000,
-6921.00000000,
-2155.00000000,
-2836.00000000,
824.00000000,
-4424.00000000,
14287.00000000,
12976.00000000,
-11771.00000000,
3559.00000000,
-10754.00000000,
-1655.00000000,
5477.00000000,
-8055.00000000,
5702.00000000,
-7998.00000000,
11199.00000000,
13606.00000000,
-3308.00000000,
-1406.00000000,
-846.00000000,
5142.00000000,
18356.00000000,
-5701.00000000,
8314.00000000,
13637.00000000,
-5768.00000000,
6423.00000000,
18482.00000000,
12710.00000000,
-7475.00000000,
10998.00000000,
-12289.00000000,
-8225.00000000,
-4421.00000000,
9659.00000000,
-5724.00000000,
8835.00000000,
5598.00000000,
-15184.00000000,
-6988.00000000,
-1085.00000000,
-4600.00000000,
-2730.00000000,
-13372.00000000,
12381.00000000,
-7832.00000000,
955.00000000,
-7088.00000000,
29987.00000000,
-6579.00000000,
10484.00000000,
9180.00000000,
-14305.00000000,
4683.00000000,
8849.00000000,
144.00000000,
-3046.00000000,
10873.00000000,
7893.00000000,
-8221.00000000,
-1278.00000000,
-10639.00000000,
-7055.00000000,
-1747.00000000,
2198.00000000,
13201.00000000,
-5420.00000000,
-776.00000000,
-7105.00000000,
-5333.00000000,
5774.00000000,
-7742.00000000,
-8993.00000000,
