# backbone.stage1.2.conv.0.1.kappa (shape [1, 48, 1, 1], dtype float32),
1571.00000000,
634.00000000,
972.00000000,
1426.00000000,
780.00000000,
908.00000000,
1050.00000000,
1589.00000000,
646.00000000,
1122.00000000,
884.00000000,
1359.00000000,
971.00000000,
1059.00000000,
1141.00000000,
878.00000000,
1080.00000000,
895.00000000,
752.00000000,
1068.00000000,
1090.00000000,
821.00000000,
767.00000000,
958.00000000,
1054.00000000,
1325.00000000,
929.00000000,
650.00000000,
1067.00000000,
1358.00000000,
2048.00000000,
981.00000000,
1181.00000000,
627.00000000,
1210.00000000,
837.00000000,
946.00000000,
1232.00000000,
898.00000000,
714.00000000,
847.00000000,
1386.00000000,
729.00000000,
1019.00000000,
779.00000000,
787.00000000,
990.00000000,
1516.00000000,
