# backbone.stage3.1.conv.0.1.lamda (shape [1, 96, 1, 1], dtype float32),
906.00000000,
-470.00000000,
2461.00000000,
142.00000000,
141.00000000,
835.00000000,
-21.00000000,
322.00000000,
409.00000000,
2125.00000000,
1445.00000000,
-158.00000000,
2398.00000000,
1162.00000000,
526.00000000,
284.00000000,
1205.00000000,
230.00000000,
261.00000000,
79.00000000,
773.00000000,
195.00000000,
-235.00000000,
1484.00000000,
330.00000000,
-160.00000000,
443.00000000,
285.00000000,
-104.00000000,
19.00000000,
-135.00000000,
-7.00000000,
292.00000000,
263.00000000,
785.00000000,
-31.00000000,
751.00000000,
-146.00000000,
-260.00000000,
700.00000000,
-429.00000000,
-120.00000000,
394.00000000,
735.00000000,
1041.00000000,
-89.00000000,
720.00000000,
-260.00000000,
114.00000000,
-455.00000000,
-645.00000000,
160.00000000,
697.00000000,
38.00000000,
-619.00000000,
-170.00000000,
-412.00000000,
-305.00000000,
307.00000000,
193.00000000,
-131.00000000,
210.00000000,
207.00000000,
281.00000000,
-2363.00000000,
-778.00000000,
418.00000000,
342.00000000,
359.00000000,
184.00000000,
753.00000000,
55.00000000,
41.00000000,
257.00000000,
201.00000000,
-609.00000000,
956.00000000,
-203.00000000,
140.00000000,
963.00000000,
-401.00000000,
136.00000000,
-467.00000000,
-235.00000000,
564.00000000,
-786.00000000,
-65.00000000,
898.00000000,
-131.00000000,
64.00000000,
249.00000000,
82.00000000,
21.00000000,
953.00000000,
750.00000000,
-793.00000000,
