# backbone.stage1.1.conv.0.1.lamda (shape [1, 48, 1, 1], dtype float32),
-23486.00000000,
-11945.00000000,
11730.00000000,
3133.00000000,
-16723.00000000,
8738.00000000,
19401.00000000,
29347.00000000,
-2707.00000000,
-4036.00000000,
6471.00000000,
-12464.00000000,
8970.00000000,
26490.00000000,
25330.00000000,
31939.00000000,
7745.00000000,
35857.00000000,
39637.00000000,
11556.00000000,
5987.00000000,
16498.00000000,
-4064.00000000,
1577.00000000,
32385.00000000,
10207.00000000,
-1963.00000000,
-15247.00000000,
22016.00000000,
6120.00000000,
-3677.00000000,
-14016.00000000,
8035.00000000,
-21912.00000000,
10794.00000000,
-10264.00000000,
15022.00000000,
3379.00000000,
-2356.00000000,
-22379.00000000,
-28262.00000000,
-14833.00000000,
-23480.00000000,
7693.00000000,
8023.00000000,
386.00000000,
1106.00000000,
16870.00000000,
