# backbone.stage1.1.conv.1.1.kappa (shape [1, 48, 1, 1], dtype float32),
915.00000000,
1177.00000000,
1697.00000000,
1199.00000000,
1026.00000000,
1263.00000000,
896.00000000,
1490.00000000,
723.00000000,
1642.00000000,
971.00000000,
1431.00000000,
1145.00000000,
957.00000000,
1211.00000000,
1112.00000000,
1501.00000000,
1494.00000000,
1014.00000000,
919.00000000,
1518.00000000,
2048.00000000,
1656.00000000,
1354.00000000,
1526.00000000,
1042.00000000,
1437.00000000,
1184.00000000,
1982.00000000,
1000.00000000,
1619.00000000,
1483.00000000,
1276.00000000,
1012.00000000,
1436.00000000,
776.00000000,
1330.00000000,
812.00000000,
1095.00000000,
1152.00000000,
1848.00000000,
843.00000000,
1486.00000000,
1275.00000000,
1043.00000000,
942.00000000,
1404.00000000,
847.00000000,
