# backbone.stage3.2.conv.1.1.kappa (shape [1, 96, 1, 1], dtype float32),
1625.00000000,
1741.00000000,
1034.00000000,
1323.00000000,
1008.00000000,
1282.00000000,
1274.00000000,
1797.00000000,
2028.00000000,
1447.00000000,
1253.00000000,
1629.00000000,
1875.00000000,
1711.00000000,
1184.00000000,
1409.00000000,
1661.00000000,
1089.00000000,
1400.00000000,
1557.00000000,
1185.00000000,
1593.00000000,
1663.00000000,
1504.00000000,
2048.00000000,
2011.00000000,
1881.00000000,
1795.00000000,
1242.00000000,
1633.00000000,
1370.00000000,
1032.00000000,
1359.00000000,
1121.00000000,
1767.00000000,
1632.00000000,
1932.00000000,
1015.00000000,
1299.00000000,
1244.00000000,
1042.00000000,
983.00000000,
1041.00000000,
1453.00000000,
1478.00000000,
1135.00000000,
1140.00000000,
1495.00000000,
1319.00000000,
1119.00000000,
1965.00000000,
1448.00000000,
1257.00000000,
1469.00000000,
1194.00000000,
1818.00000000,
1181.00000000,
1586.00000000,
1299.00000000,
1644.00000000,
1487.00000000,
997.00000000,
1524.00000000,
1386.00000000,
1401.00000000,
1770.00000000,
1233.00000000,
1144.00000000,
1950.00000000,
1189.00000000,
1438.00000000,
1290.00000000,
1942.00000000,
1408.00000000,
1596.00000000,
1462.00000000,
1185.00000000,
1618.00000000,
1258.00000000,
894.00000000,
1346.00000000,
1381.00000000,
1457.00000000,
1301.00000000,
1222.00000000,
1664.00000000,
1448.00000000,
1488.00000000,
1278.00000000,
1780.00000000,
1361.00000000,
1587.00000000,
1670.00000000,
1613.00000000,
1286.00000000,
1517.00000000,
