# backbone.stage2.2.conv.1.1.lamda (shape [1, 48, 1, 1], dtype float32),
1417.00000000,
4073.00000000,
5290.00000000,
-1971.00000000,
-1145.00000000,
7937.00000000,
-1657.00000000,
1341.00000000,
8533.00000000,
1085.00000000,
3584.00000000,
4730.00000000,
-6869.00000000,
6167.00000000,
-653.00000000,
-7654.00000000,
4103.00000000,
-6443.00000000,
-4835.00000000,
-5438.00000000,
2782.00000000,
9866.00000000,
-2492.00000000,
-610.00000000,
-5367.00000000,
126.00000000,
-811.00000000,
7969.00000000,
-4266.00000000,
936.00000000,
-4724.00000000,
1327.00000000,
8725.00000000,
-825.00000000,
8768.00000000,
3294.00000000,
-8252.00000000,
-3965.00000000,
-7033.00000000,
-4181.00000000,
-249.00000000,
-3677.00000000,
-8920.00000000,
-5326.00000000,
15723.00000000,
-3157.00000000,
-1982.00000000,
3587.00000000,
