# backbone.stage2.3.conv.1.1.kappa (shape [1, 48, 1, 1], dtype float32),
931.00000000,
1328.00000000,
800.00000000,
1767.00000000,
1780.00000000,
900.00000000,
1413.00000000,
911.00000000,
822.00000000,
1621.00000000,
1164.00000000,
824.00000000,
1063.00000000,
718.00000000,
729.00000000,
1319.00000000,
867.00000000,
802.00000000,
880.00000000,
700.00000000,
1187.00000000,
1658.00000000,
1145.00000000,
843.00000000,
903.00000000,
990.00000000,
905.00000000,
1134.00000000,
1103.00000000,
1587.00000000,
1017.00000000,
872.00000000,
808.00000000,
2048.00000000,
1137.00000000,
1051.00000000,
1304.00000000,
1127.00000000,
815.00000000,
958.00000000,
938.00000000,
939.00000000,
770.00000000,
1191.00000000,
897.00000000,
1663.00000000,
1119.00000000,
1050.00000000,
