# backbone.stage0.3.conv.1.1.kappa (shape [1, 48, 1, 1], dtype float32),
692.00000000,
557.00000000,
553.00000000,
581.00000000,
239.00000000,
539.00000000,
311.00000000,
228.00000000,
279.00000000,
244.00000000,
741.00000000,
846.00000000,
600.00000000,
719.00000000,
238.00000000,
2048.00000000,
418.00000000,
845.00000000,
544.00000000,
332.00000000,
338.00000000,
263.00000000,
547.00000000,
516.00000000,
614.00000000,
532.00000000,
440.00000000,
533.00000000,
334.00000000,
284.00000000,
382.00000000,
191.00000000,
820.00000000,
561.00000000,
315.00000000,
614.00000000,
484.00000000,
1591.00000000,
282.00000000,
248.00000000,
372.00000000,
301.00000000,
386.00000000,
470.00000000,
367.00000000,
645.00000000,
462.00000000,
548.00000000,
