# backbone.stage2.2.conv.1.1.kappa (shape [1, 48, 1, 1], dtype float32),
702.00000000,
467.00000000,
871.00000000,
985.00000000,
403.00000000,
830.00000000,
1041.00000000,
805.00000000,
640.00000000,
671.00000000,
961.00000000,
647.00000000,
847.00000000,
649.00000000,
734.00000000,
489.00000000,
630.00000000,
574.00000000,
665.00000000,
477.00000000,
525.00000000,
634.00000000,
1324.00000000,
580.00000000,
612.00000000,
852.00000000,
2048.00000000,
699.00000000,
488.00000000,
893.00000000,
770.00000000,
520.00000000,
562.00000000,
944.00000000,
605.00000000,
856.00000000,
588.00000000,
537.00000000,
824.00000000,
875.00000000,
530.00000000,
661.00000000,
454.00000000,
1036.00000000,
814.00000000,
671.00000000,
724.00000000,
482.00000000,
