# backbone.stage2.0.conv.1.1.lamda (shape [1, 48, 1, 1], dtype float32),
15476.00000000,
26596.00000000,
-19640.00000000,
28100.00000000,
-23239.00000000,
-477.00000000,
19594.00000000,
-16344.00000000,
-13217.00000000,
-20269.00000000,
-19653.00000000,
-15977.00000000,
-1927.00000000,
-3610.00000000,
-9056.00000000,
-13716.00000000,
27120.00000000,
26116.00000000,
-7458.00000000,
21426.00000000,
19769.00000000,
-18026.00000000,
-15187.00000000,
-21587.00000000,
25653.00000000,
-14450.00000000,
24944.00000000,
-21583.00000000,
26441.00000000,
-10023.00000000,
20126.00000000,
-19985.00000000,
20419.00000000,
-20606.00000000,
-24092.00000000,
-3296.00000000,
27025.00000000,
15537.00000000,
-21254.00000000,
17295.00000000,
-20989.00000000,
20165.00000000,
26327.00000000,
11424.00000000,
-19568.00000000,
28909.00000000,
21897.00000000,
-8926.00000000,
