# backbone.stage2.3.conv.0.1.kappa (shape [1, 48, 1, 1], dtype float32),
1219.00000000,
824.00000000,
1059.00000000,
633.00000000,
715.00000000,
1698.00000000,
879.00000000,
965.00000000,
839.00000000,
1214.00000000,
936.00000000,
704.00000000,
1015.00000000,
699.00000000,
1088.00000000,
1176.00000000,
947.00000000,
1232.00000000,
2047.00000000,
834.00000000,
1033.00000000,
814.00000000,
853.00000000,
2035.00000000,
1104.00000000,
1766.00000000,
810.00000000,
819.00000000,
1259.00000000,
880.00000000,
1786.00000000,
599.00000000,
1788.00000000,
699.00000000,
828.00000000,
1180.00000000,
1882.00000000,
735.00000000,
1343.00000000,
759.00000000,
1142.00000000,
1350.00000000,
747.00000000,
878.00000000,
1001.00000000,
1284.00000000,
751.00000000,
880.00000000,
