# backbone.stage1.2.conv.0.1.lamda (shape [1, 48, 1, 1], dtype float32),
44930.00000000,
41565.00000000,
6532.00000000,
-58054.00000000,
54356.00000000,
2283.00000000,
11670.00000000,
-63236.00000000,
6591.00000000,
-31699.00000000,
5498.00000000,
7783.00000000,
-9660.00000000,
22669.00000000,
21749.00000000,
23468.00000000,
-14333.00000000,
-25646.00000000,
6293.00000000,
49022.00000000,
16445.00000000,
15571.00000000,
1877.00000000,
-26610.00000000,
-791.00000000,
-14186.00000000,
8386.00000000,
4821.00000000,
44902.00000000,
18992.00000000,
7410.00000000,
44267.00000000,
-9312.00000000,
65256.00000000,
-19888.00000000,
59968.00000000,
19434.00000000,
85254.00000000,
5211.00000000,
27937.00000000,
-37.00000000,
-11360.00000000,
6167.00000000,
-29886.00000000,
41709.00000000,
39631.00000000,
-7023.00000000,
-4928.00000000,
