# backbone.stage0.3.conv.0.1.lamda (shape [1, 48, 1, 1], dtype float32),
36070.00000000,
-3887.00000000,
-33981.00000000,
-26623.00000000,
40344.00000000,
-25564.00000000,
52834.00000000,
23541.00000000,
46472.00000000,
60377.00000000,
41680.00000000,
46232.00000000,
-25326.00000000,
983.00000000,
8173.00000000,
44498.00000000,
20989.00000000,
-71186.00000000,
7622.00000000,
86279.00000000,
35273.00000000,
34370.00000000,
-46343.00000000,
138561.00000000,
50855.00000000,
7371.00000000,
49941.00000000,
-10281.00000000,
-2638.00000000,
-6314.00000000,
45604.00000000,
-45867.00000000,
61119.00000000,
-21187.00000000,
53439.00000000,
10495.00000000,
39534.00000000,
33122.00000000,
25057.00000000,
-21943.00000000,
61766.00000000,
26122.00000000,
-21638.00000000,
-6163.00000000,
58214.00000000,
47191.00000000,
62882.00000000,
13131.00000000,
