# backbone.stage2.6.conv.0.1.lamda (shape [1, 96, 1, 1], dtype float32),
12028.00000000,
7828.00000000,
-14996.00000000,
-35198.00000000,
24952.00000000,
-26268.00000000,
38611.00000000,
12846.00000000,
-12269.00000000,
2894.00000000,
-47400.00000000,
-27203.00000000,
-24087.00000000,
28711.00000000,
-22323.00000000,
-391.00000000,
28986.00000000,
-3608.00000000,
2617.00000000,
-483.00000000,
-52040.00000000,
30790.00000000,
44692.00000000,
31105.00000000,
44740.00000000,
-257.00000000,
-4725.00000000,
9628.00000000,
-3439.00000000,
-20600.00000000,
-29590.00000000,
-33563.00000000,
11147.00000000,
51819.00000000,
81804.00000000,
-40386.00000000,
4215.00000000,
62228.00000000,
-3710.00000000,
40777.00000000,
-19787.00000000,
20382.00000000,
8131.00000000,
-2880.00000000,
-9513.00000000,
-19471.00000000,
9456.00000000,
-99064.00000000,
-10522.00000000,
11756.00000000,
27137.00000000,
9456.00000000,
-49173.00000000,
-25015.00000000,
8226.00000000,
6306.00000000,
-13902.00000000,
-11576.00000000,
38087.00000000,
-21392.00000000,
35063.00000000,
-33783.00000000,
-29705.00000000,
51678.00000000,
-14933.00000000,
48368.00000000,
-11696.00000000,
5016.00000000,
-369.00000000,
25815.00000000,
-8678.00000000,
29385.00000000,
-26505.00000000,
-23515.00000000,
6209.00000000,
41976.00000000,
10408.00000000,
-11489.00000000,
-49412.00000000,
17647.00000000,
14971.00000000,
11509.00000000,
23019.00000000,
28921.00000000,
-9656.00000000,
-1050.00000000,
-45433.00000000,
-25577.00000000,
9827.00000000,
30190.00000000,
44919.00000000,
36216.00000000,
27498.00000000,
64888.00000000,
-1904.00000000,
29309.00000000,
