# backbone.stage3.2.conv.1.1.lamda (shape [1, 96, 1, 1], dtype float32),
-7078.00000000,
8397.00000000,
2197.00000000,
-5999.00000000,
-7496.00000000,
-8219.00000000,
-6442.00000000,
-5750.00000000,
-8325.00000000,
-9381.00000000,
5971.00000000,
-7457.00000000,
7406.00000000,
-7604.00000000,
4210.00000000,
-3268.00000000,
-8178.00000000,
-4319.00000000,
8235.00000000,
-2044.00000000,
5177.00000000,
-6864.00000000,
-6781.00000000,
-5172.00000000,
10094.00000000,
5948.00000000,
-7247.00000000,
7835.00000000,
-8850.00000000,
2779.00000000,
-2420.00000000,
8885.00000000,
3918.00000000,
4377.00000000,
-1220.00000000,
-4192.00000000,
-4763.00000000,
-2590.00000000,
-5197.00000000,
9510.00000000,
-1028.00000000,
582.00000000,
3748.00000000,
-9078.00000000,
8696.00000000,
5977.00000000,
-5038.00000000,
-1645.00000000,
4246.00000000,
8783.00000000,
-6163.00000000,
10724.00000000,
3003.00000000,
2095.00000000,
-2231.00000000,
1759.00000000,
8869.00000000,
-3087.00000000,
-2590.00000000,
-756.00000000,
11590.00000000,
4362.00000000,
-5362.00000000,
-535.00000000,
5426.00000000,
-12733.00000000,
-7774.00000000,
2893.00000000,
8473.00000000,
5508.00000000,
-6730.00000000,
11928.00000000,
-7410.00000000,
1743.00000000,
-2226.00000000,
-2965.00000000,
-2923.00000000,
821.00000000,
-6687.00000000,
-3398.00000000,
11843.00000000,
-840.00000000,
-4330.00000000,
-3136.00000000,
-2208.00000000,
-5554.00000000,
-2437.00000000,
3839.00000000,
4684.00000000,
4306.00000000,
-4688.00000000,
-5552.00000000,
2028.00000000,
7342.00000000,
-9636.00000000,
2406.00000000,
