# backbone.stage0.3.conv.0.1.kappa (shape [1, 48, 1, 1], dtype float32),
1241.00000000,
996.00000000,
1582.00000000,
1943.00000000,
1344.00000000,
1196.00000000,
1270.00000000,
1745.00000000,
1140.00000000,
1631.00000000,
1632.00000000,
1597.00000000,
1947.00000000,
1044.00000000,
805.00000000,
163.00000000,
1427.00000000,
1621.00000000,
1041.00000000,
777.00000000,
1142.00000000,
1893.00000000,
908.00000000,
1643.00000000,
1435.00000000,
725.00000000,
1404.00000000,
788.00000000,
1322.00000000,
1881.00000000,
1630.00000000,
1248.00000000,
1689.00000000,
646.00000000,
659.00000000,
1162.00000000,
452.00000000,
657.00000000,
2020.00000000,
879.00000000,
1526.00000000,
949.00000000,
2048.00000000,
1773.00000000,
1007.00000000,
513.00000000,
990.00000000,
1039.00000000,
