# backbone.stage2.4.conv.1.1.lamda (shape [1, 48, 1, 1], dtype float32),
-2742.00000000,
-1031.00000000,
26232.00000000,
12110.00000000,
15632.00000000,
-33960.00000000,
-16999.00000000,
-2745.00000000,
-8456.00000000,
-934.00000000,
27498.00000000,
22142.00000000,
18090.00000000,
22566.00000000,
-15366.00000000,
14191.00000000,
10009.00000000,
15337.00000000,
-4621.00000000,
-14716.00000000,
-5671.00000000,
-12307.00000000,
-3976.00000000,
-10858.00000000,
-8626.00000000,
20007.00000000,
21576.00000000,
-11729.00000000,
-18121.00000000,
13256.00000000,
-6398.00000000,
7795.00000000,
-2510.00000000,
19393.00000000,
-12757.00000000,
36659.00000000,
-3814.00000000,
-5655.00000000,
-9456.00000000,
-8364.00000000,
22264.00000000,
-11847.00000000,
-13796.00000000,
-8330.00000000,
-24714.00000000,
2798.00000000,
-4595.00000000,
-1998.00000000,
