# backbone.stage0.2.conv.1.1.kappa (shape [1, 48, 1, 1], dtype float32),
447.00000000,
589.00000000,
898.00000000,
560.00000000,
589.00000000,
1550.00000000,
608.00000000,
737.00000000,
2048.00000000,
307.00000000,
225.00000000,
605.00000000,
561.00000000,
413.00000000,
723.00000000,
430.00000000,
504.00000000,
752.00000000,
695.00000000,
881.00000000,
708.00000000,
625.00000000,
497.00000000,
747.00000000,
1613.00000000,
540.00000000,
627.00000000,
480.00000000,
585.00000000,
575.00000000,
570.00000000,
793.00000000,
697.00000000,
1327.00000000,
1019.00000000,
513.00000000,
1248.00000000,
598.00000000,
669.00000000,
1011.00000000,
613.00000000,
882.00000000,
807.00000000,
247.00000000,
737.00000000,
660.00000000,
778.00000000,
859.00000000,
