# backbone.stage2.2.conv.0.1.lamda (shape [1, 48, 1, 1], dtype float32),
-2318.00000000,
3340.00000000,
2590.00000000,
2161.00000000,
1390.00000000,
-4321.00000000,
379.00000000,
61.00000000,
3159.00000000,
8438.00000000,
1304.00000000,
2774.00000000,
134.00000000,
1560.00000000,
1023.00000000,
-1293.00000000,
3121.00000000,
5894.00000000,
-227.00000000,
8072.00000000,
-5428.00000000,
6008.00000000,
-86.00000000,
-269.00000000,
750.00000000,
3237.00000000,
-152.00000000,
3842.00000000,
9425.00000000,
367.00000000,
1516.00000000,
1427.00000000,
-1617.00000000,
-1392.00000000,
2723.00000000,
674.00000000,
508.00000000,
-315.00000000,
317.00000000,
2468.00000000,
2718.00000000,
-682.00000000,
12855.00000000,
1110.00000000,
2736.00000000,
-2323.00000000,
6235.00000000,
4103.00000000,
