# backbone.stage2.6.conv.1.1.lamda (shape [1, 96, 1, 1], dtype float32),
-9856.00000000,
-8859.00000000,
-7295.00000000,
18629.00000000,
1353.00000000,
-11593.00000000,
-12468.00000000,
-11886.00000000,
-12080.00000000,
11260.00000000,
1361.00000000,
-11178.00000000,
-4267.00000000,
10375.00000000,
8515.00000000,
469.00000000,
11119.00000000,
-501.00000000,
12781.00000000,
-247.00000000,
2769.00000000,
-11263.00000000,
3604.00000000,
-12015.00000000,
13520.00000000,
13533.00000000,
9962.00000000,
-8329.00000000,
11931.00000000,
-3952.00000000,
-4429.00000000,
8512.00000000,
-15552.00000000,
-6260.00000000,
12200.00000000,
12798.00000000,
11442.00000000,
14761.00000000,
1877.00000000,
12897.00000000,
13519.00000000,
-11158.00000000,
5097.00000000,
-1523.00000000,
-10432.00000000,
17038.00000000,
-9582.00000000,
-13706.00000000,
9297.00000000,
-492.00000000,
-10386.00000000,
5914.00000000,
9915.00000000,
-7709.00000000,
-2509.00000000,
11920.00000000,
12115.00000000,
4047.00000000,
-11193.00000000,
13060.00000000,
15195.00000000,
-10289.00000000,
16127.00000000,
-9871.00000000,
-9052.00000000,
12306.00000000,
13320.00000000,
-2623.00000000,
-12594.00000000,
-12692.00000000,
5082.00000000,
-165.00000000,
-11196.00000000,
-8416.00000000,
11688.00000000,
-10846.00000000,
12439.00000000,
9977.00000000,
11356.00000000,
-7079.00000000,
8968.00000000,
5460.00000000,
11012.00000000,
-7677.00000000,
13699.00000000,
-7821.00000000,
2183.00000000,
-2881.00000000,
1077.00000000,
-5942.00000000,
17632.00000000,
-174.00000000,
9353.00000000,
6587.00000000,
13698.00000000,
-8057.00000000,
