# backbone.stage0.0.0.weight (shape [8, 1, 3, 3], dtype float32),
6.00000000,
-4.00000000,
8.00000000,
-14.00000000,
-56.00000000,
-8.00000000,
-0.00000000,
-50.00000000,
-6.00000000,
-32.00000000,
-12.00000000,
8.00000000,
2.00000000,
52.00000000,
12.00000000,
8.00000000,
32.00000000,
-12.00000000,
-26.00000000,
18.00000000,
12.00000000,
-20.00000000,
22.00000000,
50.00000000,
-4.00000000,
4.00000000,
26.00000000,
12.00000000,
-28.00000000,
6.00000000,
2.00000000,
-62.00000000,
6.00000000,
-0.00000000,
-38.00000000,
8.00000000,
16.00000000,
16.00000000,
16.00000000,
18.00000000,
30.00000000,
40.00000000,
0.00000000,
18.00000000,
36.00000000,
-44.00000000,
2.00000000,
-58.00000000,
34.00000000,
164.00000000,
42.00000000,
-67.00000000,
-22.00000000,
-63.00000000,
-16.00000000,
-50.00000000,
-34.00000000,
2.00000000,
-28.00000000,
-18.00000000,
32.00000000,
65.00000000,
38.00000000,
34.00000000,
-10.00000000,
-60.00000000,
66.00000000,
40.00000000,
-88.00000000,
74.00000000,
42.00000000,
-91.00000000,
