# backbone.stage3.3.conv.1.1.kappa (shape [1, 96, 1, 1], dtype float32),
1034.00000000,
529.00000000,
1087.00000000,
1098.00000000,
671.00000000,
1079.00000000,
966.00000000,
1109.00000000,
1473.00000000,
1009.00000000,
1042.00000000,
607.00000000,
806.00000000,
1447.00000000,
916.00000000,
877.00000000,
1052.00000000,
1392.00000000,
961.00000000,
1049.00000000,
752.00000000,
1052.00000000,
792.00000000,
1145.00000000,
711.00000000,
851.00000000,
1408.00000000,
575.00000000,
950.00000000,
905.00000000,
689.00000000,
850.00000000,
852.00000000,
811.00000000,
709.00000000,
1033.00000000,
721.00000000,
1681.00000000,
874.00000000,
779.00000000,
899.00000000,
979.00000000,
1109.00000000,
937.00000000,
1332.00000000,
884.00000000,
1460.00000000,
732.00000000,
1215.00000000,
717.00000000,
1368.00000000,
798.00000000,
731.00000000,
836.00000000,
939.00000000,
1543.00000000,
1226.00000000,
2048.00000000,
1108.00000000,
923.00000000,
1111.00000000,
803.00000000,
737.00000000,
1464.00000000,
959.00000000,
862.00000000,
935.00000000,
937.00000000,
1339.00000000,
1657.00000000,
886.00000000,
1239.00000000,
1355.00000000,
771.00000000,
952.00000000,
968.00000000,
1095.00000000,
1228.00000000,
992.00000000,
1075.00000000,
819.00000000,
801.00000000,
1527.00000000,
838.00000000,
927.00000000,
994.00000000,
1295.00000000,
951.00000000,
744.00000000,
983.00000000,
1630.00000000,
1149.00000000,
1072.00000000,
817.00000000,
941.00000000,
753.00000000,
