# backbone.stage3.3.conv.1.1.lamda (shape [1, 96, 1, 1], dtype float32),
-6188.00000000,
-1495.00000000,
11919.00000000,
-3086.00000000,
4152.00000000,
3834.00000000,
-876.00000000,
-1180.00000000,
2043.00000000,
11816.00000000,
-1950.00000000,
-5588.00000000,
41.00000000,
-6339.00000000,
7071.00000000,
-2251.00000000,
-10064.00000000,
-3333.00000000,
7785.00000000,
13437.00000000,
-7472.00000000,
-9497.00000000,
-6742.00000000,
13982.00000000,
-248.00000000,
-946.00000000,
-5281.00000000,
-6202.00000000,
-6574.00000000,
9777.00000000,
-8525.00000000,
-3434.00000000,
7509.00000000,
4217.00000000,
-8620.00000000,
975.00000000,
-3869.00000000,
-5100.00000000,
-4379.00000000,
-657.00000000,
14765.00000000,
-8489.00000000,
-833.00000000,
-6310.00000000,
9691.00000000,
5936.00000000,
813.00000000,
-872.00000000,
9165.00000000,
4817.00000000,
14491.00000000,
-1612.00000000,
889.00000000,
13768.00000000,
8152.00000000,
9537.00000000,
-3598.00000000,
16136.00000000,
8934.00000000,
-1468.00000000,
-4220.00000000,
5755.00000000,
-490.00000000,
-746.00000000,
-3759.00000000,
-3911.00000000,
6954.00000000,
-5412.00000000,
9995.00000000,
-3860.00000000,
3434.00000000,
-643.00000000,
-16889.00000000,
-11220.00000000,
2878.00000000,
6711.00000000,
4636.00000000,
9535.00000000,
8611.00000000,
-4619.00000000,
-6611.00000000,
-516.00000000,
9769.00000000,
4246.00000000,
-6484.00000000,
-6065.00000000,
-1330.00000000,
-1520.00000000,
6978.00000000,
1638.00000000,
-11346.00000000,
-4153.00000000,
-3982.00000000,
-1639.00000000,
1817.00000000,
-12319.00000000,
