# backbone.stage3.2.conv.0.1.kappa (shape [1, 96, 1, 1], dtype float32),
1176.00000000,
1921.00000000,
820.00000000,
913.00000000,
2048.00000000,
719.00000000,
1920.00000000,
1684.00000000,
1321.00000000,
1242.00000000,
940.00000000,
1054.00000000,
1201.00000000,
1971.00000000,
972.00000000,
1311.00000000,
1227.00000000,
2021.00000000,
1668.00000000,
1429.00000000,
1165.00000000,
1433.00000000,
1333.00000000,
895.00000000,
1100.00000000,
1069.00000000,
1745.00000000,
693.00000000,
1545.00000000,
1412.00000000,
1189.00000000,
1144.00000000,
929.00000000,
1052.00000000,
1133.00000000,
1182.00000000,
1064.00000000,
1113.00000000,
1742.00000000,
1382.00000000,
1756.00000000,
1443.00000000,
1187.00000000,
1393.00000000,
1076.00000000,
1399.00000000,
1203.00000000,
1254.00000000,
1563.00000000,
765.00000000,
1233.00000000,
1017.00000000,
1532.00000000,
1372.00000000,
869.00000000,
1443.00000000,
1077.00000000,
2040.00000000,
1004.00000000,
1012.00000000,
1489.00000000,
907.00000000,
1410.00000000,
1236.00000000,
1168.00000000,
1113.00000000,
1264.00000000,
1132.00000000,
762.00000000,
958.00000000,
1483.00000000,
1194.00000000,
1079.00000000,
1246.00000000,
1324.00000000,
1357.00000000,
1381.00000000,
1320.00000000,
1901.00000000,
1349.00000000,
1028.00000000,
954.00000000,
934.00000000,
614.00000000,
1003.00000000,
1668.00000000,
1494.00000000,
1266.00000000,
1340.00000000,
1285.00000000,
1701.00000000,
1088.00000000,
898.00000000,
1482.00000000,
1572.00000000,
1324.00000000,
