# backbone.stage2.0.conv.0.1.lamda (shape [1, 48, 1, 1], dtype float32),
-31909.00000000,
40748.00000000,
-56183.00000000,
48644.00000000,
-79056.00000000,
61685.00000000,
-12612.00000000,
56916.00000000,
51111.00000000,
-43354.00000000,
4405.00000000,
-29952.00000000,
-37240.00000000,
47080.00000000,
-90794.00000000,
-124658.00000000,
15970.00000000,
35057.00000000,
-38789.00000000,
1837.00000000,
51743.00000000,
-74412.00000000,
-143143.00000000,
-55.00000000,
-41708.00000000,
12968.00000000,
-96526.00000000,
33998.00000000,
-85571.00000000,
18676.00000000,
-14299.00000000,
-1193.00000000,
-34053.00000000,
43588.00000000,
106093.00000000,
-119978.00000000,
-83354.00000000,
53979.00000000,
78535.00000000,
5093.00000000,
54521.00000000,
-51866.00000000,
44229.00000000,
-7144.00000000,
4433.00000000,
53130.00000000,
-76303.00000000,
-33528.00000000,
