# backbone.stage2.5.conv.0.1.kappa (shape [1, 96, 1, 1], dtype float32),
1388.00000000,
1091.00000000,
1115.00000000,
1438.00000000,
1025.00000000,
1540.00000000,
1220.00000000,
1177.00000000,
1657.00000000,
1102.00000000,
1682.00000000,
1175.00000000,
1458.00000000,
956.00000000,
691.00000000,
780.00000000,
808.00000000,
1633.00000000,
1011.00000000,
1231.00000000,
1313.00000000,
865.00000000,
792.00000000,
1212.00000000,
1447.00000000,
995.00000000,
1066.00000000,
1151.00000000,
764.00000000,
882.00000000,
628.00000000,
945.00000000,
897.00000000,
1205.00000000,
1163.00000000,
770.00000000,
1495.00000000,
1021.00000000,
1003.00000000,
1206.00000000,
1048.00000000,
1257.00000000,
996.00000000,
983.00000000,
1078.00000000,
1217.00000000,
785.00000000,
1156.00000000,
795.00000000,
895.00000000,
823.00000000,
1057.00000000,
942.00000000,
1561.00000000,
828.00000000,
1757.00000000,
1027.00000000,
1690.00000000,
1035.00000000,
1421.00000000,
1137.00000000,
1126.00000000,
1314.00000000,
922.00000000,
1042.00000000,
844.00000000,
1045.00000000,
1307.00000000,
820.00000000,
1334.00000000,
1588.00000000,
656.00000000,
1244.00000000,
1282.00000000,
890.00000000,
2048.00000000,
1228.00000000,
904.00000000,
1108.00000000,
1044.00000000,
1417.00000000,
801.00000000,
679.00000000,
823.00000000,
1210.00000000,
1080.00000000,
748.00000000,
988.00000000,
1247.00000000,
1213.00000000,
1365.00000000,
1300.00000000,
1018.00000000,
1431.00000000,
911.00000000,
690.00000000,
