# backbone.stage3.0.conv.0.1.kappa (shape [1, 96, 1, 1], dtype float32),
1392.00000000,
1134.00000000,
1167.00000000,
1250.00000000,
1121.00000000,
1052.00000000,
1574.00000000,
1670.00000000,
1768.00000000,
1011.00000000,
1187.00000000,
1257.00000000,
1481.00000000,
1353.00000000,
1073.00000000,
1089.00000000,
844.00000000,
1551.00000000,
1030.00000000,
1316.00000000,
1302.00000000,
1165.00000000,
1175.00000000,
1679.00000000,
783.00000000,
1198.00000000,
1042.00000000,
1063.00000000,
1577.00000000,
1235.00000000,
1482.00000000,
1197.00000000,
1012.00000000,
1508.00000000,
1549.00000000,
1345.00000000,
1339.00000000,
1570.00000000,
618.00000000,
1484.00000000,
802.00000000,
1175.00000000,
1273.00000000,
758.00000000,
999.00000000,
1751.00000000,
1938.00000000,
1115.00000000,
1071.00000000,
1402.00000000,
1058.00000000,
1018.00000000,
1563.00000000,
730.00000000,
1054.00000000,
1532.00000000,
2048.00000000,
1358.00000000,
1493.00000000,
1252.00000000,
1782.00000000,
1442.00000000,
1090.00000000,
1546.00000000,
1328.00000000,
1203.00000000,
1361.00000000,
1572.00000000,
1386.00000000,
1108.00000000,
1380.00000000,
1212.00000000,
993.00000000,
1231.00000000,
1063.00000000,
922.00000000,
1229.00000000,
904.00000000,
1014.00000000,
1792.00000000,
1292.00000000,
985.00000000,
1061.00000000,
1418.00000000,
805.00000000,
1589.00000000,
1311.00000000,
1130.00000000,
1512.00000000,
1395.00000000,
1318.00000000,
898.00000000,
1488.00000000,
1403.00000000,
746.00000000,
1224.00000000,
