# backbone.stage1.1.conv.1.1.lamda (shape [1, 48, 1, 1], dtype float32),
13120.00000000,
-17957.00000000,
-25774.00000000,
10990.00000000,
20103.00000000,
24751.00000000,
-11130.00000000,
11853.00000000,
20928.00000000,
-24494.00000000,
30105.00000000,
-5860.00000000,
19442.00000000,
21279.00000000,
-30479.00000000,
-45766.00000000,
-8027.00000000,
29349.00000000,
2616.00000000,
-12347.00000000,
-16194.00000000,
33706.00000000,
470.00000000,
9618.00000000,
-18370.00000000,
-24253.00000000,
-29370.00000000,
3561.00000000,
23617.00000000,
34144.00000000,
34610.00000000,
40130.00000000,
37716.00000000,
-37635.00000000,
-13219.00000000,
7653.00000000,
505.00000000,
8917.00000000,
-10795.00000000,
11901.00000000,
-4637.00000000,
-25612.00000000,
-26082.00000000,
-41422.00000000,
30797.00000000,
-11522.00000000,
5226.00000000,
532.00000000,
