# backbone.stage1.0.conv.1.1.kappa (shape [1, 48, 1, 1], dtype float32),
1706.00000000,
723.00000000,
1247.00000000,
843.00000000,
810.00000000,
918.00000000,
1316.00000000,
943.00000000,
874.00000000,
909.00000000,
1102.00000000,
812.00000000,
704.00000000,
687.00000000,
1554.00000000,
878.00000000,
530.00000000,
1249.00000000,
659.00000000,
970.00000000,
1127.00000000,
1464.00000000,
679.00000000,
1019.00000000,
1244.00000000,
1362.00000000,
923.00000000,
1067.00000000,
1263.00000000,
1153.00000000,
750.00000000,
953.00000000,
1374.00000000,
869.00000000,
758.00000000,
875.00000000,
2047.00000000,
639.00000000,
649.00000000,
1014.00000000,
1004.00000000,
697.00000000,
638.00000000,
1061.00000000,
985.00000000,
1406.00000000,
1404.00000000,
845.00000000,
