# backbone.stage2.5.conv.0.1.lamda (shape [1, 96, 1, 1], dtype float32),
-3728.00000000,
-2296.00000000,
25824.00000000,
1964.00000000,
4300.00000000,
20024.00000000,
24066.00000000,
16830.00000000,
-19102.00000000,
-11223.00000000,
7769.00000000,
2543.00000000,
3482.00000000,
-3816.00000000,
16237.00000000,
-5768.00000000,
7743.00000000,
-10726.00000000,
-9978.00000000,
858.00000000,
-15477.00000000,
3801.00000000,
9713.00000000,
10350.00000000,
9947.00000000,
-19856.00000000,
-21984.00000000,
8634.00000000,
11221.00000000,
7981.00000000,
11117.00000000,
1077.00000000,
5926.00000000,
-7295.00000000,
-12841.00000000,
-13351.00000000,
-30840.00000000,
2869.00000000,
-17237.00000000,
32730.00000000,
-21458.00000000,
-17885.00000000,
1934.00000000,
20591.00000000,
16828.00000000,
-4358.00000000,
9217.00000000,
-16450.00000000,
27761.00000000,
3957.00000000,
1104.00000000,
15932.00000000,
-1750.00000000,
3724.00000000,
8152.00000000,
-3261.00000000,
6478.00000000,
-1843.00000000,
909.00000000,
2894.00000000,
5178.00000000,
-14324.00000000,
15840.00000000,
12558.00000000,
12096.00000000,
-17191.00000000,
-14513.00000000,
-5157.00000000,
-21927.00000000,
-853.00000000,
-15250.00000000,
-6991.00000000,
12437.00000000,
16425.00000000,
13820.00000000,
-38138.00000000,
-18855.00000000,
-20369.00000000,
-14592.00000000,
8859.00000000,
25.00000000,
-6811.00000000,
4050.00000000,
-12185.00000000,
-204.00000000,
-4134.00000000,
13.00000000,
15136.00000000,
23744.00000000,
-1833.00000000,
5534.00000000,
-2483.00000000,
6348.00000000,
25122.00000000,
6789.00000000,
-8046.00000000,
