# backbone.stage2.4.conv.0.1.kappa (shape [1, 48, 1, 1], dtype float32),
1170.00000000,
1156.00000000,
628.00000000,
877.00000000,
1255.00000000,
607.00000000,
1085.00000000,
855.00000000,
804.00000000,
871.00000000,
526.00000000,
1106.00000000,
1001.00000000,
1034.00000000,
1016.00000000,
1136.00000000,
704.00000000,
1120.00000000,
1517.00000000,
1138.00000000,
1048.00000000,
575.00000000,
1218.00000000,
612.00000000,
1546.00000000,
635.00000000,
1526.00000000,
549.00000000,
658.00000000,
2047.00000000,
859.00000000,
734.00000000,
1227.00000000,
676.00000000,
1102.00000000,
1013.00000000,
1967.00000000,
985.00000000,
830.00000000,
1470.00000000,
874.00000000,
793.00000000,
639.00000000,
1072.00000000,
501.00000000,
1131.00000000,
1002.00000000,
933.00000000,
