# backbone.stage0.2.conv.0.1.kappa (shape [1, 48, 1, 1], dtype float32),
1266.00000000,
1095.00000000,
1133.00000000,
1401.00000000,
1612.00000000,
441.00000000,
1124.00000000,
1467.00000000,
220.00000000,
1029.00000000,
1004.00000000,
1263.00000000,
1319.00000000,
1035.00000000,
910.00000000,
1331.00000000,
1355.00000000,
612.00000000,
735.00000000,
1487.00000000,
1268.00000000,
1301.00000000,
1364.00000000,
1659.00000000,
334.00000000,
1420.00000000,
1404.00000000,
1561.00000000,
1138.00000000,
976.00000000,
1292.00000000,
1501.00000000,
1479.00000000,
1264.00000000,
1167.00000000,
1442.00000000,
1562.00000000,
1220.00000000,
1539.00000000,
1896.00000000,
2048.00000000,
1050.00000000,
1825.00000000,
1442.00000000,
1009.00000000,
886.00000000,
1580.00000000,
1518.00000000,
