# backbone.stage1.2.conv.1.1.lamda (shape [1, 48, 1, 1], dtype float32),
7155.00000000,
-30425.00000000,
-17673.00000000,
6971.00000000,
9316.00000000,
628.00000000,
-9438.00000000,
-5376.00000000,
3061.00000000,
-13371.00000000,
22904.00000000,
28504.00000000,
5531.00000000,
20696.00000000,
3051.00000000,
-11194.00000000,
6007.00000000,
4208.00000000,
24887.00000000,
-1459.00000000,
24041.00000000,
-22539.00000000,
-16227.00000000,
25847.00000000,
-18203.00000000,
30790.00000000,
-5523.00000000,
-14814.00000000,
21403.00000000,
16754.00000000,
-5545.00000000,
-10096.00000000,
14547.00000000,
38793.00000000,
-20764.00000000,
130.00000000,
-1234.00000000,
569.00000000,
27813.00000000,
33293.00000000,
-3387.00000000,
10819.00000000,
-12541.00000000,
-3692.00000000,
-6590.00000000,
-423.00000000,
10654.00000000,
35031.00000000,
