# backbone.stage2.0.conv.0.1.kappa (shape [1, 48, 1, 1], dtype float32),
1578.00000000,
1421.00000000,
1746.00000000,
1825.00000000,
1250.00000000,
1207.00000000,
1526.00000000,
1326.00000000,
909.00000000,
1099.00000000,
1571.00000000,
2020.00000000,
1607.00000000,
1391.00000000,
1295.00000000,
2048.00000000,
1431.00000000,
1358.00000000,
1764.00000000,
1172.00000000,
1528.00000000,
1470.00000000,
1693.00000000,
1248.00000000,
1375.00000000,
1362.00000000,
1249.00000000,
952.00000000,
1294.00000000,
1439.00000000,
1210.00000000,
1332.00000000,
1173.00000000,
1211.00000000,
1208.00000000,
1660.00000000,
1288.00000000,
971.00000000,
843.00000000,
1402.00000000,
1150.00000000,
1382.00000000,
1035.00000000,
1476.00000000,
1089.00000000,
1968.00000000,
1193.00000000,
1687.00000000,
