# backbone.stage2.5.conv.1.1.kappa (shape [1, 96, 1, 1], dtype float32),
999.00000000,
727.00000000,
722.00000000,
1024.00000000,
979.00000000,
1317.00000000,
1060.00000000,
823.00000000,
1250.00000000,
1047.00000000,
1526.00000000,
760.00000000,
1322.00000000,
1253.00000000,
907.00000000,
1613.00000000,
994.00000000,
1502.00000000,
1291.00000000,
1965.00000000,
1311.00000000,
702.00000000,
931.00000000,
831.00000000,
1020.00000000,
1006.00000000,
1299.00000000,
1574.00000000,
2048.00000000,
1147.00000000,
992.00000000,
808.00000000,
844.00000000,
1659.00000000,
1631.00000000,
1309.00000000,
1271.00000000,
994.00000000,
1400.00000000,
876.00000000,
1090.00000000,
1016.00000000,
1126.00000000,
937.00000000,
1429.00000000,
709.00000000,
826.00000000,
996.00000000,
851.00000000,
1309.00000000,
1312.00000000,
1412.00000000,
728.00000000,
1213.00000000,
1128.00000000,
1161.00000000,
911.00000000,
1078.00000000,
1240.00000000,
809.00000000,
823.00000000,
976.00000000,
954.00000000,
1038.00000000,
969.00000000,
1607.00000000,
1063.00000000,
1086.00000000,
1200.00000000,
1124.00000000,
1396.00000000,
1708.00000000,
1330.00000000,
823.00000000,
889.00000000,
1093.00000000,
973.00000000,
1277.00000000,
1285.00000000,
701.00000000,
1767.00000000,
848.00000000,
741.00000000,
1387.00000000,
945.00000000,
914.00000000,
1220.00000000,
1038.00000000,
1620.00000000,
1074.00000000,
747.00000000,
1190.00000000,
942.00000000,
1287.00000000,
1349.00000000,
1164.00000000,
