# backbone.stage1.0.conv.0.1.kappa (shape [1, 48, 1, 1], dtype float32),
1427.00000000,
1097.00000000,
1525.00000000,
907.00000000,
1043.00000000,
1309.00000000,
1479.00000000,
1499.00000000,
1366.00000000,
1639.00000000,
1404.00000000,
1419.00000000,
1097.00000000,
1176.00000000,
1745.00000000,
1140.00000000,
1483.00000000,
1500.00000000,
1215.00000000,
1599.00000000,
1119.00000000,
1296.00000000,
1183.00000000,
1148.00000000,
885.00000000,
1292.00000000,
1654.00000000,
1598.00000000,
2048.00000000,
1308.00000000,
1409.00000000,
1599.00000000,
1228.00000000,
1299.00000000,
1223.00000000,
849.00000000,
1953.00000000,
1207.00000000,
1180.00000000,
1343.00000000,
1825.00000000,
1468.00000000,
1511.00000000,
1667.00000000,
1202.00000000,
1754.00000000,
977.00000000,
1601.00000000,
