# backbone.stage2.3.conv.0.1.lamda (shape [1, 48, 1, 1], dtype float32),
8801.00000000,
217.00000000,
-2420.00000000,
-2027.00000000,
-5575.00000000,
1710.00000000,
-4970.00000000,
-3049.00000000,
663.00000000,
2132.00000000,
-319.00000000,
965.00000000,
943.00000000,
-2282.00000000,
4614.00000000,
786.00000000,
5472.00000000,
6819.00000000,
-3007.00000000,
-1826.00000000,
-1540.00000000,
6926.00000000,
615.00000000,
4509.00000000,
502.00000000,
-2078.00000000,
-7726.00000000,
4259.00000000,
-3504.00000000,
-3093.00000000,
4011.00000000,
3204.00000000,
-1287.00000000,
-5459.00000000,
-694.00000000,
-2136.00000000,
1912.00000000,
-5622.00000000,
-331.00000000,
114.00000000,
1193.00000000,
1081.00000000,
5019.00000000,
2661.00000000,
-539.00000000,
-259.00000000,
8191.00000000,
7840.00000000,
