# backbone.stage2.4.conv.1.1.kappa (shape [1, 48, 1, 1], dtype float32),
1173.00000000,
1327.00000000,
1370.00000000,
876.00000000,
1046.00000000,
1189.00000000,
1391.00000000,
1270.00000000,
1162.00000000,
1223.00000000,
1203.00000000,
2048.00000000,
1128.00000000,
1198.00000000,
1189.00000000,
1324.00000000,
1506.00000000,
1345.00000000,
939.00000000,
638.00000000,
1662.00000000,
1186.00000000,
1019.00000000,
963.00000000,
1604.00000000,
1226.00000000,
1118.00000000,
823.00000000,
994.00000000,
1201.00000000,
793.00000000,
1869.00000000,
1016.00000000,
1596.00000000,
1160.00000000,
1591.00000000,
1283.00000000,
837.00000000,
979.00000000,
1197.00000000,
1359.00000000,
1122.00000000,
896.00000000,
1087.00000000,
782.00000000,
1070.00000000,
1292.00000000,
1549.00000000,
