# backbone.stage0.1.conv.1.weight (shape [8, 8, 1, 1], dtype float32),
39.00000000,
17.00000000,
127.00000000,
28.00000000,
42.00000000,
2.00000000,
-38.00000000,
-37.00000000,
-40.00000000,
66.00000000,
-78.00000000,
-49.00000000,
113.00000000,
-66.00000000,
44.00000000,
96.00000000,
-26.00000000,
32.00000000,
36.00000000,
-36.00000000,
-47.00000000,
-47.00000000,
48.00000000,
-98.00000000,
60.00000000,
-41.00000000,
-92.00000000,
-128.00000000,
1.00000000,
-7.00000000,
3.00000000,
-43.00000000,
91.00000000,
-78.00000000,
-24.00000000,
-36.00000000,
-58.00000000,
11.00000000,
-82.00000000,
38.00000000,
28.00000000,
14.00000000,
6.00000000,
65.00000000,
33.00000000,
-115.00000000,
-34.00000000,
-11.00000000,
-45.00000000,
63.00000000,
-61.00000000,
-19.00000000,
-87.00000000,
29.00000000,
-12.00000000,
80.00000000,
36.00000000,
27.00000000,
11.00000000,
-79.00000000,
49.00000000,
25.00000000,
74.00000000,
91.00000000,
