# backbone.stage1.0.conv.0.1.lamda (shape [1, 48, 1, 1], dtype float32),
-79744.00000000,
32400.00000000,
-6485.00000000,
27532.00000000,
119702.00000000,
36264.00000000,
44305.00000000,
-156930.00000000,
93134.00000000,
-23490.00000000,
-25382.00000000,
71976.00000000,
129794.00000000,
9763.00000000,
27847.00000000,
-54678.00000000,
19038.00000000,
201651.00000000,
-88495.00000000,
-76476.00000000,
97626.00000000,
-63366.00000000,
-19113.00000000,
43729.00000000,
-102911.00000000,
-142892.00000000,
-2430.00000000,
203827.00000000,
-154069.00000000,
-30471.00000000,
11726.00000000,
34617.00000000,
-76205.00000000,
12191.00000000,
103623.00000000,
114598.00000000,
-76027.00000000,
30350.00000000,
-26681.00000000,
83640.00000000,
-132844.00000000,
-56357.00000000,
-161356.00000000,
79892.00000000,
6322.00000000,
-117690.00000000,
33843.00000000,
-50969.00000000,
