# backbone.stage2.6.conv.0.1.kappa (shape [1, 96, 1, 1], dtype float32),
769.00000000,
998.00000000,
1190.00000000,
1071.00000000,
1426.00000000,
1085.00000000,
819.00000000,
881.00000000,
2048.00000000,
1299.00000000,
1130.00000000,
1059.00000000,
828.00000000,
1250.00000000,
1690.00000000,
1246.00000000,
1326.00000000,
988.00000000,
1002.00000000,
893.00000000,
1324.00000000,
1519.00000000,
1263.00000000,
684.00000000,
1359.00000000,
1196.00000000,
1468.00000000,
1270.00000000,
1298.00000000,
938.00000000,
1040.00000000,
1036.00000000,
1051.00000000,
811.00000000,
1396.00000000,
1570.00000000,
511.00000000,
1312.00000000,
1039.00000000,
1331.00000000,
880.00000000,
1367.00000000,
1648.00000000,
1247.00000000,
1017.00000000,
887.00000000,
1322.00000000,
1438.00000000,
759.00000000,
1154.00000000,
939.00000000,
963.00000000,
1316.00000000,
846.00000000,
1237.00000000,
960.00000000,
1074.00000000,
1072.00000000,
1415.00000000,
1388.00000000,
1367.00000000,
1061.00000000,
1154.00000000,
1433.00000000,
816.00000000,
1156.00000000,
1145.00000000,
992.00000000,
1037.00000000,
849.00000000,
1063.00000000,
1333.00000000,
763.00000000,
875.00000000,
1051.00000000,
935.00000000,
793.00000000,
1017.00000000,
1756.00000000,
947.00000000,
888.00000000,
1212.00000000,
1092.00000000,
957.00000000,
1298.00000000,
1365.00000000,
1133.00000000,
812.00000000,
856.00000000,
1039.00000000,
1634.00000000,
1260.00000000,
1189.00000000,
1255.00000000,
690.00000000,
1095.00000000,
