# backbone.stage2.2.conv.0.1.kappa (shape [1, 48, 1, 1], dtype float32),
1097.00000000,
658.00000000,
995.00000000,
821.00000000,
929.00000000,
1352.00000000,
1175.00000000,
945.00000000,
933.00000000,
946.00000000,
566.00000000,
943.00000000,
762.00000000,
1373.00000000,
875.00000000,
815.00000000,
996.00000000,
878.00000000,
1048.00000000,
824.00000000,
980.00000000,
1127.00000000,
692.00000000,
2048.00000000,
947.00000000,
934.00000000,
943.00000000,
1198.00000000,
1053.00000000,
1271.00000000,
585.00000000,
1420.00000000,
1171.00000000,
750.00000000,
905.00000000,
1941.00000000,
1538.00000000,
789.00000000,
1967.00000000,
1373.00000000,
977.00000000,
378.00000000,
778.00000000,
1471.00000000,
790.00000000,
648.00000000,
915.00000000,
972.00000000,
