# 163 (shape [1, 48, 8, 8]),
0,
0,
0,
0,
0,
0,
3,
0,
0,
0,
0,
0,
0,
0,
0,
0,
0,
0,
0,
0,
0,
0,
0,
0,
0,
0,
0,
0,
0,
0,
0,
0,
0,
0,
0,
0,
0,
0,
0,
0,
0,
0,
0,
0,
0,
0,
0,
0,
0,
0,
0,
0,
0,
0,
0,
0,
0,
0,
0,
0,
0,
0,
0,
0,
10,
0,
10,
17,
7,
0,
0,
0,
18,
0,
0,
0,
0,
0,
0,
0,
12,
0,
0,
0,
0,
0,
0,
0,
9,
0,
0,
0,
2,
0,
0,
0,
0,
0,
0,
0,
0,
0,
0,
0,
0,
0,
0,
0,
0,
0,
0,
0,
0,
0,
0,
3,
0,
0,
0,
0,
0,
0,
0,
0,
0,
0,
0,
0,
2,
22,
23,
28,
19,
29,
38,
2,
11,
0,
0,
10,
0,
11,
7,
0,
18,
0,
0,
0,
0,
0,
9,
0,
0,
0,
0,
3,
0,
0,
0,
0,
0,
0,
0,
0,
0,
0,
0,
17,
0,
0,
0,
0,
0,
0,
2,
18,
6,
0,
0,
1,
0,
0,
0,
0,
1,
0,
0,
0,
0,
8,
0,
12,
18,
0,
1,
7,
10,
28,
2,
0,
5,
0,
0,
0,
0,
0,
0,
0,
11,
0,
0,
0,
0,
0,
0,
0,
13,
0,
0,
0,
0,
0,
0,
0,
10,
0,
0,
3,
0,
0,
7,
12,
14,
0,
0,
0,
0,
3,
0,
14,
28,
0,
0,
0,
0,
0,
0,
0,
32,
0,
0,
7,
0,
1,
0,
3,
6,
0,
1,
0,
0,
11,
0,
4,
5,
0,
0,
0,
0,
0,
0,
0,
0,
0,
0,
0,
0,
0,
0,
0,
2,
0,
0,
0,
0,
0,
0,
0,
0,
0,
0,
0,
0,
0,
0,
0,
0,
0,
0,
0,
0,
0,
0,
0,
7,
0,
0,
0,
0,
0,
0,
0,
0,
0,
0,
0,
0,
0,
0,
0,
23,
11,
0,
25,
15,
15,
14,
0,
15,
16,
0,
25,
22,
30,
28,
0,
16,
6,
0,
12,
28,
20,
12,
0,
19,
14,
0,
0,
16,
22,
25,
9,
14,
0,
0,
45,
6,
26,
17,
9,
13,
6,
0,
13,
16,
18,
26,
9,
15,
0,
0,
8,
2,
15,
8,
3,
6,
0,
0,
10,
0,
14,
11,
0,
13,
0,
0,
0,
0,
6,
0,
0,
22,
0,
0,
0,
0,
0,
0,
0,
13,
0,
0,
0,
0,
0,
0,
0,
8,
0,
0,
0,
0,
0,
0,
0,
23,
0,
0,
0,
0,
0,
0,
0,
21,
0,
0,
0,
0,
0,
0,
0,
26,
0,
0,
0,
0,
0,
0,
0,
34,
0,
0,
6,
11,
0,
0,
0,
3,
0,
0,
0,
0,
0,
0,
13,
3,
10,
14,
0,
0,
0,
4,
26,
0,
4,
6,
0,
0,
0,
0,
9,
0,
9,
21,
0,
0,
0,
0,
0,
0,
6,
9,
0,
0,
0,
0,
0,
0,
0,
13,
0,
0,
0,
0,
7,
0,
3,
19,
5,
0,
0,
0,
8,
0,
0,
25,
0,
0,
0,
0,
0,
4,
0,
1,
0,
0,
0,
0,
0,
2,
0,
0,
0,
0,
0,
0,
0,
0,
0,
0,
0,
0,
0,
0,
0,
0,
0,
0,
0,
0,
0,
0,
0,
0,
0,
0,
0,
0,
0,
0,
0,
2,
0,
0,
0,
0,
0,
0,
0,
0,
0,
0,
0,
0,
0,
0,
0,
0,
0,
0,
0,
0,
0,
0,
0,
2,
0,
0,
0,
0,
0,
0,
33,
0,
0,
0,
0,
0,
0,
0,
9,
0,
0,
0,
0,
0,
0,
0,
18,
0,
0,
0,
0,
0,
0,
0,
16,
0,
0,
0,
0,
0,
0,
0,
0,
0,
0,
0,
0,
0,
0,
0,
11,
0,
22,
0,
0,
0,
0,
0,
39,
4,
0,
0,
0,
0,
0,
0,
0,
0,
2,
2,
0,
0,
0,
0,
7,
0,
5,
13,
0,
0,
0,
0,
0,
0,
2,
22,
0,
0,
0,
0,
0,
0,
11,
29,
8,
0,
0,
0,
5,
0,
13,
8,
0,
11,
0,
7,
0,
0,
12,
12,
0,
0,
0,
7,
0,
0,
11,
33,
0,
0,
0,
0,
0,
0,
0,
0,
0,
0,
0,
4,
0,
16,
2,
4,
0,
0,
3,
13,
23,
1,
15,
24,
20,
0,
0,
19,
33,
0,
0,
7,
8,
6,
2,
29,
23,
0,
0,
19,
53,
20,
35,
17,
16,
0,
4,
28,
20,
8,
43,
21,
55,
15,
0,
8,
43,
11,
19,
14,
62,
25,
0,
53,
55,
30,
37,
36,
28,
22,
0,
17,
29,
12,
28,
33,
17,
1,
0,
0,
0,
0,
0,
0,
7,
0,
0,
0,
0,
0,
0,
6,
7,
16,
0,
0,
6,
0,
0,
31,
44,
14,
0,
0,
0,
0,
0,
40,
40,
8,
0,
6,
1,
0,
0,
29,
41,
24,
0,
0,
13,
0,
5,
0,
33,
33,
0,
0,
8,
0,
0,
0,
46,
26,
0,
0,
34,
0,
26,
15,
71,
16,
0,
0,
0,
0,
0,
0,
0,
0,
0,
0,
0,
0,
0,
0,
0,
0,
0,
0,
0,
0,
0,
0,
0,
13,
0,
0,
0,
0,
0,
0,
6,
5,
0,
0,
0,
0,
0,
0,
2,
0,
0,
0,
0,
0,
0,
0,
12,
0,
0,
0,
0,
0,
0,
0,
9,
20,
0,
0,
3,
0,
0,
0,
18,
8,
0,
12,
10,
7,
10,
0,
0,
22,
0,
0,
0,
0,
0,
0,
0,
21,
0,
0,
0,
0,
0,
0,
0,
0,
0,
0,
0,
0,
0,
0,
0,
0,
0,
0,
0,
0,
0,
0,
0,
25,
5,
0,
0,
0,
0,
0,
0,
19,
0,
0,
0,
0,
0,
0,
0,
14,
0,
0,
0,
0,
0,
0,
0,
7,
1,
0,
15,
17,
29,
5,
0,
6,
0,
26,
44,
39,
53,
35,
11,
32,
5,
24,
44,
50,
43,
49,
29,
24,
34,
36,
23,
24,
36,
46,
59,
13,
22,
45,
77,
54,
46,
40,
36,
15,
22,
18,
48,
57,
47,
57,
16,
28,
21,
1,
48,
37,
43,
34,
23,
16,
49,
26,
46,
53,
51,
48,
40,
1,
0,
0,
0,
0,
0,
0,
0,
8,
0,
0,
0,
0,
0,
0,
0,
3,
0,
0,
0,
0,
0,
0,
0,
0,
0,
0,
0,
0,
0,
0,
0,
0,
0,
0,
0,
0,
0,
0,
0,
2,
0,
0,
0,
0,
0,
0,
0,
0,
0,
0,
0,
0,
0,
0,
0,
9,
0,
0,
0,
0,
0,
0,
0,
4,
33,
2,
25,
23,
2,
13,
16,
12,
54,
13,
44,
19,
21,
27,
21,
20,
75,
26,
32,
38,
43,
43,
22,
17,
75,
3,
36,
35,
32,
20,
20,
12,
58,
6,
38,
67,
6,
30,
10,
31,
90,
20,
28,
60,
6,
30,
19,
5,
67,
18,
46,
30,
21,
24,
16,
0,
50,
2,
20,
2,
8,
16,
0,
12,
6,
18,
0,
6,
18,
0,
0,
30,
15,
42,
0,
29,
15,
0,
0,
25,
15,
49,
14,
45,
34,
0,
31,
26,
3,
23,
2,
0,
21,
0,
21,
32,
16,
40,
21,
3,
21,
0,
0,
36,
10,
56,
19,
36,
24,
27,
0,
1,
15,
29,
0,
14,
7,
32,
24,
25,
31,
34,
9,
33,
0,
19,
1,
0,
0,
21,
0,
17,
0,
24,
29,
0,
0,
35,
0,
22,
3,
12,
24,
0,
0,
25,
2,
0,
0,
0,
0,
0,
0,
27,
4,
0,
0,
0,
0,
0,
0,
47,
0,
0,
0,
9,
0,
0,
0,
22,
0,
0,
17,
0,
1,
0,
0,
39,
2,
0,
12,
0,
0,
0,
0,
0,
0,
0,
12,
0,
7,
6,
4,
0,
0,
0,
0,
14,
4,
1,
1,
0,
0,
0,
0,
0,
0,
0,
0,
0,
0,
0,
0,
0,
0,
0,
0,
0,
0,
0,
0,
0,
0,
0,
3,
0,
0,
0,
0,
0,
5,
0,
0,
0,
0,
0,
0,
0,
8,
23,
0,
0,
0,
0,
0,
0,
0,
5,
0,
0,
0,
0,
0,
0,
13,
0,
0,
0,
0,
0,
16,
0,
0,
0,
16,
17,
30,
26,
21,
38,
61,
13,
28,
0,
4,
32,
22,
34,
70,
13,
22,
29,
2,
15,
20,
27,
50,
5,
10,
13,
36,
40,
21,
3,
6,
20,
15,
12,
0,
40,
15,
9,
21,
14,
29,
1,
0,
16,
3,
19,
39,
38,
71,
35,
60,
68,
62,
36,
84,
30,
19,
0,
13,
10,
17,
5,
0,
20,
32,
0,
18,
0,
7,
23,
0,
34,
41,
0,
15,
18,
19,
51,
0,
35,
21,
0,
11,
11,
9,
29,
0,
31,
19,
0,
16,
9,
8,
20,
1,
30,
21,
0,
29,
22,
1,
15,
0,
10,
8,
0,
13,
31,
21,
20,
0,
34,
22,
6,
21,
35,
16,
38,
14,
23,
0,
0,
0,
0,
0,
0,
0,
40,
18,
0,
0,
0,
15,
8,
0,
36,
0,
0,
0,
0,
0,
0,
0,
21,
0,
0,
0,
0,
0,
0,
0,
29,
9,
0,
3,
0,
0,
0,
0,
49,
0,
0,
0,
0,
0,
2,
0,
45,
22,
0,
0,
0,
0,
0,
0,
38,
14,
0,
0,
0,
0,
0,
0,
14,
0,
21,
21,
20,
0,
21,
42,
24,
25,
49,
37,
39,
27,
57,
83,
16,
32,
41,
22,
22,
2,
47,
79,
29,
32,
50,
45,
37,
18,
28,
44,
23,
1,
61,
56,
38,
52,
33,
54,
21,
12,
48,
20,
11,
54,
20,
78,
34,
5,
80,
58,
27,
59,
31,
77,
60,
30,
61,
55,
43,
56,
57,
78,
0,
8,
2,
5,
15,
1,
1,
0,
0,
28,
40,
30,
38,
17,
33,
14,
0,
37,
42,
31,
22,
34,
25,
14,
1,
40,
49,
38,
9,
18,
11,
4,
0,
42,
45,
46,
56,
38,
19,
0,
0,
49,
33,
35,
53,
22,
55,
0,
0,
54,
43,
27,
37,
19,
35,
0,
0,
72,
54,
29,
53,
45,
40,
1,
2,
0,
0,
0,
0,
0,
0,
0,
2,
14,
0,
0,
0,
0,
0,
0,
0,
8,
0,
0,
0,
0,
0,
0,
0,
0,
0,
0,
0,
0,
0,
0,
3,
0,
0,
0,
0,
0,
0,
2,
13,
0,
0,
0,
0,
0,
0,
0,
11,
5,
0,
0,
0,
0,
0,
0,
0,
0,
0,
0,
0,
0,
0,
0,
13,
0,
0,
0,
3,
0,
0,
0,
6,
0,
6,
0,
0,
0,
0,
0,
1,
0,
0,
0,
0,
1,
0,
0,
0,
0,
0,
0,
0,
0,
0,
0,
0,
0,
0,
0,
0,
14,
0,
0,
0,
0,
0,
0,
0,
4,
0,
0,
0,
0,
8,
0,
0,
0,
0,
0,
0,
0,
0,
0,
15,
0,
0,
0,
0,
0,
0,
0,
0,
0,
0,
17,
0,
0,
0,
0,
0,
0,
0,
38,
0,
0,
0,
0,
0,
0,
0,
0,
0,
0,
0,
0,
0,
0,
0,
0,
0,
0,
0,
0,
0,
0,
0,
0,
0,
0,
0,
0,
0,
0,
0,
0,
0,
0,
0,
0,
0,
0,
0,
0,
0,
0,
0,
0,
0,
0,
0,
0,
14,
0,
0,
5,
0,
0,
30,
0,
0,
21,
0,
21,
0,
0,
37,
0,
0,
36,
0,
5,
0,
6,
14,
14,
0,
16,
0,
0,
0,
0,
5,
0,
0,
13,
0,
7,
19,
0,
9,
7,
0,
24,
0,
4,
0,
0,
9,
1,
0,
19,
0,
0,
0,
0,
0,
5,
0,
4,
0,
0,
0,
0,
3,
0,
0,
3,
0,
0,
0,
0,
0,
0,
4,
0,
0,
0,
0,
0,
0,
0,
0,
0,
0,
0,
0,
0,
0,
14,
0,
0,
0,
0,
0,
0,
0,
10,
0,
0,
0,
0,
0,
0,
0,
0,
12,
0,
0,
0,
0,
0,
0,
2,
0,
0,
0,
0,
0,
0,
0,
0,
0,
0,
0,
0,
0,
0,
0,
10,
25,
3,
4,
13,
0,
28,
10,
0,
27,
4,
16,
35,
0,
13,
0,
0,
23,
0,
0,
0,
13,
0,
0,
0,
24,
0,
0,
0,
0,
0,
0,
0,
27,
0,
0,
0,
0,
0,
4,
0,
35,
0,
0,
0,
0,
0,
0,
0,
22,
0,
0,
0,
0,
0,
0,
0,
27,
0,
0,
0,
0,
23,
6,
0,
0,
0,
0,
0,
0,
0,
0,
0,
0,
0,
0,
0,
0,
0,
0,
0,
0,
0,
0,
0,
0,
0,
0,
0,
0,
0,
0,
0,
0,
0,
0,
0,
0,
0,
0,
0,
0,
0,
0,
0,
0,
0,
0,
0,
0,
0,
0,
0,
0,
0,
0,
0,
0,
0,
0,
0,
0,
0,
0,
0,
0,
0,
0,
0,
15,
0,
17,
0,
19,
6,
0,
0,
18,
0,
28,
0,
0,
0,
0,
0,
17,
0,
12,
0,
0,
0,
0,
0,
13,
0,
3,
0,
0,
0,
0,
0,
10,
0,
28,
0,
0,
0,
0,
0,
1,
0,
34,
0,
0,
0,
0,
0,
2,
0,
21,
0,
0,
0,
0,
0,
23,
0,
26,
0,
15,
0,
4,
4,
28,
3,
0,
7,
0,
0,
29,
27,
17,
0,
0,
0,
0,
0,
0,
13,
7,
0,
0,
0,
0,
0,
0,
34,
13,
0,
0,
0,
0,
0,
0,
1,
20,
0,
0,
0,
0,
0,
2,
14,
35,
0,
0,
0,
0,
0,
0,
30,
61,
0,
0,
0,
0,
0,
0,
21,
29,
0,
0,
18,
0,
0,
0,
47,
0,
8,
19,
1,
0,
0,
2,
28,
0,
3,
34,
0,
10,
0,
0,
70,
0,
0,
32,
9,
2,
0,
0,
61,
0,
0,
27,
23,
27,
9,
2,
25,
0,
0,
55,
0,
12,
29,
14,
28,
0,
0,
42,
10,
0,
8,
15,
26,
0,
10,
62,
26,
23,
38,
27,
43,
0,
2,
21,
27,
1,
17,
26,
45,
12,
4,
14,
2,
17,
16,
42,
33,
0,
0,
0,
0,
0,
0,
7,
0,
0,
0,
0,
0,
0,
0,
0,
0,
0,
0,
0,
0,
0,
0,
0,
0,
0,
0,
0,
0,
0,
0,
0,
11,
0,
0,
0,
0,
0,
0,
0,
1,
8,
0,
0,
0,
0,
0,
0,
6,
0,
0,
0,
0,
0,
0,
0,
7,
34,
34,
16,
15,
28,
17,
30,
9,
7,
9,
7,
0,
6,
0,
9,
7,
17,
0,
23,
0,
0,
0,
0,
20,
23,
0,
10,
6,
0,
0,
3,
5,
12,
0,
5,
18,
0,
12,
17,
10,
36,
0,
13,
0,
0,
8,
5,
11,
33,
0,
3,
23,
0,
8,
12,
7,
31,
0,
10,
0,
0,
0,
9,
19,
2,
0,
0,
0,
0,
0,
0,
0,
35,
0,
0,
0,
0,
0,
0,
0,
17,
0,
0,
0,
0,
0,
0,
0,
0,
0,
0,
0,
0,
0,
0,
0,
7,
0,
0,
0,
0,
0,
0,
0,
5,
0,
0,
0,
0,
0,
0,
0,
0,
0,
0,
0,
0,
0,
0,
0,
0,
7,
0,
0,
1,
0,
0,
0,
9,
0,
0,
0,
12,
6,
0,
19,
4,
0,
0,
0,
22,
0,
0,
0,
0,
0,
0,
0,
0,
3,
0,
0,
0,
0,
0,
0,
0,
0,
0,
0,
0,
0,
0,
0,
0,
0,
0,
0,
0,
0,
0,
0,
11,
0,
0,
0,
0,
0,
0,
0,
0,
0,
0,
0,
0,
0,
0,
0,
0,
0,
0,
0,
0,
0,
19,
0,
0,
2,
0,
0,
8,
4,
34,
0,
3,
0,
0,
0,
5,
0,
42,
6,
6,
0,
0,
15,
0,
0,
14,
8,
0,
1,
0,
8,
6,
7,
36,
0,
15,
0,
0,
0,
5,
2,
45,
0,
19,
6,
0,
0,
10,
10,
23,
0,
0,
0,
0,
9,
2,
26,
5,
0,
0,
0,
4,
24,
28,
17,
10,
10,
4,
18,
7,
0,
40,
32,
67,
55,
22,
48,
28,
7,
57,
40,
62,
53,
36,
60,
54,
19,
70,
63,
36,
55,
26,
49,
84,
33,
71,
75,
69,
74,
38,
31,
43,
37,
57,
60,
76,
59,
44,
63,
59,
43,
58,
34,
89,
37,
44,
22,
61,
33,
74,
49,
88,
71,
80,
71,
73,
27,
1,
0,
0,
0,
13,
11,
0,
13,
0,
0,
0,
19,
14,
40,
24,
2,
14,
0,
0,
7,
7,
26,
0,
5,
14,
0,
0,
0,
5,
0,
0,
12,
0,
0,
0,
29,
5,
12,
2,
21,
0,
0,
0,
10,
9,
16,
6,
16,
0,
14,
0,
0,
0,
5,
9,
21,
6,
0,
0,
0,
0,
0,
0,
1,
0,
0,
0,
0,
0,
0,
0,
0,
0,
0,
0,
0,
0,
0,
0,
0,
0,
0,
0,
0,
0,
0,
0,
3,
0,
0,
0,
0,
0,
0,
0,
0,
0,
0,
0,
0,
0,
0,
0,
0,
0,
0,
0,
0,
0,
0,
0,
10,
0,
0,
0,
0,
0,
0,
0,
0,
0,
0,
0,
0,
0,
0,
0,
0,
29,
0,
12,
0,
11,
15,
18,
0,
13,
11,
40,
5,
26,
21,
40,
0,
3,
13,
30,
13,
16,
1,
0,
0,
37,
0,
37,
16,
1,
0,
7,
0,
21,
0,
40,
47,
0,
2,
15,
0,
10,
0,
32,
0,
13,
30,
12,
0,
13,
0,
46,
0,
0,
6,
11,
0,
22,
0,
15,
0,
0,
0,
5,
0,
12,
9,
0,
0,
2,
4,
0,
0,
29,
0,
0,
0,
6,
0,
0,
0,
14,
0,
0,
0,
0,
0,
0,
0,
4,
0,
0,
0,
12,
17,
0,
0,
14,
0,
0,
0,
0,
0,
8,
0,
13,
0,
0,
0,
0,
0,
0,
0,
29,
0,
0,
0,
19,
0,
0,
0,
0,
0,
0,
0,
0,
0,
0,
0,
5,
27,
0,
18,
0,
0,
29,
4,
0,
21,
0,
18,
25,
13,
40,
0,
0,
19,
0,
0,
1,
11,
9,
0,
0,
34,
0,
0,
8,
0,
0,
0,
0,
0,
0,
10,
11,
1,
0,
0,
0,
20,
0,
0,
12,
0,
13,
0,
0,
36,
0,
12,
10,
0,
0,
0,
0,
0,
0,
0,
0,
0,
0,
0,
0,
0,
21,
5,
13,
15,
0,
0,
0,
0,
25,
0,
17,
6,
0,
0,
0,
0,
17,
0,
0,
6,
0,
0,
0,
0,
7,
0,
0,
4,
0,
0,
0,
0,
24,
0,
0,
15,
0,
0,
0,
0,
29,
0,
0,
15,
1,
0,
0,
0,
21,
0,
0,
0,
0,
0,
0,
0,
13,
0,
14,
11,
0,
0,
