# 174 (shape [1, 48, 8, 8]),
0,
13,
7,
18,
0,
12,
37,
39,
0,
14,
0,
2,
0,
0,
36,
34,
0,
8,
0,
0,
0,
0,
14,
2,
0,
0,
0,
7,
0,
0,
3,
1,
0,
13,
0,
0,
0,
0,
10,
12,
0,
8,
0,
18,
0,
0,
7,
22,
0,
12,
0,
10,
0,
2,
19,
30,
0,
0,
0,
0,
0,
0,
0,
0,
0,
0,
0,
0,
0,
0,
0,
0,
0,
0,
0,
0,
0,
0,
16,
0,
1,
0,
0,
0,
0,
18,
55,
0,
5,
0,
7,
0,
0,
24,
32,
0,
7,
4,
11,
0,
0,
14,
14,
0,
0,
15,
27,
0,
0,
0,
17,
0,
0,
22,
37,
0,
0,
0,
5,
0,
0,
12,
34,
0,
9,
11,
21,
0,
19,
11,
0,
10,
9,
15,
0,
0,
18,
17,
4,
0,
33,
1,
0,
6,
1,
7,
0,
0,
17,
0,
0,
14,
2,
11,
2,
2,
25,
0,
0,
0,
19,
11,
0,
11,
2,
8,
0,
0,
16,
0,
0,
0,
13,
0,
0,
0,
11,
4,
0,
7,
0,
24,
0,
0,
0,
0,
0,
0,
0,
0,
0,
0,
0,
0,
0,
0,
4,
0,
0,
0,
0,
0,
0,
0,
9,
0,
0,
0,
17,
0,
0,
0,
6,
7,
0,
0,
28,
0,
0,
0,
0,
16,
0,
0,
9,
0,
0,
0,
0,
0,
0,
0,
26,
0,
0,
0,
0,
0,
0,
0,
33,
0,
0,
0,
0,
0,
0,
0,
26,
7,
0,
0,
14,
0,
16,
0,
10,
17,
38,
36,
17,
19,
9,
0,
28,
38,
52,
73,
53,
52,
52,
8,
37,
78,
68,
57,
62,
66,
70,
45,
38,
83,
89,
97,
78,
73,
63,
22,
46,
93,
83,
93,
72,
67,
73,
7,
44,
86,
71,
101,
73,
53,
59,
9,
53,
126,
112,
138,
116,
134,
108,
56,
37,
61,
58,
70,
57,
59,
53,
33,
5,
17,
12,
0,
0,
4,
0,
5,
0,
0,
0,
0,
0,
0,
1,
0,
4,
11,
0,
0,
0,
5,
19,
0,
0,
0,
0,
0,
7,
0,
0,
0,
0,
0,
0,
0,
0,
0,
0,
0,
0,
0,
12,
0,
0,
0,
0,
0,
0,
0,
0,
0,
0,
2,
0,
0,
0,
0,
3,
0,
0,
4,
2,
0,
0,
0,
0,
0,
0,
0,
0,
27,
0,
0,
10,
2,
0,
0,
0,
21,
9,
0,
39,
28,
0,
0,
0,
2,
0,
0,
28,
40,
16,
4,
0,
13,
1,
0,
3,
24,
17,
9,
9,
15,
0,
0,
38,
15,
22,
18,
22,
10,
0,
0,
10,
23,
13,
6,
6,
15,
0,
17,
14,
14,
17,
13,
2,
23,
0,
0,
0,
0,
0,
0,
0,
0,
0,
0,
0,
0,
0,
0,
0,
0,
0,
0,
0,
0,
0,
0,
0,
0,
0,
0,
0,
0,
0,
0,
0,
0,
0,
0,
0,
0,
0,
0,
0,
0,
0,
0,
0,
0,
0,
0,
0,
0,
0,
0,
0,
0,
0,
0,
0,
0,
5,
0,
0,
0,
0,
0,
0,
0,
4,
14,
0,
18,
0,
0,
0,
0,
34,
45,
0,
0,
0,
0,
0,
0,
45,
49,
0,
23,
0,
0,
3,
0,
36,
45,
0,
40,
0,
0,
0,
0,
30,
41,
0,
16,
0,
0,
0,
0,
44,
61,
0,
35,
0,
0,
6,
0,
58,
57,
4,
8,
0,
0,
18,
0,
18,
39,
0,
0,
3,
0,
17,
0,
0,
15,
15,
34,
33,
19,
5,
43,
0,
16,
7,
29,
42,
0,
17,
48,
0,
30,
8,
23,
28,
0,
35,
50,
0,
23,
31,
40,
45,
8,
7,
19,
0,
12,
6,
12,
22,
19,
16,
17,
0,
10,
8,
16,
15,
16,
22,
37,
0,
47,
18,
42,
53,
43,
35,
44,
0,
0,
0,
0,
0,
0,
4,
5,
0,
0,
0,
0,
0,
0,
0,
0,
0,
0,
0,
0,
0,
0,
0,
11,
0,
0,
0,
0,
0,
0,
0,
0,
0,
0,
0,
0,
0,
0,
0,
0,
0,
0,
0,
0,
0,
0,
0,
0,
0,
0,
0,
0,
0,
0,
13,
0,
0,
0,
0,
0,
0,
0,
15,
0,
0,
0,
9,
0,
0,
0,
14,
11,
0,
0,
0,
0,
0,
0,
0,
8,
0,
0,
0,
0,
0,
0,
0,
0,
0,
0,
0,
0,
0,
0,
0,
0,
0,
0,
0,
0,
0,
0,
0,
0,
0,
0,
0,
0,
0,
0,
0,
0,
0,
0,
0,
0,
0,
0,
0,
0,
0,
0,
0,
0,
0,
0,
0,
0,
0,
0,
0,
0,
0,
0,
0,
0,
0,
0,
0,
0,
0,
0,
0,
5,
0,
12,
0,
0,
0,
0,
0,
0,
0,
16,
0,
0,
0,
0,
0,
8,
0,
8,
0,
1,
0,
0,
0,
4,
0,
13,
0,
0,
0,
0,
0,
0,
0,
21,
0,
0,
0,
0,
0,
0,
0,
37,
0,
0,
0,
0,
0,
7,
0,
23,
0,
0,
0,
0,
0,
3,
12,
0,
19,
24,
16,
40,
37,
18,
17,
0,
6,
15,
4,
24,
43,
37,
27,
10,
15,
38,
13,
28,
72,
53,
22,
23,
30,
52,
48,
53,
71,
40,
10,
28,
41,
31,
48,
44,
65,
44,
21,
12,
16,
39,
52,
24,
69,
38,
42,
35,
33,
65,
71,
61,
86,
70,
28,
23,
11,
53,
39,
39,
36,
32,
0,
0,
0,
0,
0,
0,
0,
0,
0,
0,
0,
0,
0,
0,
0,
0,
0,
0,
0,
0,
0,
0,
0,
0,
0,
0,
0,
0,
0,
0,
0,
0,
0,
0,
0,
0,
0,
0,
0,
0,
0,
0,
0,
0,
0,
0,
0,
0,
5,
0,
0,
0,
0,
0,
0,
0,
19,
0,
0,
0,
0,
0,
0,
0,
0,
0,
2,
15,
20,
21,
13,
0,
1,
6,
15,
36,
11,
36,
28,
0,
8,
12,
13,
45,
10,
34,
42,
3,
8,
24,
32,
47,
28,
50,
47,
0,
4,
19,
26,
57,
17,
32,
32,
9,
6,
12,
16,
48,
31,
25,
31,
7,
24,
17,
36,
55,
41,
45,
64,
24,
10,
21,
21,
35,
18,
18,
26,
16,
0,
0,
0,
0,
0,
0,
0,
0,
0,
0,
0,
0,
0,
0,
0,
11,
0,
0,
0,
0,
0,
0,
0,
0,
0,
0,
0,
0,
0,
0,
0,
0,
0,
0,
0,
0,
0,
0,
0,
0,
1,
0,
0,
0,
0,
0,
0,
0,
2,
0,
0,
0,
0,
0,
5,
0,
1,
0,
0,
0,
0,
0,
0,
4,
0,
0,
0,
0,
0,
0,
0,
0,
0,
0,
0,
0,
0,
0,
0,
0,
3,
0,
0,
0,
0,
0,
0,
0,
0,
0,
0,
0,
0,
0,
0,
0,
0,
0,
0,
0,
0,
0,
0,
0,
0,
0,
0,
0,
0,
0,
0,
0,
0,
0,
0,
0,
0,
0,
0,
0,
4,
0,
0,
0,
0,
0,
0,
0,
0,
0,
0,
0,
0,
0,
0,
0,
9,
0,
0,
0,
0,
0,
0,
0,
0,
0,
0,
0,
0,
0,
0,
0,
0,
0,
0,
0,
0,
0,
0,
0,
0,
0,
0,
0,
0,
0,
0,
0,
0,
0,
0,
0,
0,
0,
0,
0,
0,
0,
0,
0,
0,
0,
0,
0,
0,
0,
0,
2,
0,
0,
0,
0,
0,
0,
0,
0,
0,
0,
0,
0,
0,
0,
0,
0,
0,
0,
0,
0,
0,
0,
0,
0,
0,
0,
0,
0,
0,
0,
0,
0,
0,
0,
0,
0,
0,
0,
0,
0,
0,
0,
0,
0,
2,
0,
0,
0,
0,
0,
0,
0,
0,
0,
0,
0,
0,
0,
0,
0,
2,
0,
0,
0,
0,
0,
0,
0,
0,
0,
0,
0,
0,
0,
2,
3,
0,
0,
0,
0,
0,
0,
0,
0,
0,
0,
0,
0,
0,
0,
0,
0,
0,
0,
0,
0,
0,
0,
0,
0,
0,
0,
0,
0,
0,
0,
0,
0,
0,
0,
0,
0,
0,
0,
0,
0,
0,
0,
0,
0,
0,
0,
0,
0,
0,
0,
0,
0,
0,
0,
0,
0,
0,
0,
0,
0,
0,
0,
0,
0,
0,
0,
0,
0,
0,
0,
0,
0,
0,
0,
0,
0,
0,
0,
0,
0,
0,
0,
0,
0,
0,
0,
0,
0,
0,
0,
0,
0,
0,
0,
0,
0,
0,
0,
0,
0,
0,
0,
0,
0,
0,
0,
0,
0,
0,
0,
0,
0,
14,
0,
3,
0,
0,
0,
0,
0,
0,
0,
0,
0,
0,
0,
0,
3,
0,
0,
0,
0,
0,
0,
0,
0,
0,
0,
0,
0,
0,
0,
0,
0,
0,
0,
0,
0,
0,
0,
0,
0,
0,
0,
0,
0,
0,
0,
0,
0,
0,
0,
0,
0,
0,
0,
0,
0,
0,
0,
0,
0,
0,
0,
0,
0,
0,
0,
7,
0,
0,
0,
0,
0,
0,
0,
0,
0,
0,
0,
0,
0,
0,
0,
0,
0,
10,
0,
7,
3,
4,
0,
0,
0,
10,
19,
34,
0,
0,
0,
0,
0,
0,
8,
25,
2,
0,
0,
0,
0,
0,
5,
26,
4,
0,
4,
0,
0,
9,
4,
13,
20,
0,
0,
0,
0,
17,
7,
25,
1,
0,
0,
0,
0,
1,
0,
17,
0,
7,
0,
0,
0,
2,
14,
0,
28,
30,
0,
0,
0,
0,
0,
0,
30,
13,
0,
0,
0,
0,
0,
0,
0,
0,
0,
0,
0,
0,
0,
0,
5,
0,
0,
0,
0,
0,
0,
0,
0,
0,
0,
0,
0,
0,
0,
0,
0,
2,
0,
0,
0,
0,
0,
0,
0,
11,
0,
0,
0,
0,
0,
0,
0,
1,
0,
0,
1,
2,
4,
0,
0,
12,
0,
0,
10,
15,
13,
0,
0,
15,
0,
5,
33,
34,
16,
0,
0,
16,
0,
3,
10,
35,
5,
0,
5,
15,
2,
0,
26,
23,
17,
0,
0,
11,
0,
0,
17,
16,
23,
0,
0,
0,
0,
0,
17,
13,
21,
0,
0,
4,
0,
0,
4,
31,
6,
0,
0,
0,
0,
3,
0,
11,
0,
0,
15,
0,
0,
0,
0,
8,
0,
0,
11,
0,
0,
0,
0,
0,
3,
0,
8,
0,
8,
0,
0,
2,
6,
0,
14,
0,
2,
0,
0,
0,
0,
0,
0,
4,
20,
0,
0,
0,
0,
0,
0,
9,
22,
0,
0,
10,
0,
0,
0,
16,
19,
0,
0,
0,
0,
0,
10,
0,
0,
0,
0,
0,
0,
4,
0,
0,
0,
0,
0,
0,
0,
0,
0,
0,
0,
0,
0,
0,
0,
0,
0,
0,
0,
0,
0,
0,
0,
0,
0,
0,
0,
0,
0,
0,
0,
0,
0,
0,
0,
0,
0,
0,
0,
0,
0,
0,
0,
0,
0,
0,
0,
0,
0,
0,
0,
0,
0,
0,
0,
0,
0,
0,
0,
0,
0,
0,
0,
0,
0,
21,
7,
0,
0,
20,
0,
0,
0,
41,
29,
0,
0,
14,
4,
13,
0,
39,
2,
0,
0,
5,
0,
0,
0,
38,
0,
0,
0,
0,
0,
0,
0,
40,
14,
2,
0,
0,
0,
0,
0,
34,
24,
0,
33,
0,
0,
0,
0,
23,
42,
7,
24,
5,
23,
0,
0,
0,
0,
0,
0,
0,
0,
18,
36,
0,
0,
0,
0,
0,
0,
23,
40,
0,
0,
0,
7,
0,
0,
0,
20,
0,
0,
0,
2,
0,
0,
11,
34,
0,
0,
0,
0,
0,
0,
24,
22,
0,
0,
0,
0,
0,
0,
36,
19,
0,
0,
0,
0,
14,
0,
43,
25,
0,
0,
0,
5,
9,
0,
30,
22,
7,
23,
42,
37,
26,
36,
20,
18,
27,
50,
41,
28,
11,
28,
35,
39,
37,
74,
26,
17,
1,
9,
30,
40,
23,
74,
41,
41,
39,
21,
19,
12,
32,
65,
36,
13,
34,
12,
20,
12,
19,
68,
33,
23,
8,
0,
0,
30,
37,
67,
27,
51,
49,
31,
40,
38,
29,
26,
17,
26,
21,
10,
37,
26,
0,
0,
0,
0,
0,
0,
0,
0,
0,
0,
0,
0,
0,
0,
0,
10,
0,
0,
0,
0,
0,
0,
0,
0,
0,
0,
0,
0,
0,
0,
0,
0,
5,
0,
0,
0,
0,
0,
0,
0,
22,
0,
0,
0,
0,
0,
0,
0,
19,
0,
8,
0,
0,
0,
0,
0,
23,
0,
11,
0,
0,
0,
11,
0,
0,
0,
0,
0,
0,
0,
0,
0,
0,
0,
0,
0,
7,
0,
0,
0,
0,
0,
0,
0,
0,
0,
0,
0,
3,
0,
0,
0,
0,
0,
0,
0,
11,
0,
0,
0,
0,
0,
0,
0,
27,
0,
0,
0,
0,
0,
0,
0,
26,
0,
0,
0,
0,
0,
0,
0,
9,
0,
0,
0,
0,
0,
0,
0,
0,
0,
0,
0,
0,
0,
17,
1,
0,
12,
0,
0,
0,
0,
21,
9,
0,
0,
0,
0,
0,
0,
0,
11,
0,
0,
0,
0,
0,
0,
0,
17,
0,
5,
0,
0,
0,
0,
0,
0,
0,
4,
0,
0,
0,
0,
4,
2,
0,
12,
0,
0,
5,
0,
19,
2,
0,
23,
2,
4,
13,
8,
18,
10,
0,
0,
0,
0,
0,
0,
0,
0,
0,
0,
0,
0,
0,
0,
0,
0,
0,
0,
0,
0,
0,
0,
0,
0,
0,
0,
0,
0,
0,
0,
0,
0,
0,
0,
0,
0,
0,
0,
0,
0,
0,
0,
0,
0,
0,
0,
0,
0,
0,
0,
0,
0,
0,
0,
0,
0,
0,
0,
0,
0,
0,
0,
0,
0,
0,
0,
0,
0,
0,
0,
0,
0,
0,
0,
0,
0,
0,
0,
0,
0,
0,
0,
0,
0,
0,
0,
0,
0,
0,
0,
0,
0,
0,
0,
0,
0,
0,
0,
0,
0,
0,
0,
0,
0,
0,
0,
0,
0,
0,
0,
0,
0,
0,
0,
0,
0,
0,
0,
0,
0,
0,
0,
0,
0,
0,
0,
0,
0,
0,
0,
0,
0,
0,
0,
0,
0,
0,
11,
0,
0,
0,
0,
0,
0,
0,
0,
0,
0,
0,
0,
0,
0,
0,
0,
0,
0,
0,
0,
0,
0,
0,
0,
0,
0,
0,
0,
0,
0,
0,
0,
0,
0,
0,
13,
0,
0,
0,
0,
0,
0,
0,
0,
0,
0,
0,
0,
0,
0,
0,
0,
0,
0,
0,
0,
0,
0,
0,
0,
0,
0,
0,
0,
0,
0,
0,
0,
0,
0,
0,
0,
0,
0,
0,
0,
0,
0,
0,
0,
0,
0,
0,
0,
0,
0,
0,
0,
0,
0,
0,
0,
0,
0,
0,
0,
0,
0,
0,
0,
0,
0,
0,
0,
0,
0,
0,
0,
0,
0,
0,
0,
0,
0,
0,
0,
0,
0,
0,
0,
0,
0,
0,
0,
0,
5,
0,
0,
0,
0,
0,
0,
0,
0,
0,
0,
0,
0,
0,
0,
0,
0,
0,
0,
0,
0,
0,
0,
0,
0,
0,
0,
0,
0,
0,
0,
0,
0,
0,
0,
0,
0,
0,
0,
0,
0,
0,
0,
0,
0,
0,
0,
0,
0,
0,
0,
0,
0,
0,
0,
0,
0,
0,
0,
0,
0,
2,
6,
0,
0,
14,
0,
0,
0,
0,
0,
0,
0,
10,
0,
0,
0,
0,
0,
0,
0,
0,
0,
0,
0,
0,
0,
0,
0,
0,
0,
0,
0,
0,
0,
0,
0,
0,
0,
0,
0,
0,
0,
0,
0,
6,
0,
0,
0,
0,
0,
0,
0,
2,
0,
0,
0,
0,
0,
0,
0,
0,
0,
0,
0,
0,
0,
0,
0,
0,
0,
0,
0,
0,
0,
0,
0,
0,
0,
0,
0,
0,
0,
0,
0,
0,
0,
0,
0,
0,
0,
0,
0,
0,
0,
0,
0,
0,
0,
0,
0,
0,
0,
0,
0,
0,
0,
0,
0,
0,
0,
0,
0,
0,
0,
0,
0,
0,
0,
0,
0,
0,
0,
0,
0,
12,
0,
5,
11,
21,
0,
0,
0,
29,
0,
4,
7,
40,
3,
0,
0,
35,
8,
0,
5,
25,
8,
0,
0,
32,
4,
5,
13,
10,
28,
0,
0,
37,
14,
0,
3,
29,
28,
0,
0,
28,
2,
0,
0,
12,
14,
0,
0,
26,
5,
0,
5,
27,
11,
0,
0,
18,
12,
10,
0,
33,
9,
0,
0,
0,
0,
0,
7,
0,
5,
0,
0,
9,
0,
6,
13,
0,
17,
3,
0,
28,
11,
33,
26,
17,
47,
31,
0,
27,
34,
21,
49,
19,
39,
49,
0,
39,
28,
17,
48,
27,
42,
34,
0,
48,
39,
41,
54,
20,
29,
39,
0,
46,
52,
32,
64,
46,
36,
60,
19,
21,
40,
39,
27,
35,
28,
47,
23,
0,
0,
0,
0,
0,
0,
0,
0,
0,
0,
0,
0,
0,
0,
0,
0,
0,
0,
0,
0,
0,
0,
0,
0,
0,
0,
0,
0,
0,
0,
0,
0,
0,
0,
0,
0,
0,
0,
0,
0,
0,
0,
0,
0,
0,
0,
0,
0,
0,
0,
0,
0,
0,
0,
0,
0,
9,
0,
0,
0,
0,
0,
0,
0,
0,
3,
0,
0,
0,
0,
23,
4,
0,
8,
0,
0,
0,
0,
23,
15,
0,
0,
0,
0,
0,
0,
0,
17,
0,
0,
0,
0,
0,
0,
0,
19,
0,
0,
0,
0,
0,
0,
0,
0,
0,
8,
0,
0,
0,
0,
18,
0,
0,
0,
0,
0,
0,
0,
3,
0,
3,
5,
0,
0,
14,
0,
19,
12,
0,
2,
15,
17,
21,
9,
0,
0,
26,
36,
35,
44,
40,
26,
24,
0,
31,
28,
28,
55,
56,
61,
81,
32,
23,
17,
42,
65,
28,
32,
43,
34,
26,
45,
25,
61,
26,
36,
0,
7,
4,
8,
32,
44,
28,
30,
27,
7,
4,
26,
0,
28,
47,
39,
42,
10,
16,
30,
22,
47,
50,
42,
51,
34,
0,
0,
0,
0,
0,
0,
0,
0,
0,
0,
0,
0,
0,
0,
0,
0,
0,
0,
0,
0,
0,
0,
0,
0,
0,
0,
0,
0,
0,
0,
0,
0,
0,
0,
0,
0,
0,
0,
0,
0,
0,
0,
0,
0,
0,
0,
0,
0,
0,
0,
0,
0,
0,
0,
0,
0,
0,
0,
0,
0,
0,
0,
0,
0,
0,
0,
0,
2,
0,
4,
12,
2,
0,
0,
5,
0,
0,
0,
14,
0,
0,
0,
4,
3,
0,
0,
0,
0,
0,
0,
0,
5,
0,
0,
0,
0,
0,
0,
10,
15,
0,
0,
0,
0,
0,
0,
9,
0,
0,
0,
9,
0,
0,
0,
13,
0,
0,
0,
11,
0,
0,
1,
16,
0,
2,
0,
8,
0,
