# 129 (shape [1, 32, 16, 16]),
-11191,
-1235,
-12202,
-13792,
-14782,
-13923,
-7839,
-13749,
-8544,
-1581,
-9041,
-17169,
-18602,
-7669,
-9806,
-7545,
-12391,
-7962,
-6026,
-16712,
-16596,
-12588,
-14114,
-14807,
-8002,
-7273,
-13743,
-8302,
-21434,
-18314,
-17598,
-10621,
-20998,
-20878,
-11238,
-8081,
-15317,
-16793,
-8212,
-10731,
-7767,
-18307,
-9789,
-14551,
-25943,
-23764,
-9010,
1238,
-16433,
-7777,
-5542,
-24080,
-11138,
-25009,
-19496,
-11371,
-3119,
-18285,
-24445,
-15124,
-20539,
-24469,
-14551,
-2720,
-16154,
-21779,
-16606,
-11933,
-12381,
-25671,
-14565,
-17926,
-15477,
-16388,
-13189,
-18917,
-13062,
-14560,
-18585,
-13569,
-10913,
-13048,
-14430,
-22625,
-3256,
-7354,
-9042,
-15129,
-18260,
-12141,
-20021,
-15500,
-1967,
-20300,
-19257,
-11411,
-22667,
-10368,
-2125,
-8856,
-10929,
-19670,
-19601,
-15583,
-21320,
-9476,
-13777,
-14967,
-16926,
-14164,
-659,
-9597,
-22292,
-20590,
-11149,
-11528,
-12821,
-13376,
-7120,
-17456,
-10485,
-10065,
-15725,
-15625,
-5023,
-17953,
-16000,
-10371,
-20666,
-5440,
-11795,
-23635,
-6437,
-16468,
-23973,
-6665,
-11321,
-1921,
529,
-10217,
-16661,
-4014,
-10759,
-2632,
-12698,
-11922,
-4814,
-9874,
-11805,
-12622,
-14053,
-27369,
-15949,
-15625,
-5193,
-6303,
-13404,
-14027,
-8595,
-5236,
-13334,
-13452,
990,
-12291,
-15497,
-21125,
-16404,
-22996,
-24909,
-17589,
-16747,
-5567,
-14445,
-8974,
-10948,
-89,
-16778,
-17588,
1568,
-14567,
-17883,
-17630,
-13816,
-20004,
-21651,
-11544,
-4890,
-14237,
-9123,
-15465,
-19498,
-5144,
-22804,
-9143,
-16794,
-15502,
-9295,
-15918,
-4746,
-5633,
-15602,
-10882,
-15359,
-17004,
-17623,
-19236,
-21695,
-16696,
-21125,
-12359,
-6788,
-14534,
-16989,
-14298,
-10827,
-20093,
-12866,
-14212,
-11656,
-13291,
-16619,
-19075,
-25218,
-15903,
-17441,
-18118,
-1137,
-4703,
-28236,
-21667,
-13650,
-21668,
-17243,
-21086,
-13095,
-7653,
-12628,
-15486,
-7397,
-6358,
-14068,
-10180,
-7358,
-7008,
-12076,
-17217,
-5338,
-10951,
-11350,
-13037,
-8733,
-7587,
-9126,
-16530,
-9623,
779,
-3003,
-3038,
-7747,
-9119,
619,
-9757,
-1255,
-3659,
-3536,
-7977,
-7358,
-10685,
-11634,
-9058,
-14188,
5336,
3328,
678,
-10182,
-10502,
-6382,
-6590,
-6525,
-14863,
-15476,
-8771,
-7301,
2007,
2701,
-15030,
-22312,
-11066,
4477,
2307,
3702,
15087,
12946,
11637,
15672,
-284,
5870,
-733,
21177,
15397,
29054,
18664,
-3985,
1142,
7975,
308,
1267,
13090,
4245,
10297,
18648,
16257,
8972,
4949,
15802,
11730,
18414,
23152,
7242,
4964,
4641,
10682,
21326,
11691,
-193,
9304,
17171,
7100,
15541,
19416,
15722,
19494,
13317,
15306,
6583,
11417,
14241,
10426,
14128,
15693,
8479,
2040,
1688,
11762,
3507,
22701,
17472,
19996,
5455,
4916,
12253,
9519,
23334,
6815,
4922,
-1073,
6043,
243,
-3430,
2887,
1364,
4145,
17276,
10733,
7537,
21888,
9408,
15091,
14591,
19439,
11698,
10107,
5602,
15467,
4984,
-499,
-4606,
-1970,
110,
15390,
10914,
11071,
8427,
7329,
9550,
13941,
2301,
9882,
5630,
4611,
24684,
17841,
4020,
1991,
-6783,
-10475,
5158,
2133,
3738,
1467,
10830,
5400,
11047,
7727,
8501,
6124,
17737,
28403,
22397,
4657,
1903,
4295,
8109,
6574,
4453,
3420,
722,
5017,
6578,
-2080,
5476,
14303,
16543,
23589,
18854,
11488,
-4892,
3472,
4888,
1939,
7655,
1976,
7704,
10658,
3122,
-3035,
-923,
13437,
13235,
8486,
18178,
14221,
8663,
4856,
9240,
5266,
4553,
9730,
16823,
9744,
-241,
11586,
-2089,
13711,
3729,
1038,
2681,
-3678,
-603,
11109,
16481,
6442,
13295,
20583,
17216,
14805,
8776,
17548,
14539,
11491,
-9161,
-578,
19036,
-2922,
-1819,
406,
6914,
10496,
6028,
8938,
9321,
3008,
5971,
9596,
20919,
13180,
-2277,
10603,
6205,
2173,
-2108,
3454,
1763,
16346,
5452,
-3123,
19379,
17263,
18405,
15678,
24688,
24363,
19719,
27063,
21549,
18963,
21925,
11460,
16418,
17273,
26211,
6919,
3531,
-732,
-12471,
-1179,
-6671,
4061,
-9550,
-4798,
-9167,
-2877,
-6415,
-984,
-1235,
-6540,
-1369,
-9472,
-1777,
-1946,
-3304,
-5177,
-3587,
-6034,
-9869,
-4002,
-8614,
-13132,
-1180,
-625,
1680,
9195,
7814,
-17321,
6144,
7281,
10893,
-3447,
6758,
10771,
-125,
9022,
3314,
-1992,
5190,
8497,
9534,
17408,
30990,
8137,
5676,
4911,
4667,
9355,
-936,
12094,
13728,
8244,
3035,
-8257,
2247,
11390,
19309,
10176,
19426,
14295,
10194,
11917,
10602,
9975,
14935,
7900,
1539,
6863,
10547,
12784,
4860,
10931,
10287,
13270,
12685,
9471,
7314,
24926,
8201,
-4291,
7059,
5990,
2980,
6599,
9901,
3646,
3283,
6805,
10030,
21414,
13676,
4729,
7688,
6761,
19313,
5859,
1199,
13681,
16086,
5601,
-5002,
-2333,
-2855,
11982,
13590,
10457,
-1080,
-439,
8967,
14202,
10179,
16444,
15202,
-1186,
121,
17530,
5061,
-3678,
-3178,
2588,
13931,
12442,
-3611,
2644,
9385,
13949,
6306,
4867,
13451,
8080,
4573,
6847,
21405,
8907,
1822,
9118,
-3225,
8838,
-1212,
-2056,
3939,
8506,
10483,
5176,
15103,
17876,
-992,
10892,
4208,
20262,
12381,
7600,
-2817,
4117,
8010,
1029,
12028,
13661,
10994,
1991,
9273,
21415,
9997,
6662,
-3621,
20908,
18058,
9526,
4435,
7249,
6439,
14,
11323,
10424,
203,
9109,
7688,
11412,
-7100,
2785,
-5577,
11381,
6804,
12585,
1024,
15998,
19961,
-8402,
5619,
14117,
-1976,
-295,
-3351,
10781,
2718,
-1273,
-2028,
-6005,
14125,
1055,
5724,
12600,
11722,
-981,
3877,
14974,
7263,
7093,
3958,
13155,
12969,
5423,
13722,
7793,
9500,
-3077,
-3215,
13776,
3800,
-2285,
12260,
22645,
18562,
15138,
2931,
5731,
26350,
10922,
10505,
17189,
10683,
6270,
6351,
7018,
9004,
-6854,
7390,
4153,
8423,
9830,
7308,
9073,
19274,
4381,
6742,
15498,
3864,
7018,
-3077,
-5047,
12525,
4082,
-3319,
-4279,
-1541,
-11100,
-2106,
-13897,
-6136,
-10104,
3325,
-899,
-11218,
-4484,
-16270,
-20708,
-13817,
1116,
12982,
-801,
8169,
4458,
-3444,
-2181,
10000,
9291,
12441,
1817,
-3259,
3668,
-5722,
-3811,
-11437,
3263,
11735,
3998,
-2580,
-10631,
4519,
10479,
3710,
12135,
15810,
11436,
-3417,
10544,
4918,
17596,
-4451,
9031,
4575,
-6442,
-11765,
8169,
12375,
12987,
6718,
11387,
6732,
3794,
2006,
4995,
11313,
-978,
-10688,
-3818,
8557,
-7126,
14786,
12748,
10034,
11778,
11419,
13636,
7052,
4238,
-959,
3511,
11932,
10847,
-11211,
19426,
-4970,
-6263,
-2410,
17215,
6741,
-1605,
-2761,
16443,
22849,
10053,
9788,
12903,
13931,
20697,
15282,
9869,
5470,
-5896,
3541,
7650,
7536,
7317,
14354,
2819,
10970,
16185,
10463,
14982,
17451,
7702,
10622,
12354,
6966,
573,
12539,
2565,
9530,
7436,
-3636,
9235,
3128,
13380,
19182,
9797,
13913,
12119,
5269,
7093,
5892,
7888,
1476,
14867,
11089,
16099,
13005,
8112,
2489,
7745,
7304,
4377,
16907,
7273,
2053,
394,
5051,
-10844,
10984,
10993,
5811,
14702,
6541,
7488,
11099,
13305,
2977,
15524,
8914,
2015,
-3273,
7099,
9367,
-4597,
9979,
4239,
10559,
20909,
23254,
13802,
18454,
7506,
16839,
14684,
10645,
13950,
-59,
11862,
-3844,
12638,
4409,
3121,
3797,
8853,
10893,
13494,
15772,
10759,
14543,
18719,
7256,
4707,
-7091,
19662,
6705,
2569,
11993,
-3283,
5486,
-9279,
10703,
-4644,
2675,
423,
9857,
10345,
11006,
17131,
-3603,
9802,
2528,
-1349,
14244,
3484,
-1101,
3178,
3523,
8451,
-2373,
-379,
8602,
11809,
8243,
6534,
7195,
17645,
4877,
2943,
13533,
3268,
16045,
9948,
17800,
19461,
8091,
11484,
6076,
11256,
6301,
2200,
-5879,
4824,
5060,
763,
12071,
10153,
10097,
13758,
14615,
9609,
2312,
12290,
10202,
13692,
7572,
8622,
9527,
17683,
-926,
4833,
4695,
-644,
7690,
965,
9728,
7306,
14433,
5327,
-1578,
-2266,
1899,
7925,
-2971,
1459,
9178,
-3854,
-2595,
-10953,
4285,
-6102,
1489,
5578,
6185,
2321,
-4009,
-2513,
-4926,
6938,
-2267,
-5922,
4025,
4746,
-4298,
-9996,
-3883,
2920,
-7912,
-2905,
2466,
-2758,
-5056,
1580,
-14292,
-515,
-2496,
-6523,
1101,
4817,
-8750,
-9392,
-8113,
3678,
-4115,
-9649,
1227,
-3060,
-1603,
-5137,
4057,
-11353,
-11496,
246,
-507,
-1887,
-6683,
2688,
1373,
-4432,
-2320,
-6922,
-1296,
-3799,
-1928,
-2791,
855,
4895,
-17584,
-5694,
-1692,
9302,
-14463,
-3972,
-3040,
-1755,
-11385,
-6632,
1955,
-7064,
-8730,
-1679,
-8153,
-18523,
-9536,
5030,
4866,
2878,
797,
-1032,
-4764,
-12941,
-8666,
-7115,
-10813,
-2786,
-3638,
-1403,
2061,
-4655,
-5851,
5820,
3862,
-5513,
845,
7951,
360,
998,
-2599,
4808,
117,
-2137,
-11798,
-9656,
321,
4507,
-19787,
-5265,
-892,
-998,
-6835,
-2061,
-1622,
-3084,
-7218,
-3122,
1478,
-11071,
-9881,
815,
-2306,
2393,
-10484,
-1856,
587,
3909,
-323,
-4175,
-6400,
57,
4330,
-11314,
-284,
-7412,
-13166,
-7592,
15,
-532,
-7842,
2001,
608,
5814,
-807,
-7383,
-5753,
-5054,
-5532,
898,
-4592,
2603,
-461,
-1172,
-1449,
-7311,
-9372,
1314,
-5931,
7208,
128,
-1864,
-13718,
-10340,
-2647,
1062,
2125,
-10145,
-2048,
5947,
-5585,
-2878,
-6006,
958,
4888,
6021,
-11875,
-3916,
227,
-2171,
-12749,
-16480,
-4565,
-4780,
-10307,
-3753,
-5855,
-4131,
-5257,
3538,
10865,
16442,
-5342,
-659,
-11315,
-9896,
-9392,
-10089,
-9217,
2107,
760,
-7064,
-658,
-5904,
-15715,
-1259,
-759,
5362,
-17608,
-13269,
-12220,
-7543,
-724,
-5047,
-13320,
-7970,
-8315,
-10944,
-123,
-9696,
-18543,
-6628,
3245,
7587,
3155,
1279,
-5637,
-2048,
3994,
-3523,
284,
1235,
5720,
5518,
6767,
-882,
-7115,
-1579,
6713,
9311,
11031,
-3930,
16686,
3323,
18832,
-2617,
16220,
6801,
-1075,
10709,
6593,
11067,
14370,
21071,
15954,
21915,
14471,
16446,
22079,
11631,
12664,
883,
6041,
8344,
13916,
21440,
7385,
20492,
8848,
21003,
8307,
21680,
16432,
20126,
16788,
18831,
9365,
15019,
12322,
13180,
11353,
12681,
12309,
13338,
1671,
21297,
21982,
13936,
18751,
24970,
19720,
7681,
17334,
17891,
19058,
13301,
16069,
11291,
23899,
16990,
7325,
24837,
19980,
13975,
15651,
-3172,
4373,
9020,
4107,
6545,
13880,
9093,
4667,
4323,
14515,
6452,
10551,
18975,
16464,
12700,
11590,
17581,
6027,
4548,
9236,
11985,
14319,
1959,
11322,
15682,
12250,
6861,
3127,
12734,
16594,
3088,
14702,
16749,
12645,
6777,
10721,
15963,
23798,
16334,
11438,
2186,
17548,
9297,
9108,
3412,
9447,
13272,
5009,
6957,
14680,
16669,
6971,
7913,
8853,
26010,
8885,
6915,
9110,
-4281,
11640,
17178,
18129,
19552,
16416,
14613,
10655,
19048,
12950,
3313,
6114,
11826,
16476,
15085,
14511,
1995,
7723,
15279,
21423,
13429,
23646,
13994,
15822,
16060,
20270,
14648,
3195,
5301,
23453,
19624,
10051,
7129,
5455,
20529,
13788,
13459,
22082,
3342,
16315,
12689,
9032,
9974,
4860,
731,
2396,
18237,
14890,
23071,
9954,
26514,
8940,
27206,
12790,
6838,
20516,
14912,
22856,
5877,
8788,
1114,
-401,
8172,
8326,
16353,
8018,
27052,
11355,
23797,
18735,
15502,
16032,
17805,
29235,
7711,
10284,
9285,
20122,
16996,
6599,
19473,
-3949,
23162,
15393,
19117,
16203,
9579,
11657,
1783,
16234,
16773,
18826,
15662,
12948,
16026,
7906,
12869,
2438,
24056,
11010,
16168,
22222,
11809,
19441,
12629,
-716,
16774,
6420,
16657,
15889,
15664,
21998,
15758,
7135,
23281,
15061,
8444,
13791,
14728,
9382,
8776,
2143,
13210,
8501,
13072,
5692,
10432,
8468,
5336,
9431,
9309,
-20941,
-13189,
-13074,
-8183,
-9147,
-15955,
-13005,
-14942,
-1519,
-8824,
-7356,
-16919,
-19053,
-19110,
-7018,
1313,
-12141,
-8828,
-16084,
-9949,
-10839,
-20141,
-15490,
-9514,
-9585,
-6621,
-13868,
-15675,
-4117,
-11845,
-27205,
14605,
-2745,
-2533,
-15055,
-2261,
-1441,
1127,
-389,
2514,
-8637,
-1242,
-8431,
-14999,
1967,
-4049,
-19235,
531,
-13211,
1985,
1961,
-1139,
5026,
628,
4057,
-1357,
159,
-1512,
3713,
-645,
-10063,
3858,
-1443,
-638,
-5106,
-13871,
-4793,
1890,
-15454,
-8220,
344,
1495,
-3794,
-12950,
-1750,
1445,
-9078,
-11767,
-1771,
16193,
-9376,
-19700,
-6848,
-453,
-18718,
-5787,
921,
-3430,
-1315,
-10944,
-2538,
1442,
-536,
7713,
5955,
17999,
-12678,
-6891,
-9381,
-7232,
-3065,
-7313,
-6990,
-7093,
6701,
3531,
-2196,
4789,
1709,
2750,
-9131,
986,
-3847,
10421,
-739,
-15654,
-8973,
-926,
-9228,
-16593,
-7337,
6087,
-5034,
4617,
-9712,
-8366,
-11800,
5749,
-5818,
-95,
-1780,
-5916,
-5360,
-728,
-6921,
-8426,
-24098,
-9082,
-4741,
-5540,
-14891,
-1320,
-6843,
3881,
967,
-8317,
-6405,
2651,
3441,
-7285,
-8318,
3253,
-2228,
-2679,
5476,
1160,
-7689,
-9494,
-4455,
4584,
-7093,
2345,
-14989,
-4305,
4672,
-4801,
-11941,
8576,
526,
-1157,
-4046,
-10218,
-12651,
4278,
-2751,
139,
-12080,
990,
-3703,
-11785,
-4703,
2010,
2804,
-6499,
-8184,
-5124,
-10278,
-15146,
-10103,
-233,
-5366,
2050,
-23520,
3284,
8741,
-9550,
-14629,
-6877,
-1017,
-2529,
-16481,
-5503,
-8136,
4,
3650,
-2296,
-8715,
9775,
-283,
-3795,
-3150,
-1836,
-5693,
-630,
-3720,
-10373,
859,
-1973,
-2766,
-880,
6130,
-16184,
-7290,
14875,
3474,
-8548,
-10249,
-18,
185,
2038,
-8684,
-11123,
4452,
-9910,
-823,
3916,
-4931,
-8712,
-5400,
10944,
115,
872,
-3306,
-5736,
-3097,
2414,
-5402,
318,
-291,
-10950,
-4349,
-5591,
-4857,
-891,
1719,
5894,
3552,
5605,
17531,
-172,
11869,
12651,
13678,
15039,
5247,
20310,
5293,
16353,
18641,
23261,
11591,
16119,
124,
-2715,
25838,
7676,
11361,
15873,
21562,
11096,
8263,
9549,
5803,
17170,
26829,
23817,
7896,
26085,
-11490,
-7306,
27173,
13972,
4501,
10361,
16738,
17039,
13112,
9665,
6060,
445,
11438,
7471,
5879,
16810,
-3594,
3326,
31424,
2240,
4186,
5858,
15555,
3048,
17300,
9550,
2518,
7211,
9557,
-1531,
7072,
22945,
-16989,
380,
26378,
9664,
6346,
-6033,
21962,
-2409,
2596,
27239,
-676,
11590,
11273,
16599,
5959,
12816,
-7381,
-3309,
24524,
-1634,
19567,
9263,
9585,
-5363,
-921,
10676,
684,
1844,
17171,
7706,
6997,
11457,
1965,
5410,
20630,
-7198,
21110,
9721,
12919,
20933,
4141,
27904,
11091,
8233,
14257,
234,
10091,
5540,
-11122,
-5342,
15716,
8427,
8663,
11406,
22223,
21601,
11079,
22215,
8787,
-7914,
9527,
8148,
6421,
4851,
-5117,
-5942,
17248,
19045,
11882,
8267,
14462,
12552,
21280,
23132,
21512,
12803,
15113,
11607,
2543,
15068,
-14150,
-6496,
18699,
-2303,
13429,
6061,
6164,
-939,
12051,
4583,
17777,
20801,
4462,
16358,
12174,
4164,
-8047,
-1931,
26122,
-2405,
7007,
3483,
11515,
617,
14474,
9019,
2129,
12744,
9726,
8339,
8780,
14322,
-4112,
5953,
21640,
2511,
9252,
2437,
16938,
5193,
7249,
10898,
2737,
3175,
10387,
3854,
-4358,
29028,
2849,
-7812,
24947,
20689,
13399,
15693,
4276,
2969,
15804,
17501,
10583,
7062,
15028,
6898,
-4089,
12654,
-7022,
-2750,
19122,
14683,
10728,
12075,
11751,
21514,
8231,
9232,
12619,
18086,
7707,
10953,
-1704,
21081,
-6494,
-5602,
21508,
12332,
11867,
6160,
13143,
20348,
4830,
17383,
16603,
10327,
20591,
18593,
16677,
24709,
-11727,
-9259,
5442,
800,
-7706,
-8889,
-6938,
1915,
-6543,
-678,
3123,
-1767,
310,
2823,
-1374,
3397,
2577,
3640,
4357,
2062,
5898,
4741,
-194,
5849,
-360,
2303,
7880,
-6941,
-3312,
4352,
-2582,
4774,
-4603,
1238,
-9652,
-11301,
1304,
-8356,
-7285,
11141,
-4161,
-8409,
-5007,
-30170,
-23663,
3299,
-3585,
-6928,
-6044,
-8561,
-11028,
-20208,
-10036,
-15713,
-12788,
-8903,
-6752,
-15245,
-2910,
-28732,
-37285,
-27528,
-17051,
-10079,
-3667,
-13643,
-10958,
-13821,
-19232,
-20108,
-17773,
-16263,
-10706,
-20431,
-18950,
-20328,
-29692,
-36422,
-24701,
-8696,
-13101,
-25004,
-31523,
-8338,
-16975,
-20106,
-18740,
-22460,
-19487,
-27733,
-18750,
-17331,
-17711,
-11181,
-23627,
-6992,
-17336,
-12549,
-22950,
-15847,
-10327,
-14781,
-15659,
-14076,
-9842,
-20868,
-21540,
-11936,
-20656,
-13371,
-17962,
-2284,
-28900,
-11521,
-7332,
-11435,
-17538,
-21463,
-11949,
-2176,
-3520,
-12864,
-18953,
-9087,
-10563,
-10393,
-23571,
-11168,
-20400,
-19168,
-20519,
-5445,
-13543,
-21147,
-22145,
-4439,
2725,
16,
-12530,
-16379,
-19338,
-16188,
-12558,
-11503,
-12086,
-2948,
-15767,
-9782,
-9879,
-17422,
-38545,
-27567,
-15494,
-8482,
6869,
-8240,
-20529,
-15455,
-10159,
-2719,
-10989,
-1646,
-12317,
-18082,
-14427,
-14210,
-28142,
-26606,
-33495,
-16058,
-9817,
-3369,
-15794,
-8384,
-12746,
-732,
-16691,
-11093,
-6122,
-18977,
-22003,
-13176,
-15709,
-12017,
-20857,
-17201,
-19920,
-6101,
-26819,
-11614,
-6656,
-7074,
-16974,
-8548,
-5836,
-9939,
-15987,
-9641,
-19040,
-11314,
-14490,
-27262,
-14513,
-9136,
-14429,
-13405,
-14250,
-6697,
-9563,
-3824,
-6339,
-3106,
-20371,
-5315,
-15620,
-19444,
-10784,
-12483,
-10780,
-15547,
-13584,
-17147,
-19214,
-3953,
-11980,
3082,
-19129,
-13889,
-26321,
-11077,
-5356,
-20012,
-15536,
-8143,
2499,
-7739,
-10420,
-21863,
-24330,
3663,
-15555,
-3702,
-14132,
-14225,
-17086,
-13552,
-9295,
-9845,
-11847,
-15405,
-5569,
-6258,
-11985,
-14510,
-14655,
-4754,
-14141,
-12168,
-12731,
-12689,
-22744,
-23605,
-18333,
-16320,
-17797,
-20579,
-16489,
-4501,
-14813,
-19673,
-23779,
-13618,
9296,
-9095,
-1268,
1963,
-3871,
-7903,
-4095,
-2823,
-5627,
-4678,
-3243,
1771,
2002,
-2539,
-6818,
-6935,
12425,
-3107,
-11129,
9545,
9866,
-5489,
4964,
-3734,
-108,
-3361,
-502,
-1773,
12460,
14594,
-12287,
-5330,
9628,
-5618,
-9584,
-2761,
7292,
-2071,
-1840,
-4759,
-3977,
4663,
-1805,
1682,
-10711,
-12454,
-19319,
-22901,
8798,
-8009,
-2268,
8564,
-4402,
-4635,
-6838,
2625,
-2687,
-703,
6269,
-10909,
-12303,
2185,
-9458,
-11739,
6993,
-10111,
-19051,
-125,
-12121,
-6263,
-4975,
-2455,
-11745,
-7761,
-5401,
-14144,
-9559,
-6646,
-11918,
-12093,
10774,
786,
-11686,
-7996,
-10624,
4896,
-10068,
-7974,
-10375,
-8151,
5073,
-3298,
-10600,
-9129,
-12146,
-1479,
6519,
-4989,
-6825,
-7684,
-6259,
-5046,
135,
-9931,
-8071,
-4779,
-5362,
2501,
-5648,
-1616,
-3169,
-6774,
2977,
-17302,
-19092,
-10770,
-11940,
-16038,
-7430,
6120,
4419,
-9332,
-5080,
-8121,
-2810,
3636,
-7725,
-10285,
8497,
-11141,
-11193,
-5647,
-10011,
85,
-6160,
-7478,
-6823,
-10895,
-3909,
7691,
-3503,
-16020,
-10190,
-6602,
8131,
-1077,
-20321,
-4382,
-1913,
-1979,
-16550,
-8660,
-19745,
-5519,
-8682,
-6518,
-9829,
-16555,
-12891,
-4666,
7289,
1335,
-1969,
-2697,
-8228,
-3659,
-5795,
-14409,
-9371,
-14514,
14616,
-441,
-112,
-4674,
-9255,
-5355,
3602,
-5913,
-17278,
-6377,
785,
-5394,
-1761,
6132,
-8296,
-5242,
3349,
-2815,
-14238,
548,
4054,
-4845,
16246,
-3132,
-14061,
-10643,
805,
-5618,
-6427,
-3312,
-5163,
-15431,
-16345,
-16842,
-6359,
-2792,
3634,
-2428,
5005,
-5288,
-20413,
-4365,
10273,
-1784,
-6602,
-1823,
-537,
-4975,
-3959,
-17167,
-6351,
4341,
891,
-6526,
2351,
-5001,
-25299,
-10358,
-2738,
-9860,
-7335,
-7892,
6744,
-6796,
-19515,
-13544,
-7921,
-6128,
-14213,
-4048,
142,
4529,
-5830,
-5117,
-1730,
-3860,
-10036,
-5454,
-6150,
-4792,
-2832,
-2860,
-7712,
-3766,
-4259,
-2195,
969,
14004,
-3625,
8759,
-151,
6872,
-1638,
3386,
3090,
-3211,
16008,
11066,
-777,
7907,
-8152,
-4127,
11822,
14222,
-2909,
-285,
14042,
4066,
11568,
6560,
15605,
1697,
22343,
5555,
21079,
17658,
16172,
813,
-3710,
-12587,
-1049,
-6975,
12224,
71,
-3414,
2273,
13046,
-7200,
-4124,
-11532,
13255,
12985,
26577,
7719,
10686,
15724,
-10352,
6263,
6683,
-1919,
-520,
11390,
9016,
8246,
-5515,
-5311,
-1398,
33,
5210,
1521,
-2895,
12175,
5517,
7257,
3009,
1611,
-3486,
7318,
-5505,
16647,
3510,
9742,
8073,
13565,
9822,
7776,
-1291,
939,
-11595,
5426,
-3868,
9715,
7590,
9050,
-6465,
-1894,
12461,
15386,
2344,
-124,
9490,
6296,
-8174,
15357,
3731,
1671,
-6621,
11833,
11346,
14732,
-4509,
-4823,
-9541,
10414,
6122,
414,
2111,
5434,
-6779,
11678,
7036,
7320,
1185,
-2475,
9804,
12722,
8374,
-14518,
-1987,
-224,
-8901,
1310,
-6782,
-7818,
9293,
8505,
2169,
-2796,
2116,
4637,
7184,
3882,
2675,
9527,
7579,
2274,
-5989,
9108,
-6436,
-3478,
7691,
10443,
2483,
-3554,
9680,
1458,
-6743,
363,
5113,
22834,
9590,
12868,
-5155,
6578,
9564,
-10838,
7054,
3203,
-6799,
-3952,
-2083,
7346,
14566,
2900,
2439,
7693,
6276,
1269,
-2073,
14503,
8859,
-15412,
-323,
21901,
-11941,
6012,
-12683,
-2490,
-3803,
12185,
-13539,
6117,
21505,
-17446,
-5011,
6286,
5195,
-6824,
4695,
524,
-16662,
11883,
-4896,
2713,
4174,
9215,
7426,
-1558,
14395,
-7299,
4544,
-6001,
21445,
-3278,
-1618,
6427,
-11991,
3408,
2609,
-1803,
5648,
2464,
16697,
11086,
11792,
-3964,
1177,
-5800,
7469,
-5827,
7267,
3311,
-6200,
-3790,
9452,
22099,
20987,
1646,
5154,
12101,
7535,
119,
-1268,
581,
19441,
7177,
-1704,
5061,
-5449,
-3095,
-4935,
-4085,
-1482,
-3604,
-3135,
7623,
10364,
8316,
3192,
-4139,
11821,
7856,
7826,
14373,
4606,
6580,
6531,
4766,
17062,
1586,
11483,
2242,
12387,
13976,
18687,
7980,
6460,
12073,
6712,
2684,
1095,
10898,
18662,
22417,
22107,
18282,
14883,
8640,
10465,
19932,
24643,
30555,
19869,
19685,
805,
7404,
1100,
13782,
11092,
16438,
9002,
14009,
12664,
14690,
10140,
8948,
5737,
19475,
5105,
19486,
4284,
6898,
11504,
6410,
1368,
3991,
7199,
3416,
2884,
14368,
15961,
13411,
10850,
12650,
14210,
24519,
4142,
2590,
11355,
6100,
2435,
6970,
16049,
3503,
277,
6331,
13188,
14985,
18521,
10431,
8370,
17201,
4591,
15520,
10091,
6843,
19169,
10553,
8345,
7301,
4178,
6750,
10436,
26810,
16971,
11655,
14755,
20631,
9209,
6709,
15198,
3056,
1859,
3779,
20365,
19203,
9594,
670,
2848,
930,
5409,
232,
-6954,
868,
7748,
7617,
7869,
14848,
10405,
11095,
18867,
19337,
13361,
17305,
1954,
-4683,
9572,
7489,
263,
9231,
6213,
12354,
20518,
20157,
18901,
19252,
8484,
8310,
13603,
10788,
7546,
7433,
428,
-4327,
11681,
6459,
3488,
9162,
4582,
4041,
6832,
8565,
11641,
5056,
10919,
2850,
7361,
7057,
16412,
21315,
16545,
15741,
-8171,
4202,
3959,
-1065,
-16,
2305,
18100,
18440,
15896,
8015,
13088,
7313,
9013,
18116,
10606,
10778,
1677,
11299,
6923,
-1237,
8316,
16448,
16288,
10023,
7804,
3069,
7713,
14497,
7811,
6734,
17055,
13529,
7866,
14629,
18194,
3687,
17160,
12942,
5681,
6479,
11573,
11548,
7894,
18254,
6722,
10213,
11903,
14798,
10364,
15590,
11474,
11379,
16749,
20060,
11949,
17745,
9802,
17642,
19636,
9679,
1749,
6961,
3652,
19638,
8216,
9559,
9534,
14972,
19099,
12411,
11567,
12360,
9523,
16371,
17121,
9999,
6658,
3475,
6421,
21504,
9732,
15330,
9556,
4255,
-1718,
-624,
5418,
10391,
711,
8451,
13086,
11296,
19891,
10662,
8501,
12198,
-7976,
-13958,
-13944,
-11732,
-20174,
-24810,
-21860,
-9368,
-8358,
-13549,
-15647,
-21275,
-21520,
-17937,
-27805,
-8426,
-30459,
-31909,
-29322,
-38210,
-33791,
-45339,
-31660,
-32818,
-24587,
-25914,
-33267,
-48615,
-55405,
-48511,
-38323,
-10456,
-16163,
-12899,
-14560,
-20411,
-29693,
-10090,
-20325,
-20955,
-38892,
-10365,
-31587,
-22788,
-30397,
-22108,
-32288,
-6532,
-26374,
-18837,
-23381,
-16363,
-24074,
-10192,
-12241,
-20695,
-31906,
-25719,
-6418,
-24356,
-20323,
-13948,
-24458,
-8537,
-28163,
-12421,
-16646,
-24155,
-17320,
-7129,
-16764,
-21354,
-19416,
-23462,
-18020,
-21395,
-25991,
-22134,
-24681,
-4765,
-29908,
-25291,
-11337,
-26086,
-31848,
-24574,
-9424,
-21510,
-11906,
-31841,
-19412,
-17347,
-12203,
-15713,
-15658,
-3760,
-24232,
-32673,
-22451,
-23500,
-17322,
-30179,
-13326,
-17174,
-11652,
-8857,
-9965,
-19213,
-11715,
-2493,
-20989,
4052,
-5241,
-16101,
-26215,
-24675,
-13455,
-23646,
-35915,
-35851,
-12512,
-14198,
-9790,
-15304,
-19607,
-17081,
-24446,
-11424,
-13180,
-13402,
-18256,
-16383,
-24857,
-15453,
-24913,
-41595,
-33129,
-18353,
-26036,
-25710,
-8929,
-21657,
-32115,
-805,
-25185,
-7845,
-18894,
-3195,
-19711,
-23420,
-25343,
-20492,
-16792,
-11038,
-22476,
-28656,
-14800,
-19927,
-24517,
-13750,
-12871,
-11517,
-20830,
-19187,
-16227,
-28543,
-25448,
-14410,
-2680,
-13785,
-9422,
-38505,
-35983,
-22335,
-24889,
-8880,
-22776,
-16947,
-16662,
-26728,
-9290,
-23734,
-32835,
-20964,
-16672,
-11599,
-29171,
-24603,
-26564,
-14412,
-13366,
-618,
-19479,
-13421,
-11766,
-34987,
-25029,
-30635,
-29109,
-25901,
-14355,
-18919,
-24244,
-32107,
-16130,
-23519,
-26260,
-735,
-21542,
-6585,
-6906,
-19265,
-27655,
-24608,
-26510,
-24168,
-25607,
-13852,
-17427,
-14156,
-25465,
-8292,
-31463,
-21169,
-14096,
-9089,
-9757,
-22468,
-16839,
-5993,
-11760,
-23090,
-14248,
-13442,
-9215,
-13372,
-20839,
-15750,
-24642,
-7542,
-1432,
8519,
4357,
615,
2177,
2181,
-8904,
893,
850,
-332,
-5171,
-10254,
-7564,
10729,
-11340,
-2856,
-8548,
-5121,
5348,
-9144,
-11314,
-4886,
-5222,
-4040,
-7507,
-8659,
-4252,
-6439,
-8377,
-3353,
2885,
1577,
-566,
6441,
19708,
-123,
-5728,
9306,
16567,
10244,
7506,
-3342,
1818,
28,
9988,
491,
7231,
7493,
-9291,
5206,
23452,
3876,
-1594,
5360,
7499,
5306,
8144,
1928,
-6811,
9155,
1256,
12983,
3566,
19697,
-6247,
6534,
16219,
51,
475,
2968,
11288,
9059,
3886,
12760,
-5960,
14491,
-4182,
8133,
2586,
19559,
-11666,
5266,
27678,
1673,
6079,
6097,
5560,
-1481,
3558,
13100,
-3184,
3071,
8695,
-118,
7301,
18415,
-8506,
7932,
21444,
-501,
15985,
8623,
-1371,
7939,
1927,
4401,
-1828,
3004,
1664,
-735,
7100,
12608,
-6140,
4252,
24723,
8802,
9877,
4537,
1377,
-1155,
5157,
9724,
2310,
-2386,
1069,
3392,
4851,
3691,
-6068,
2535,
29275,
2941,
6034,
4005,
5956,
6226,
4383,
9325,
-1063,
-9215,
-1197,
11798,
-1888,
8509,
-3439,
2812,
32772,
-638,
1360,
8337,
13290,
4671,
15904,
14936,
4962,
-1702,
-1027,
3402,
-126,
5295,
-8944,
3107,
21708,
2390,
475,
11697,
8559,
10710,
9394,
8797,
-61,
2037,
343,
347,
5059,
6315,
-8254,
-625,
24647,
8252,
-5472,
9042,
10192,
4999,
18456,
3924,
-3880,
-10143,
5810,
763,
3124,
17463,
-7307,
11683,
22750,
5215,
-1625,
-2364,
8196,
1388,
5225,
6507,
4657,
2687,
901,
4604,
-505,
21420,
-8269,
2830,
27272,
12267,
2084,
256,
3794,
2542,
8081,
2004,
9145,
11010,
1120,
-723,
11320,
16375,
-10968,
-6750,
30949,
3010,
2970,
3256,
7806,
-622,
1876,
3862,
3159,
4246,
-1756,
3204,
59,
10438,
-5305,
-2552,
27922,
15826,
482,
7514,
5298,
2126,
-1979,
7603,
8062,
9733,
3336,
3001,
3341,
6280,
-280,
379,
6571,
5093,
-277,
-2894,
4831,
5574,
-1464,
6326,
4766,
258,
-700,
-4877,
-5368,
1277,
2389,
1243,
-2436,
-9646,
-765,
-6048,
-4282,
2782,
630,
5066,
5476,
-12766,
-23656,
-11062,
-10027,
-2670,
4306,
6811,
11113,
-1838,
-3015,
-142,
8635,
4337,
5493,
1625,
-5156,
-6117,
-32756,
-28790,
-15563,
1496,
2519,
-10045,
-19551,
-18035,
-9011,
-13698,
-14964,
-11082,
-20310,
-17636,
-16701,
-16677,
-11551,
-24782,
-29592,
-21478,
2502,
-5956,
-28616,
-28662,
-20402,
-19920,
-11586,
-14624,
-13590,
-22078,
-26589,
-32909,
-14877,
-24019,
-41625,
-24244,
-3724,
4257,
-26086,
-27252,
-18972,
-24726,
-30865,
-25273,
-21493,
-30760,
-20092,
-20940,
-24685,
-29062,
-23542,
-14512,
-8648,
-14568,
-23711,
-19028,
-24500,
-30991,
-15506,
-24641,
-11570,
-12429,
-12144,
-16638,
-18608,
-8593,
-15057,
-13595,
-5092,
-12067,
-21937,
-6916,
-5796,
-13984,
-23472,
-12818,
-13024,
-11487,
-12011,
-10102,
-13476,
-14550,
-19097,
-1140,
1048,
-8164,
-29782,
-12559,
-11683,
-12021,
-23478,
-31786,
-18105,
-5607,
-17427,
-11308,
-28377,
-23917,
-19171,
2627,
2650,
8663,
-5101,
-5209,
-11021,
-22537,
-33775,
-32051,
-23800,
-25089,
-14709,
-15321,
-16595,
-15947,
-23015,
-4551,
-5685,
-301,
-10291,
-9178,
-15771,
-29288,
-23129,
-39238,
-34839,
-29348,
-30867,
-9676,
-8603,
-10127,
-22040,
-3404,
-4833,
-6515,
-18195,
-11631,
-16114,
-18959,
-9619,
-5372,
-17975,
-18822,
-34660,
-27412,
-12447,
-17090,
-19598,
-6423,
6021,
-1717,
-12223,
-10000,
-8584,
-7043,
-7821,
-24622,
-17262,
-22271,
-29456,
-31865,
-17698,
-14106,
-27513,
-5971,
920,
14749,
-14143,
-5425,
-14580,
-20473,
-27568,
-4291,
-21627,
-13223,
-12812,
-25306,
-19065,
-16499,
-21788,
-14786,
-11684,
5436,
-17883,
-12207,
-23629,
-24050,
-32404,
-23671,
-24602,
-24579,
-9513,
-10734,
-7014,
-22865,
-28654,
-9595,
-8933,
-8373,
-7686,
-7931,
-12659,
-8040,
-14899,
-12773,
-7376,
-14123,
-667,
-7279,
-3703,
-14734,
-10400,
-10828,
1927,
-6199,
-11364,
-3836,
-7242,
-7480,
-5273,
-10748,
-1629,
-10414,
-8813,
-1415,
4795,
-725,
-15368,
-5797,
5098,
8246,
10845,
3621,
6417,
9800,
5937,
12157,
3022,
4452,
-3045,
8884,
4301,
19139,
596,
787,
10548,
7955,
10736,
3949,
13618,
16373,
8102,
21250,
12075,
18838,
5616,
9652,
19470,
14813,
14894,
-2499,
1819,
4961,
1433,
1686,
14285,
11625,
2527,
6070,
14210,
14939,
4260,
19845,
-11178,
-1071,
3880,
3887,
4858,
5196,
9341,
9748,
2869,
-2824,
-10802,
1157,
6757,
4491,
4936,
6725,
8583,
1068,
-6021,
4319,
-8391,
-4495,
-8942,
1248,
11710,
1749,
6931,
3889,
9849,
-3987,
4864,
2987,
15166,
9662,
-3818,
-2338,
-6352,
6930,
4651,
3519,
-4818,
8997,
-7297,
-2939,
-787,
4323,
-7363,
8316,
3016,
-7672,
-14976,
3398,
1820,
12206,
16681,
13275,
4816,
-1763,
-680,
-3502,
2764,
-2569,
-5616,
-4782,
-6503,
1611,
-7595,
-2924,
9385,
-681,
1852,
9580,
9483,
5673,
19130,
14526,
8077,
7421,
817,
-3022,
4599,
11535,
-7287,
4471,
4881,
-13151,
-1952,
-8514,
15023,
14009,
-461,
10131,
1305,
6362,
2162,
9517,
10923,
4472,
493,
9854,
-6576,
-795,
-10616,
9500,
-10870,
8330,
17932,
7976,
2882,
7259,
-9416,
-1560,
6595,
23223,
-2636,
10642,
-3230,
-8026,
10621,
7062,
-1141,
925,
4525,
12058,
-396,
-2229,
12977,
1889,
9070,
14719,
-5237,
1574,
-464,
9914,
10884,
-2684,
-8290,
-2677,
1609,
-7573,
6781,
-3566,
3282,
14175,
11512,
13514,
-9643,
2314,
-4255,
-2009,
3385,
-2400,
5996,
7769,
799,
5134,
-7695,
7282,
-4460,
3269,
8853,
-7306,
-3556,
-1600,
4964,
6497,
339,
-347,
-436,
6022,
15749,
-3384,
3005,
5864,
-1272,
2739,
-1067,
-9333,
-7701,
-10309,
-3192,
2125,
-2540,
4186,
-9616,
-4598,
-14429,
-7997,
-534,
-8217,
-7101,
2523,
-7359,
-10220,
-6980,
-1917,
-4193,
4588,
2176,
-1557,
-10003,
-6229,
956,
-4814,
369,
-6275,
409,
-1980,
-225,
-3455,
-14176,
2865,
-1012,
-1779,
-7243,
-15358,
-6655,
-4456,
-9047,
-6537,
-14754,
-7185,
-6829,
-4690,
-9975,
-18929,
-17993,
-11828,
3619,
-12015,
-7933,
-20497,
-12070,
-9257,
-12591,
-7875,
-17173,
-9472,
-16389,
-7541,
11776,
-9354,
-10684,
-10451,
-14045,
-10864,
-21246,
-6362,
-5251,
-8797,
-17907,
-10260,
-998,
-11665,
-1981,
-10129,
-8375,
-8176,
-11379,
-4171,
-8485,
-1757,
751,
-8135,
-5720,
-10913,
-1513,
-9222,
-8794,
-5533,
-9540,
-542,
-6609,
-18740,
-10855,
1927,
-14131,
11172,
2853,
1078,
-2245,
-7287,
-3881,
-3264,
12313,
-17124,
-1048,
-4098,
5516,
-7464,
-5187,
-202,
-11473,
-6123,
-18655,
-14157,
-2640,
-14396,
-3006,
-3732,
1461,
3001,
1599,
-2951,
-14845,
-11765,
49,
1700,
-662,
10170,
750,
-16458,
-9470,
-1139,
-11099,
-26086,
-8043,
-6782,
-10550,
-9253,
-18616,
-440,
-7466,
-8152,
-5845,
5840,
-767,
-4660,
-8432,
-4129,
14674,
-11170,
-22020,
-4585,
-12945,
-3947,
-8229,
7229,
-8091,
-6304,
-9472,
-11119,
-11270,
-3180,
-4324,
-509,
-6681,
-8319,
-12080,
-15061,
-4510,
1132,
-10851,
-2723,
-5343,
-2031,
-10052,
21,
-22464,
-8301,
-8029,
-6879,
3235,
-1095,
-4066,
-15738,
-23898,
-2760,
-4899,
9153,
-5332,
-7428,
-11011,
-4481,
-13752,
-9422,
3188,
-162,
-10021,
-5667,
-8989,
-7793,
-1015,
-3893,
-20139,
-16921,
-11357,
-7007,
-5833,
-1400,
-8569,
-9367,
-8821,
-10327,
-14907,
-19048,
-13316,
-5212,
11766,
-4101,
-6653,
-10222,
-10606,
-13959,
-14634,
-16775,
-16103,
-6606,
-5801,
3033,
-15698,
-9974,
-10085,
-7852,
1106,
1677,
-7689,
-15386,
287,
-1149,
-1278,
-11202,
-11829,
-994,
-7238,
-5228,
-12515,
-1132,
-10201,
-11710,
-13708,
-11862,
3672,
-18748,
-19795,
-7257,
-4276,
-11536,
-7560,
7984,
960,
8196,
-7411,
-9244,
-3267,
-9067,
-3586,
-17977,
-293,
-8210,
-9011,
3001,
-12,
762,
3714,
6125,
-1182,
3762,
9765,
-5032,
4687,
6544,
4327,
-1264,
-1481,
10004,
11227,
6617,
2318,
-2000,
11281,
5789,
-73,
15218,
3723,
6009,
-4416,
-3010,
-458,
-648,
16794,
15352,
4317,
1305,
6995,
13346,
17309,
21731,
16253,
29799,
19334,
21629,
-59,
15189,
18679,
29199,
48401,
45400,
34234,
17222,
18447,
18346,
26145,
16857,
23297,
30381,
40737,
16864,
18957,
23117,
29530,
35507,
38446,
43201,
48869,
21537,
16523,
22110,
39426,
25372,
21684,
30648,
26339,
18020,
19277,
32457,
26790,
50426,
36624,
39809,
39975,
26595,
20049,
12429,
27240,
24270,
19911,
11324,
23636,
29609,
22551,
30773,
26050,
33836,
24752,
30514,
29798,
20145,
28726,
34504,
40943,
23976,
24062,
27170,
14626,
23903,
6522,
21875,
25743,
31218,
22806,
29932,
25238,
17712,
25511,
34647,
48023,
28734,
19372,
32177,
30816,
18485,
12220,
9952,
6334,
12363,
12794,
19560,
12422,
11848,
22934,
26775,
41745,
29860,
28059,
34100,
30154,
43242,
26841,
11231,
4555,
14380,
21568,
26102,
16346,
3464,
20257,
18730,
31987,
19251,
31110,
26353,
36427,
44003,
37590,
21959,
17287,
14031,
16417,
16956,
24720,
12059,
16414,
16401,
25544,
20364,
32054,
32067,
34394,
44093,
38662,
37549,
14926,
12962,
22012,
24027,
27490,
22032,
20056,
10753,
27517,
20868,
17056,
18807,
25219,
24521,
35625,
33962,
19322,
25187,
29335,
28344,
37150,
17091,
13602,
11201,
29206,
26542,
15678,
22244,
22155,
32948,
29068,
18602,
23404,
22278,
31221,
37113,
31009,
20765,
21974,
17569,
29858,
23527,
24830,
33838,
29448,
26110,
15671,
33517,
20131,
19073,
30615,
26770,
26881,
24582,
27236,
29777,
35036,
30362,
32825,
43027,
31825,
25441,
31363,
29133,
25423,
20145,
25776,
20690,
30712,
12323,
26387,
23688,
32632,
20088,
28143,
34387,
32469,
15825,
23852,
29861,
20729,
20965,
13548,
24117,
17436,
10379,
17503,
16965,
30661,
16920,
19253,
18627,
15917,
17818,
22300,
18157,
23308,
16023,
10678,
19222,
22807,
5669,
1118,
-6211,
-6350,
-11742,
-9021,
-18812,
-6318,
-10581,
-6171,
-13473,
-7407,
-4936,
-12609,
-8687,
-20873,
-546,
7252,
5347,
-11823,
-5797,
-6215,
-5678,
-3853,
-9696,
-2387,
-10094,
268,
-5276,
-9118,
2679,
1030,
8299,
-1321,
13108,
-7256,
8251,
11116,
8116,
8057,
1214,
-6770,
-4278,
4284,
5004,
5889,
13392,
7960,
4991,
11211,
5221,
4178,
15258,
15120,
15956,
12738,
7505,
-62,
2065,
5166,
7598,
2544,
14673,
1678,
12182,
13420,
10031,
8031,
3923,
4015,
2116,
-8329,
8448,
6484,
9227,
8780,
3060,
8129,
10176,
7500,
12481,
10208,
4786,
4476,
-10983,
-14580,
-4335,
-4852,
11478,
1346,
5767,
6874,
8176,
10874,
13511,
-4455,
9464,
15393,
15120,
-391,
4375,
-2328,
3445,
-6812,
9722,
9816,
-2626,
6076,
16558,
19300,
13323,
4649,
9220,
5265,
12580,
1520,
5884,
10802,
6451,
4425,
7777,
1253,
-3708,
-2260,
5848,
-5083,
49,
-8464,
4667,
8198,
14289,
6960,
409,
6338,
9845,
831,
-1560,
11293,
6784,
4652,
-1569,
-1223,
-7291,
-1968,
5848,
14513,
16629,
3290,
6759,
11743,
9982,
6912,
13648,
2710,
14152,
3071,
9899,
5736,
-5710,
-4329,
4231,
16304,
6078,
1220,
-384,
2501,
10897,
-3087,
7074,
-538,
7167,
14681,
-49,
-5908,
4491,
7100,
6534,
4390,
11106,
-1765,
-7143,
-4992,
-3286,
2143,
187,
-3271,
2276,
8075,
5685,
-423,
26488,
8734,
7868,
9278,
12997,
-7152,
-4952,
61,
402,
14627,
19291,
-437,
384,
-3681,
-14282,
-1441,
15623,
-668,
6866,
18553,
32670,
1832,
4707,
3737,
2365,
19109,
-3201,
-289,
2389,
5928,
-5903,
2038,
5309,
-6800,
-3985,
12238,
21532,
3664,
12592,
11674,
15480,
9947,
4986,
9972,
12955,
8384,
-2999,
4963,
9499,
14154,
7136,
18368,
24070,
18808,
12390,
11117,
18627,
17239,
9863,
17965,
17363,
14251,
15137,
17730,
18464,
14020,
8151,
-628,
-1485,
-14736,
-9500,
-1932,
-6771,
1791,
83,
578,
3430,
-1619,
-469,
-1697,
-788,
-2962,
6168,
22220,
-747,
1760,
7008,
-5487,
2560,
7360,
-5746,
4581,
30,
4970,
-5940,
-3139,
-10116,
-21753,
-4723,
-4986,
-8412,
-9415,
14036,
5580,
-9667,
-6302,
-1073,
-8775,
1374,
-2205,
4077,
-14220,
-1048,
-21229,
-11621,
5853,
-11246,
-11504,
-2641,
-19841,
-2245,
-1000,
-5251,
-17290,
-1010,
-10612,
665,
-9696,
-2457,
-25035,
11970,
486,
-14263,
-607,
-12211,
-14151,
-5427,
-13154,
-10232,
-13752,
-6235,
-9310,
-13302,
-6559,
-10004,
-11370,
-2949,
-4351,
-2326,
-5235,
-9298,
-6000,
-4163,
-12621,
-2479,
-3762,
-3467,
757,
-12192,
-11000,
-11190,
-15156,
-4716,
570,
-2584,
-4723,
-7812,
-3924,
-7745,
-1467,
-8921,
-387,
-13063,
-6626,
-8122,
-17269,
-1135,
-3288,
4285,
12010,
-17932,
-14229,
-2998,
-5450,
-5845,
2196,
-9020,
-13878,
-8063,
-1037,
-10060,
-5468,
3272,
-14025,
260,
8706,
-7780,
-1477,
3372,
-2593,
-13517,
-12676,
-14453,
-7689,
-6867,
-6462,
-8828,
-1104,
-8180,
-7251,
-2621,
-6521,
3759,
-1321,
-13586,
-9836,
-4796,
-2925,
-17713,
-12745,
-18369,
-23528,
3681,
1216,
-1909,
-12403,
-9807,
-4776,
2018,
-7665,
-11508,
-16346,
-1708,
1619,
-5341,
-4338,
-12944,
-1670,
-11912,
5790,
-14411,
-19566,
4879,
934,
7807,
-8181,
-11645,
-6219,
1456,
-5511,
-13287,
172,
-522,
-1375,
-6061,
-10382,
-10012,
-16237,
-1981,
16646,
7145,
-4256,
-9504,
1171,
-1850,
-22870,
-1753,
-789,
-12729,
-6996,
-3620,
-16609,
-16322,
7495,
-5338,
4915,
-7098,
-466,
-11263,
-1228,
-23816,
-24200,
3667,
1495,
-23885,
-4604,
-9415,
-13032,
-7955,
-5796,
-4543,
-658,
-10002,
-9616,
-7989,
545,
-19820,
-22120,
1798,
-10664,
-5622,
1117,
-16261,
-5683,
1567,
-9158,
-7639,
4230,
961,
-4628,
-5109,
-139,
-6540,
10142,
233,
-6015,
410,
-1956,
-10439,
-828,
-4796,
-10275,
-2087,
-9498,
-17392,
-5773,
-4620,
-12677,
-5400,
-2578,
3130,
2977,
11985,
759,
-8684,
-13160,
-8308,
-4626,
1660,
8595,
-2673,
-7338,
-41,
-16819,
-3632,
6896,
390,
-4086,
-2626,
-1005,
-5705,
1736,
-12013,
-14857,
-7278,
4345,
-2988,
-5141,
7566,
-74,
-5185,
1376,
-5783,
-14687,
-8083,
-4836,
-1792,
-10193,
8393,
-18036,
-17004,
4208,
-21653,
-1513,
1841,
-1193,
-5731,
7938,
3101,
-18570,
-3049,
7780,
2265,
-5354,
293,
9972,
-10376,
13427,
-6887,
5875,
4165,
-7667,
-6862,
9781,
5437,
-12720,
-1816,
-2640,
-5460,
2531,
5181,
-14186,
-892,
6891,
-3846,
-4027,
9667,
1294,
3173,
-10293,
7649,
12160,
7785,
2467,
3300,
1607,
7988,
-16136,
-10577,
7439,
-7723,
-17031,
-8019,
4231,
-5505,
-14701,
-5996,
10567,
8868,
11502,
4866,
-7338,
9787,
-8784,
-5645,
3442,
599,
-727,
-1984,
-5796,
-2357,
-10361,
-12434,
-17829,
-1800,
714,
-7754,
-4672,
-1839,
-3229,
478,
10077,
4901,
5114,
9988,
533,
3640,
-1566,
-7494,
-25012,
-9210,
1107,
1955,
-8081,
-12166,
-6134,
5477,
18905,
-1360,
5180,
3054,
537,
-12650,
-7582,
11315,
9682,
961,
8572,
-2399,
-13865,
2767,
-8442,
-305,
11349,
-3349,
-1768,
-10105,
10046,
2140,
-2815,
-5483,
-5421,
7420,
-11251,
-19276,
-6643,
-2361,
-8406,
2019,
6989,
3915,
-4143,
-4106,
-7612,
6487,
2378,
6190,
-14088,
9673,
-4507,
-19589,
68,
-6655,
-5778,
-3176,
9714,
-1424,
-3798,
306,
-6535,
-4918,
648,
-3741,
-3728,
-974,
-1915,
11857,
13534,
4481,
-10403,
-10824,
4652,
1481,
-10706,
-8800,
-11474,
1047,
-9761,
1368,
-4086,
-10533,
-1335,
-2502,
1024,
5088,
-9045,
-11763,
8471,
4122,
3312,
2396,
3361,
-6072,
-4934,
-7035,
7446,
-11998,
-6104,
2835,
-2156,
9787,
-10237,
-4151,
10820,
10061,
9716,
8088,
7355,
8250,
2495,
8942,
6195,
-1854,
7746,
7991,
2241,
17073,
9417,
-4188,
11517,
22642,
11006,
6603,
12057,
7345,
10833,
9503,
7588,
7774,
6005,
5583,
12576,
19996,
4296,
3761,
5001,
10187,
565,
-7970,
11171,
-4525,
-3753,
1157,
2845,
-2954,
-4135,
-1139,
-2411,
12172,
4437,
-1711,
8923,
5721,
2998,
6054,
1719,
-3739,
-1382,
3070,
12492,
-2411,
10180,
3041,
-3271,
1107,
-19102,
4074,
13662,
-3873,
-10899,
5121,
-2523,
-12352,
-9345,
3576,
-5185,
-3319,
10891,
2696,
5272,
6084,
-6375,
2470,
3454,
2669,
-13657,
-3594,
-3766,
3748,
-3600,
-1637,
-1290,
-6246,
-4438,
3248,
-1231,
981,
-13849,
3784,
9062,
6662,
3823,
-1880,
469,
-272,
-8022,
-6904,
1479,
173,
-6737,
-2229,
-7960,
-5255,
-13945,
-2611,
3977,
2314,
4043,
10023,
4819,
9170,
630,
-1146,
-6252,
-6471,
-9032,
-11132,
-14983,
3783,
-8128,
2180,
1801,
3336,
1086,
4568,
4208,
-5604,
-9920,
-4880,
1035,
-1208,
-4202,
-5250,
-1262,
711,
-9583,
15547,
9335,
4063,
-2759,
-5514,
-3324,
-1541,
-7583,
-8368,
-2102,
1669,
-9110,
-1375,
-1650,
2376,
-4416,
13790,
1693,
-2682,
1407,
1884,
-4747,
-4728,
-1622,
2025,
4259,
-12871,
-11241,
-12462,
3057,
4920,
-1094,
9190,
1356,
8394,
7040,
816,
-3736,
-1692,
4672,
-3078,
-12698,
-12879,
-15863,
778,
2552,
-3442,
-9205,
5685,
8288,
16052,
5952,
3186,
-2528,
860,
-4149,
-3134,
10,
-403,
-4244,
-4134,
3817,
-6843,
-5019,
6803,
10505,
17270,
-516,
-8179,
-3295,
4456,
-1483,
-14544,
11686,
4092,
-2050,
-3427,
-1648,
-2589,
-9965,
2820,
5229,
21966,
1199,
-7735,
-5481,
1986,
-10704,
-5168,
7537,
781,
2228,
-996,
-8172,
-1274,
-4076,
-2197,
4902,
12450,
-6430,
865,
-2119,
-12499,
-10999,
-2540,
4240,
-13669,
-8604,
-11573,
-2247,
388,
-9342,
3054,
5395,
7032,
-921,
-1909,
-2399,
-6433,
-5548,
-1795,
-1726,
-6758,
-4467,
-4895,
-2907,
-8507,
-10169,
-521,
2400,
948,
11086,
3801,
9847,
2792,
10870,
14111,
5961,
6046,
3028,
3726,
7394,
20915,
6178,
5411,
8990,
12075,
20816,
8725,
14948,
22082,
14979,
19065,
14038,
12094,
10439,
19038,
15872,
23914,
13963,
11939,
10082,
3809,
17449,
13227,
15165,
13681,
11872,
17215,
13111,
17342,
17324,
14748,
16940,
11594,
14448,
11661,
12203,
12512,
18491,
16241,
17201,
11284,
13918,
15590,
10394,
12189,
18799,
14437,
18703,
15191,
9385,
9792,
1714,
14830,
14383,
15812,
15631,
16174,
16554,
12593,
16508,
16860,
15872,
20825,
17199,
23067,
12881,
11321,
7731,
11162,
19998,
12918,
13743,
10508,
17272,
13191,
6925,
15039,
4548,
10263,
10509,
13174,
4878,
10098,
9708,
15437,
22187,
15253,
12727,
11457,
12491,
12524,
10085,
15326,
9465,
8433,
9045,
14379,
-435,
8100,
1850,
10656,
18038,
14926,
13806,
16738,
16756,
20913,
16289,
9275,
9936,
13563,
11757,
18525,
9870,
5841,
9288,
9612,
9568,
14115,
15767,
21744,
21834,
17847,
24198,
20241,
13717,
11543,
10346,
17818,
5003,
10243,
4452,
13447,
18623,
8024,
17807,
13365,
14826,
22047,
14028,
14587,
9019,
10318,
9780,
16466,
11658,
14334,
4914,
12027,
16155,
14091,
16567,
14839,
12001,
14143,
17154,
22092,
21951,
18172,
14149,
12205,
13615,
10495,
7405,
9887,
21750,
11455,
7871,
13736,
12578,
11379,
13510,
21108,
16166,
21081,
10355,
17246,
8766,
7613,
6495,
13540,
18361,
16758,
12967,
25219,
14295,
15193,
7216,
16367,
14941,
9979,
15923,
17971,
12254,
10039,
1214,
22746,
16890,
20367,
16691,
21855,
14909,
17632,
13950,
14403,
12128,
5843,
11993,
15980,
7608,
8977,
3035,
13149,
19303,
15799,
8397,
12495,
17363,
6142,
15362,
12637,
15080,
19272,
11778,
11434,
10279,
8713,
5840,
11159,
11642,
6665,
4399,
11417,
11105,
9374,
10022,
10856,
14794,
9152,
10424,
13702,
9513,
7491,
-9559,
-10093,
3320,
609,
-7372,
-9222,
1705,
-9792,
86,
-11247,
2338,
-1257,
-10394,
-14090,
-9400,
7237,
-12077,
-6614,
-7034,
-12770,
-353,
-275,
-1844,
-6935,
-5494,
-7839,
-3835,
-4804,
-18970,
-2951,
2625,
17167,
-14976,
-5703,
8866,
-407,
841,
-421,
4635,
3249,
1834,
-3553,
1895,
2644,
3660,
-2895,
14283,
22404,
-4895,
-11320,
-1263,
-6140,
-2537,
4730,
-2349,
-2116,
-8254,
-5888,
-13558,
2471,
-11835,
-8341,
-7990,
24415,
833,
3651,
2344,
2235,
-2810,
2522,
-5076,
-2208,
4349,
-11425,
-3118,
960,
9294,
-87,
7290,
9994,
-8891,
-7074,
2311,
-1861,
6577,
-1742,
5308,
-3151,
-6164,
651,
-7235,
2145,
2443,
7704,
2806,
7699,
-9515,
3363,
10019,
-2338,
-1787,
-617,
-7178,
-3170,
-1241,
4217,
-7166,
2903,
6255,
9709,
11106,
5382,
-12476,
-307,
1506,
963,
2678,
7089,
6032,
8604,
-2429,
-242,
-626,
1423,
2210,
2044,
-2785,
-170,
-9069,
-7941,
6016,
-3127,
12296,
10286,
-1482,
-3968,
13132,
1806,
11135,
3830,
6588,
-6460,
2143,
7218,
-6297,
-469,
-1180,
-1543,
1498,
2223,
-12763,
-5699,
-13288,
9793,
1769,
11766,
7343,
-1546,
14279,
8258,
-6889,
-6,
2216,
4332,
251,
11779,
3954,
-11078,
-7528,
-16300,
-4858,
9673,
838,
1652,
2143,
7597,
-1190,
413,
4546,
-2609,
13,
-2242,
3578,
-7,
785,
-17414,
3766,
9514,
-4278,
6105,
6832,
16121,
-12495,
-5649,
-7402,
-6866,
1046,
4317,
4939,
7209,
7013,
-818,
-1210,
-11963,
-60,
2239,
23,
5805,
-15265,
9509,
11501,
-475,
-6969,
-5278,
13930,
10523,
-1905,
-4833,
14094,
5012,
-3640,
-2909,
-3058,
11641,
1969,
7007,
17319,
16215,
4889,
10184,
14752,
8011,
4654,
9322,
5190,
18173,
8993,
7238,
10269,
15473,
-7277,
-505,
2675,
1145,
-4528,
-7960,
6028,
6551,
-3122,
7977,
1805,
3850,
1539,
1265,
7028,
7223,
-5291,
-2468,
6745,
11196,
4151,
3370,
-7330,
16461,
-1442,
6137,
8743,
-5039,
-13502,
148,
-5111,
-7397,
-26044,
-7879,
-6024,
1821,
-8696,
6507,
-3868,
-10018,
-18328,
-11654,
-3286,
-16289,
-62,
-12843,
-5473,
-1750,
-11156,
2963,
15785,
3588,
10290,
17929,
16388,
11927,
2648,
-9647,
7238,
1041,
31747,
9987,
15459,
6124,
-18593,
2125,
4676,
9341,
-314,
6510,
13907,
8572,
4248,
4001,
11786,
3139,
12243,
21163,
12454,
14900,
-12852,
16949,
4083,
2921,
8966,
13498,
-1485,
2186,
7683,
11231,
6263,
21349,
-2331,
9092,
9267,
9720,
-14845,
2295,
19465,
23675,
-10206,
-1267,
9828,
5132,
3198,
17505,
13136,
12438,
5531,
11590,
5440,
28444,
-20169,
1901,
5023,
10213,
3004,
3424,
-402,
3576,
2460,
-5231,
-5808,
9231,
2414,
10870,
-1012,
19967,
-7960,
22629,
3842,
15820,
3290,
4643,
2489,
6865,
4042,
-698,
-3010,
13357,
-8126,
5400,
10345,
6250,
-12584,
13869,
5636,
6128,
5527,
3745,
-2396,
-4022,
-428,
-4578,
-1734,
-8955,
-1246,
8126,
-8867,
10771,
-10739,
15825,
14849,
-4172,
7587,
3873,
15023,
16320,
5354,
17054,
-3557,
5465,
7056,
15922,
3349,
10020,
-14996,
-1633,
-4060,
1369,
12330,
16524,
1669,
14998,
-114,
-1858,
-9568,
-138,
-394,
854,
10662,
6408,
-10334,
-3395,
2259,
8654,
-1401,
21419,
2579,
15445,
14629,
-11900,
-464,
-5053,
-1488,
15594,
14557,
11374,
-22973,
-1236,
3288,
21928,
-11219,
11761,
-7013,
10542,
5455,
736,
9155,
-3701,
5542,
-628,
22246,
19569,
-25874,
14247,
8587,
15208,
631,
9043,
11942,
5225,
5462,
2468,
16612,
-1400,
5382,
8881,
13554,
5908,
-11521,
3113,
10249,
10306,
16903,
17053,
12823,
9371,
2265,
4722,
16483,
10797,
5685,
3298,
19540,
10933,
-3238,
16938,
24827,
17930,
19942,
22231,
28126,
19992,
29280,
18573,
17899,
10046,
16417,
14400,
22574,
19042,
-5728,
-8212,
-5127,
-3739,
-13848,
-8280,
-13478,
-2768,
-11716,
-3485,
-2130,
-20638,
-11832,
-8019,
-15342,
-2676,
4878,
687,
3613,
408,
-2978,
4490,
2041,
7730,
1806,
4914,
5771,
-9066,
-5203,
-9090,
-7410,
-860,
-11006,
-4096,
6164,
-9692,
-20736,
-13781,
-4618,
-5395,
-12857,
-10128,
-16220,
-16876,
-19312,
-9952,
-19700,
4876,
-6166,
-8331,
-6139,
-12557,
-11309,
-13100,
-8455,
-13945,
-14269,
-16792,
-17476,
-19890,
-25379,
-19695,
-9752,
-1848,
-16417,
-7558,
3517,
-9456,
-16105,
-14656,
-5362,
-13447,
-14310,
-8340,
-14168,
-7492,
-13117,
-14565,
-18440,
1841,
-17604,
-13393,
-792,
-7787,
-1231,
-12005,
-6379,
-2640,
-9551,
-7822,
-15485,
-9316,
-10878,
-8008,
-10041,
-6112,
-15120,
-18834,
-2452,
-5914,
-15985,
-11704,
-11165,
-7349,
-3924,
2198,
-12497,
-16783,
-17675,
-4617,
-15230,
-992,
-12332,
-10562,
1003,
-6207,
-9001,
-14045,
-12891,
-12141,
-10387,
-3845,
-11445,
-5656,
-15595,
-6182,
-15967,
-5094,
-5552,
-3118,
4871,
-9051,
-8584,
-3513,
-15318,
-19627,
-9618,
2294,
-476,
-1203,
-14121,
-8166,
-1957,
-2280,
-11342,
4973,
154,
-8971,
-11184,
-10827,
-17668,
-22337,
-22030,
-11512,
487,
-5541,
-12812,
-8192,
-7225,
-3618,
-7443,
-7351,
3034,
-6262,
-3784,
-9714,
-10546,
-8882,
-10115,
-10485,
-7198,
-11379,
-15814,
-8468,
-1984,
-1500,
-5797,
-1571,
2440,
-5658,
-11944,
-4417,
-9656,
-6656,
-10414,
-7784,
-4469,
-14178,
-19454,
-21009,
-7229,
802,
-8795,
-9842,
8218,
-2873,
-11538,
-7439,
-7858,
-7725,
660,
-5222,
2284,
-14736,
-19634,
-11115,
-14033,
-3606,
-14139,
-9236,
1338,
-90,
-23904,
-7088,
-8737,
-11753,
-18657,
-3153,
3548,
-1443,
-5433,
-11165,
-21646,
3661,
-10842,
-12597,
2161,
4101,
-11201,
-9727,
5544,
-8708,
-10194,
-16896,
-1682,
-3710,
-2548,
-4475,
-9390,
2096,
-59,
2175,
2770,
3880,
-3824,
-5678,
1007,
2599,
-5122,
414,
608,
5863,
3121,
288,
-2643,
-702,
3180,
-2531,
3234,
1293,
-1054,
1133,
11076,
9081,
-1101,
-4458,
-3694,
3015,
6957,
2235,
-5283,
3438,
-13018,
-22851,
-10782,
-2679,
853,
-2463,
-7696,
-224,
-9198,
-7278,
-15862,
-10236,
3427,
-2387,
-12256,
8712,
-16447,
-15618,
-25256,
-9742,
-13956,
-14089,
-8026,
-1393,
-20513,
-5535,
-4725,
-9853,
-22375,
-15908,
-27339,
-3504,
-15249,
-8597,
-3230,
-14055,
-6670,
-8259,
-18877,
-10400,
-5677,
-11055,
-15636,
-11601,
-19606,
-12869,
-16975,
2883,
-23257,
-25801,
-7748,
-7894,
-14960,
-2416,
-4683,
-10426,
-9750,
-11067,
-6963,
-2036,
-4297,
-13191,
-20025,
-2109,
-18268,
-24189,
-4658,
-1548,
-7925,
-14375,
-11202,
-10455,
-15002,
-9866,
-15455,
-10597,
479,
-8313,
-11976,
2863,
-13862,
-13031,
-13496,
-10504,
-10506,
-13076,
-22545,
-5520,
201,
-7770,
-7904,
-7246,
-10717,
-14410,
-17984,
-1471,
-15357,
-13731,
-11001,
-10685,
-13996,
-16252,
-12781,
-13592,
-9869,
-13947,
-19278,
-6679,
-4825,
-16551,
-19557,
5544,
-12283,
-20197,
-7101,
-6133,
-6419,
-11843,
-15692,
-4109,
358,
5293,
-5820,
-14184,
-10778,
-7918,
-9928,
6581,
-16668,
-24838,
-23672,
-14776,
-6775,
-6231,
-6632,
-10886,
-8947,
-3230,
-5403,
-19484,
-8462,
-11068,
-6302,
4526,
-12850,
-14483,
-11729,
-9320,
-9940,
-16353,
-17988,
-11189,
-6066,
-2584,
-504,
-13802,
-12080,
-5188,
-13306,
-2405,
-18377,
-12802,
-7662,
-17503,
-8546,
-3603,
-6508,
-14933,
-7651,
-13486,
-6773,
328,
-6875,
-632,
-19236,
-3066,
-17286,
-18343,
-5470,
-21426,
-13731,
-11688,
-14229,
-13966,
-13429,
-14986,
-17887,
-1944,
-12118,
-4283,
-27305,
-4250,
-12458,
-25820,
-8664,
-16195,
-11846,
-2669,
-8731,
-15145,
-21922,
-9635,
-8971,
-276,
-10739,
-11885,
-19505,
-1508,
-15887,
-25244,
-9772,
-7863,
-20105,
-14769,
-11388,
-6755,
-13386,
-19297,
-12359,
-10827,
-10644,
-12217,
-10079,
5076,
-8743,
-5338,
-9037,
-12274,
-17377,
-13103,
-14741,
-10271,
-15178,
-12940,
-13278,
-11968,
-6187,
-5444,
-16917,
-10943,
-14492,
-23567,
-13285,
-16704,
-23571,
-17687,
-9962,
-12105,
-13855,
-914,
-20531,
-29162,
-27643,
-26394,
-23264,
-9891,
-13992,
-10282,
-13928,
-18514,
-20602,
-21134,
-8666,
-18075,
-17967,
-1238,
-21572,
-19339,
-26825,
-17183,
-31192,
-17229,
-21697,
-30911,
-24147,
-23009,
-14452,
-15839,
-18470,
-33920,
-33121,
-10527,
-17908,
-6031,
-21018,
-27850,
-38650,
-19936,
-12330,
-17849,
-17179,
-15748,
-14050,
-16561,
-17043,
-6521,
-14469,
-25504,
-13509,
-16301,
-7373,
-18993,
-29018,
-18192,
-16122,
-23238,
-23892,
-10613,
-21353,
-24692,
-17476,
-10448,
-22595,
-11970,
-17845,
-29426,
-18488,
-15237,
-27127,
-17870,
-15655,
-24544,
-24489,
-27277,
-18046,
-19440,
-10898,
-19575,
-15791,
-17597,
-5811,
-12648,
-8787,
-21322,
-24859,
-16512,
-1997,
-28423,
-23608,
-2134,
-14140,
-27091,
-32509,
-33048,
-20778,
-3873,
-6889,
-13092,
-18157,
-14746,
-16137,
-5608,
-3503,
-19462,
-25537,
-24396,
-11918,
-21081,
-31589,
-30206,
-29203,
-22242,
-20014,
-26772,
-22945,
-16220,
-20014,
-10331,
-5497,
-23229,
-25123,
-11693,
-28199,
-25857,
-11547,
-25461,
-37095,
-16122,
-29264,
-25693,
-19046,
-24406,
-26645,
-6491,
-6510,
-17837,
-21855,
-5202,
-5183,
-23928,
-15993,
-12134,
-11746,
-22181,
-20480,
-33999,
-10839,
-19691,
-27591,
-9838,
-10690,
-26126,
-14860,
-12549,
-8906,
-29896,
-19604,
-17029,
-17013,
-20518,
-28616,
-28930,
-14375,
-15640,
-32576,
-17663,
-14934,
-23354,
-19748,
-24049,
-10063,
-28751,
-26918,
-25112,
-28163,
-16014,
-15124,
-20300,
4315,
-20034,
-24449,
-18300,
-8501,
-25589,
-27101,
-33265,
-27608,
-24902,
-10234,
-23332,
-36189,
-23553,
-20729,
-13578,
-6786,
-24499,
-23897,
-13365,
-13739,
-19762,
-23837,
-22103,
-19509,
-24713,
-38327,
-24763,
-17853,
-22065,
-22902,
-12880,
-22174,
-33436,
-32712,
-26185,
-12868,
-19459,
-28177,
-21898,
-10792,
-20921,
-31694,
-19491,
-16281,
-25561,
-22603,
-31537,
-16592,
-10431,
-31645,
-20531,
4162,
-871,
-1110,
-1806,
4165,
-2288,
-13513,
-1948,
3236,
-8725,
-943,
-2471,
-6206,
1894,
1980,
-4925,
-5208,
3001,
4896,
-7573,
-7949,
2001,
-3840,
4560,
-5712,
-2194,
4166,
1375,
-10251,
-6347,
-4183,
-15896,
-16895,
-7381,
3142,
-9805,
-1854,
40,
-8893,
538,
-7648,
-8010,
-9223,
1086,
-10168,
-9226,
8034,
-20526,
-7972,
-2275,
7512,
-85,
12981,
18359,
7260,
593,
11296,
-5209,
584,
13206,
15221,
-6896,
27886,
5298,
-2250,
4903,
-2330,
-6328,
8642,
-1302,
-7554,
13147,
18005,
-11800,
-9533,
-572,
9452,
-4754,
21295,
1589,
-10377,
7893,
-15633,
-2058,
14543,
185,
1514,
-948,
8705,
1088,
7226,
2553,
10785,
11128,
22975,
-4573,
-11292,
4571,
-2517,
-1099,
9304,
-167,
-2055,
-17990,
80,
7494,
-104,
13856,
4347,
1013,
19681,
3447,
793,
13006,
3969,
214,
-857,
-6453,
-9601,
-4628,
-8227,
475,
2912,
3002,
6574,
4044,
20538,
5608,
-4962,
3448,
8331,
14486,
8295,
4169,
-898,
-5421,
-12522,
-8442,
-5325,
-1287,
655,
-4960,
5423,
-7015,
-12177,
2171,
4592,
2821,
6504,
1203,
11601,
7109,
8231,
-1358,
3766,
-5366,
-4883,
2102,
-1178,
-10725,
-9479,
-4407,
-1704,
3273,
7426,
12922,
6841,
2088,
15184,
10829,
-937,
4855,
-1170,
6266,
3536,
3159,
-8554,
-1742,
8174,
6414,
-2005,
-1832,
-2313,
1293,
-2926,
-3653,
-13352,
4839,
4700,
2730,
3892,
-3317,
-4490,
-12351,
9816,
11958,
-4712,
-10823,
-3777,
-8901,
-16701,
-7109,
5305,
17964,
18004,
4335,
11157,
118,
-18613,
-15054,
826,
3961,
-19479,
-5617,
2815,
8588,
-4272,
-12710,
-6405,
3340,
-410,
-8464,
8761,
-9334,
-8869,
-1941,
10404,
15886,
2812,
14018,
15582,
-878,
10095,
7813,
-1600,
-10332,
-6661,
-5932,
10972,
-705,
-5697,
8060,
20259,
26411,
13650,
14268,
12210,
-4830,
16060,
18781,
5538,
1078,
-2860,
289,
19547,
-1751,
1447,
3255,
5708,
8831,
6389,
7474,
12048,
1566,
14631,
10508,
5944,
9303,
-1811,
-2595,
14199,
7081,
4668,
10000,
10385,
-4413,
-4852,
-1542,
3971,
1557,
305,
-1655,
3067,
7486,
-1219,
-11113,
-624,
-9812,
3638,
-2116,
1925,
8689,
8096,
12513,
12814,
-1172,
-1010,
4272,
-5283,
1121,
11304,
11530,
4084,
-735,
-90,
7009,
-3958,
5014,
15751,
10177,
19804,
5029,
4521,
4177,
7977,
3122,
10613,
8704,
2400,
11326,
8535,
17222,
18050,
-1906,
-7055,
-8139,
2824,
1197,
-9211,
4075,
-2916,
-4069,
1807,
10304,
4335,
6508,
11668,
-2036,
3016,
-6362,
-1006,
3752,
6962,
1497,
-5634,
-3455,
6388,
-1130,
8427,
13084,
7758,
6548,
18332,
6236,
1872,
-4884,
12998,
-7041,
1864,
104,
2146,
-4993,
3568,
7809,
4151,
-148,
562,
3638,
9443,
11422,
12194,
9227,
3184,
10605,
5120,
-9315,
-13318,
-16656,
2452,
2805,
2701,
4511,
-1617,
6458,
2964,
8161,
20,
7467,
3883,
7171,
12607,
19608,
8774,
-1954,
-2430,
-1729,
3404,
4723,
2872,
-1279,
8463,
6370,
-9209,
3843,
9792,
6893,
147,
6605,
18607,
12866,
2902,
2630,
12230,
808,
7186,
345,
2036,
-1537,
5654,
2684,
6599,
-8572,
-3008,
-7629,
8817,
14207,
576,
-11451,
3116,
4335,
7734,
7107,
4407,
-276,
2801,
9473,
10259,
-582,
-4975,
-16404,
-12900,
8118,
4347,
-634,
8625,
4407,
-307,
6216,
13470,
12776,
5902,
5895,
11254,
-14451,
-9600,
-7419,
-5312,
-6127,
1680,
5357,
17226,
13736,
3667,
4329,
8545,
11391,
-1643,
4570,
18942,
11539,
3343,
2567,
7742,
1028,
-19954,
-17197,
-9399,
2419,
-5021,
7908,
-867,
17849,
13454,
-3973,
14850,
22489,
2082,
-4253,
18081,
16036,
14869,
-4383,
1334,
7809,
-6848,
3043,
4689,
14249,
14241,
2731,
5714,
17695,
9506,
12967,
13793,
10269,
21853,
10494,
-1783,
13227,
3924,
3249,
7542,
16432,
18357,
13304,
4786,
10625,
10320,
18516,
14043,
18910,
15234,
15763,
8729,
16905,
13071,
13607,
-7748,
-4195,
-2985,
-15556,
-5882,
-11047,
-9336,
-1797,
-14983,
3540,
-14700,
-14675,
444,
-2179,
-10356,
-5907,
-4735,
-15283,
-27204,
-6070,
-13340,
601,
-2650,
-142,
-7948,
2014,
-8648,
-11038,
14785,
-17029,
-15273,
9285,
-9047,
-5358,
-14604,
-1558,
-2048,
-18356,
-8411,
1241,
-11760,
2205,
-781,
-5227,
-7964,
-6214,
-28676,
-7769,
-9319,
-9027,
-2974,
-2740,
-10348,
-27126,
-13276,
-10315,
-21394,
-13033,
-6049,
-12359,
-17961,
2079,
-635,
-2013,
-8541,
-21735,
-15809,
-12593,
-17120,
-6402,
10507,
-2579,
-5839,
-10128,
-3483,
-12976,
-7950,
-10288,
-6497,
-10582,
-5812,
-11334,
2886,
-2534,
-5057,
-1639,
-2200,
-10760,
-4358,
-11351,
-11038,
-17103,
-2332,
-13784,
-30374,
-6812,
-7810,
4473,
-12308,
-3925,
-9631,
-16794,
-9294,
-13735,
-7524,
-24221,
-8198,
-6591,
-20353,
-20360,
-6011,
3138,
658,
-3173,
-20097,
-19453,
-18000,
-15562,
-1398,
-4337,
-9618,
4201,
-1123,
-6314,
-9177,
2707,
3909,
4177,
-1663,
-18246,
-18091,
-17930,
-14675,
-8945,
-11026,
6220,
-2473,
4636,
-12006,
-7765,
-6761,
715,
-4623,
2609,
-3778,
-19794,
-21132,
-10506,
-15550,
-14762,
-5818,
-633,
-17158,
-9325,
-10418,
-21591,
-13233,
-7435,
-7073,
11215,
-8985,
-13015,
-4592,
-5572,
-6083,
-15749,
-19348,
-15922,
-12765,
-11200,
-1294,
-11962,
-1089,
2527,
-20501,
-6442,
-7485,
-5769,
-9218,
-22802,
-12506,
-22582,
-3945,
-12450,
-2429,
2429,
5681,
-3122,
-4406,
-15622,
-27753,
4592,
-7787,
-7790,
-7740,
-24850,
-35,
6086,
-10779,
-20459,
-7341,
-5862,
-17666,
-14992,
-20884,
-18277,
-9323,
3056,
3180,
-17127,
-5355,
-14150,
-5358,
3698,
-17356,
-22177,
-6753,
-8670,
-12700,
-14105,
-12751,
-11568,
-6885,
4532,
-3475,
-15815,
-9793,
-10532,
-19137,
-10120,
-30411,
-9222,
-15027,
-27609,
-14895,
-11401,
-19856,
-18859,
-12323,
2582,
-5913,
8865,
-3606,
-8371,
320,
-8156,
-6361,
3311,
-1619,
-739,
182,
-8140,
-1119,
839,
6230,
12324,
-21401,
-11384,
-9871,
-13210,
-9875,
-13188,
-19540,
-14578,
-12678,
-5886,
-13989,
-24647,
-34739,
-19483,
-5530,
-4850,
-8627,
-4810,
5912,
-11462,
-20010,
-17053,
-24914,
-18171,
-9206,
-11703,
-24065,
-24527,
-28244,
-37873,
-14802,
-4386,
-13571,
-915,
-3045,
2353,
-6299,
-10286,
-10886,
-20614,
-9107,
-9543,
-5657,
-7930,
-2770,
-6184,
-9174,
4021,
-8161,
3714,
-9390,
-20874,
-1749,
-5727,
-4938,
-9516,
-7263,
-9262,
-16953,
-6147,
-9321,
-4395,
-1304,
6751,
-11409,
-5940,
-3579,
-13154,
-4244,
-6733,
-4919,
-11713,
-4184,
-9576,
-6000,
-11203,
-8533,
-8384,
4394,
2025,
-19890,
-12564,
-5578,
-13208,
-6533,
-3544,
-482,
-3188,
-7685,
-6443,
-14951,
-16952,
-10576,
-8464,
-5593,
3324,
-9384,
-5011,
-1596,
-6356,
-8787,
-15036,
-16417,
-10069,
-2595,
-4708,
3954,
-2242,
-7299,
-5625,
3645,
5125,
-9480,
-7592,
-6279,
-8946,
-6521,
-7065,
-8354,
-21523,
-20395,
-5874,
-2238,
-1089,
-3774,
-4041,
-1538,
518,
-13189,
-6444,
-285,
-3187,
-9670,
-13774,
-11868,
-3734,
-9881,
-10884,
-12995,
-4632,
-2468,
-3908,
-318,
-3373,
-10200,
-3,
-60,
168,
-6811,
-5804,
-8498,
-15613,
-13414,
-14404,
-17914,
91,
-3837,
-7622,
-10141,
-1724,
-18947,
-7328,
4333,
6577,
7787,
-1645,
-12775,
-7992,
-256,
-1248,
-11072,
-10517,
-6662,
-10690,
-14443,
-6895,
-19373,
-12690,
-6042,
5037,
-2091,
-8071,
-2522,
-14793,
-15986,
-5783,
4722,
3542,
3875,
-9343,
-17601,
-3548,
-18119,
-3680,
-3575,
-2221,
-13698,
-12196,
5885,
-3345,
-11917,
-12404,
-6725,
397,
-4818,
-5842,
3478,
7381,
-9299,
-1014,
3878,
766,
-2958,
-8582,
-7262,
-10247,
-4531,
216,
-5145,
-6231,
-5730,
-2544,
-7522,
6004,
-12772,
-3253,
6333,
5779,
-4542,
2479,
-3723,
130,
610,
4648,
8013,
1212,
-7364,
-368,
-393,
-5964,
3667,
8584,
7159,
5912,
7290,
14473,
17802,
11277,
7519,
6264,
1660,
7060,
7867,
4467,
6320,
9979,
