# 131 (shape [1, 32, 16, 16]),
6347,
-2225,
-3211,
377,
-2033,
-3203,
-3802,
-2129,
-1773,
-2516,
-3149,
-2529,
99,
608,
-3441,
873,
11051,
-2028,
-1855,
3631,
-1216,
-3139,
-2038,
3398,
3834,
-2577,
529,
-2483,
1416,
-1136,
3433,
-2033,
9558,
-1013,
-1202,
-278,
3964,
1450,
-1104,
-3468,
1325,
-3540,
602,
-1744,
-304,
1156,
-800,
-1148,
5410,
-824,
-451,
568,
-674,
-855,
-968,
1942,
-163,
-846,
-1216,
-107,
445,
-1553,
-300,
444,
13803,
-309,
2698,
-2657,
2567,
-2302,
368,
-2069,
-667,
1345,
-3114,
-2839,
-3836,
-565,
-3849,
-2679,
5323,
-2265,
-3590,
-881,
-5159,
-1025,
-693,
2470,
-2205,
-1940,
-494,
2154,
-2613,
-50,
-1339,
-2192,
4660,
-2217,
3686,
1854,
2540,
1127,
-4440,
-421,
1676,
817,
310,
-698,
-1213,
-1780,
-1978,
-362,
4269,
572,
-3308,
-436,
2027,
264,
-3352,
6528,
-716,
-1848,
40,
-1258,
-1945,
397,
-348,
-86,
9168,
1468,
-36,
-1413,
261,
-2092,
-220,
1055,
-725,
-707,
1061,
-942,
244,
-1549,
-1228,
-498,
12777,
-1735,
627,
-3409,
-300,
452,
1545,
-1836,
-3834,
-4272,
-1426,
-1297,
-439,
261,
-1406,
-1733,
4836,
1138,
2391,
570,
2370,
-233,
-1753,
-1288,
-3129,
4289,
-7051,
-1467,
-702,
-2055,
3584,
1492,
2485,
-2332,
-792,
2285,
-68,
883,
1837,
-351,
1904,
-1635,
-2420,
731,
-1270,
1055,
-2540,
-137,
9640,
-1341,
-1255,
4641,
-2896,
-1304,
581,
574,
-727,
-703,
-631,
-2380,
2304,
-166,
572,
-1956,
9735,
2874,
-2593,
820,
-1869,
471,
965,
-2417,
-1439,
-1781,
-2407,
-1502,
-211,
946,
-637,
-2292,
10856,
3937,
-1228,
-2116,
789,
-1031,
-846,
-957,
-141,
-1481,
475,
-530,
-3201,
1494,
-657,
-145,
5340,
4566,
2175,
2742,
-1166,
822,
-2187,
1191,
1022,
4097,
102,
-578,
162,
-1675,
-2577,
929,
9502,
6125,
8945,
11252,
9271,
6779,
10582,
7289,
8856,
5605,
9135,
10571,
17310,
4725,
9588,
9869,
11049,
1278,
3483,
5524,
3741,
5391,
3005,
7702,
1299,
-485,
3148,
584,
3278,
4712,
9559,
3461,
10138,
4367,
3416,
7243,
5334,
8433,
-2773,
-744,
6613,
4913,
2369,
1757,
1279,
6965,
-629,
657,
4782,
1671,
2625,
1634,
949,
1121,
2731,
7595,
3544,
-103,
266,
364,
2713,
-2209,
688,
595,
12481,
8789,
10001,
5602,
787,
1666,
1180,
2604,
1239,
3116,
3874,
4580,
3986,
-1883,
3285,
1828,
6294,
2542,
835,
1171,
5112,
-6807,
-290,
2818,
10396,
661,
858,
4080,
4703,
8252,
5542,
-612,
9760,
660,
3619,
2505,
3214,
7437,
7583,
1573,
-855,
3348,
1254,
-4109,
-1392,
2666,
1319,
-1871,
6149,
3295,
5039,
4681,
5583,
4857,
7413,
8473,
6460,
4021,
6217,
2972,
1815,
2853,
6004,
947,
3941,
3208,
7109,
-2049,
3103,
2802,
819,
3198,
3947,
2078,
246,
1501,
3049,
3747,
3747,
4290,
7596,
4430,
280,
4448,
2207,
4692,
1687,
864,
1250,
2892,
3422,
928,
8139,
1505,
-60,
3751,
7617,
6209,
332,
1340,
1477,
5360,
7716,
701,
1995,
608,
6328,
6176,
-1441,
7821,
5173,
-421,
989,
6269,
1556,
3134,
5978,
4431,
1441,
6011,
3993,
6234,
-8618,
10365,
-3578,
410,
5704,
1166,
9406,
6761,
3701,
4123,
3284,
-1601,
-1693,
-1088,
6005,
3522,
9785,
5934,
7082,
1070,
2608,
10639,
8801,
-1955,
1767,
4306,
1111,
3079,
6152,
2237,
2169,
2794,
5018,
5962,
702,
6768,
6977,
4122,
14267,
7348,
2663,
1206,
301,
-2361,
6483,
6517,
-1064,
-3168,
231,
-2134,
4369,
5481,
1788,
8312,
7003,
6465,
1644,
639,
2331,
3487,
2020,
-463,
1583,
7753,
3830,
2773,
2868,
1311,
-510,
1610,
-5926,
2520,
5658,
-465,
5548,
2383,
4067,
2618,
3771,
4567,
4087,
8004,
556,
576,
4933,
3717,
-12887,
-766,
1897,
-6483,
-1798,
-419,
855,
-5328,
-6978,
-1320,
-3217,
-346,
-9537,
37,
410,
-751,
-8688,
-682,
893,
-1371,
-4697,
-2354,
-4112,
-6804,
474,
1563,
-10065,
-2891,
-2222,
-1912,
-2040,
1255,
-13586,
-1663,
-877,
-1155,
-1494,
-3214,
-1231,
-2856,
-3340,
-1468,
-3087,
-1855,
-3761,
-4026,
-3393,
-4020,
-11282,
1373,
-968,
-3489,
-868,
437,
-5672,
-3790,
-1988,
-342,
813,
1004,
-558,
-9503,
-358,
400,
-7885,
-486,
-3261,
-1774,
991,
-6411,
-492,
-2300,
2186,
-571,
-4622,
-5990,
7,
-3148,
283,
-3628,
-4208,
-3495,
-3835,
-3919,
-2659,
-2901,
1919,
-2019,
-4376,
-2969,
-1845,
-8056,
-4212,
-3411,
-2663,
-3051,
-8166,
-754,
2464,
1401,
-2797,
1501,
270,
-3831,
1084,
2048,
786,
1892,
-1642,
-3481,
108,
-355,
-15418,
-1930,
37,
-4999,
-2548,
-1368,
-3851,
-1151,
-3648,
-2796,
-2760,
-2946,
-3298,
-359,
-1367,
-2284,
-16014,
849,
206,
1245,
-2131,
-1732,
-3186,
-2780,
-1709,
993,
-1126,
-2146,
1719,
-2716,
-2824,
-1689,
-4372,
-3890,
-3070,
-3994,
-3188,
24,
5250,
-1490,
1297,
-4948,
4166,
-1985,
-4204,
-4920,
-846,
-5631,
-7676,
-224,
-247,
-1609,
1470,
-911,
-1680,
299,
2626,
1941,
-6967,
-866,
-3437,
-4009,
-2170,
-3641,
-9131,
-1531,
-453,
-3619,
-323,
-4869,
-5398,
-723,
672,
-4906,
-1317,
1843,
83,
-321,
-5083,
2322,
-16933,
-5005,
-1942,
-615,
-4696,
211,
-4867,
-538,
1264,
-1957,
104,
-1525,
-2810,
214,
-2457,
-1614,
-9417,
-3321,
675,
576,
-788,
-3892,
-2072,
50,
-2637,
-3261,
-3644,
-1188,
1068,
-1392,
-3757,
-13,
-6850,
-4350,
-402,
-1611,
444,
-501,
444,
-1249,
-1068,
-1481,
-1060,
-3775,
-1653,
-2540,
-2507,
1166,
-16980,
-11467,
-18111,
-19896,
-11461,
-15225,
-18536,
-11806,
-15819,
-8957,
-10832,
-13538,
-29632,
-3379,
-14650,
-10788,
-17363,
-10731,
-7520,
-7173,
-19644,
-16940,
-12866,
-13857,
-10327,
-6878,
-4204,
-7279,
-14135,
-21015,
-13830,
-9909,
-15454,
-12434,
-7207,
-9536,
-7282,
-14674,
-4849,
-16089,
-9228,
-13520,
-10260,
-10220,
-4399,
-10753,
-6138,
-3714,
-16138,
-2517,
-8377,
-4131,
-5422,
-3851,
-5549,
-8150,
-4140,
-9802,
-9100,
-192,
-6088,
-5789,
-5679,
-3122,
-16356,
-10160,
-7639,
-11691,
-2831,
-12222,
-4985,
-11294,
-4462,
-3759,
-13726,
-15198,
-12893,
-3447,
-7449,
-6390,
-7650,
-17712,
-7883,
-5411,
-7561,
301,
-1067,
-3699,
-17365,
-3187,
-7976,
-4711,
-11806,
-8594,
-10844,
-6372,
-16118,
-13040,
-3903,
-6773,
-11741,
-9154,
-11202,
-4249,
-5996,
-9180,
-3294,
337,
-5470,
-8578,
-6795,
-248,
-13885,
-6201,
-8323,
-6194,
-1958,
-10111,
-13699,
-14628,
-9856,
-9319,
-10458,
-4635,
-9038,
-6949,
-6198,
-921,
-15632,
-6243,
-13210,
-8318,
-1723,
-8319,
-8436,
-10426,
-13765,
-3785,
-6654,
-7950,
-8709,
-6243,
-3836,
-8607,
-14315,
-5782,
-2201,
-11197,
-2158,
-12927,
-3620,
-8013,
-10484,
-8884,
-5985,
-2464,
-10063,
-7809,
-6350,
-9899,
-9647,
-6479,
-5277,
-2669,
-2197,
-13255,
-12753,
-8704,
-7585,
570,
-22167,
-10046,
-2664,
-11109,
-5075,
-5452,
-8484,
-10661,
-1522,
-2089,
-13484,
-3544,
-7671,
-9081,
-15948,
-4871,
-84,
-8720,
-1589,
-4038,
-20312,
-1678,
-19228,
-9387,
-11066,
-6688,
-15306,
-8505,
-4192,
-1675,
-14411,
-7293,
-5821,
-7873,
-4723,
-6192,
-9215,
-22164,
-15073,
346,
-11644,
-5219,
-11005,
-11140,
-5952,
-6080,
-10727,
-12200,
-13334,
-8888,
-3235,
-12555,
-8618,
-6487,
-11981,
-14470,
-6455,
-5333,
-9666,
-4845,
-5746,
-12740,
-2272,
-2672,
-908,
-3455,
-11077,
-10306,
-7204,
-10704,
-11387,
-6315,
-2217,
1289,
-4847,
-5159,
-5786,
-1726,
-2394,
-6458,
-11780,
-9638,
-8737,
-6467,
-187,
-3139,
-10612,
-5205,
-5570,
-9413,
-5049,
-6321,
-7312,
-6230,
-5269,
-3588,
-7114,
-5858,
-8541,
-5809,
-3445,
-6777,
-14559,
-8689,
-5653,
-8055,
-11506,
-7436,
-1896,
-11882,
-11179,
-5199,
-6895,
-5749,
-14271,
-7167,
-9790,
-5677,
-15808,
-9191,
-5650,
-7051,
-12198,
-10044,
-5172,
-5183,
-5443,
-5341,
-10770,
-9000,
-8208,
-10606,
-4506,
-4222,
-15726,
-7873,
-6859,
-8783,
-6402,
-6731,
-8315,
-6802,
-9018,
-4398,
-10403,
-3114,
-7327,
-6347,
-9737,
-4548,
-18014,
-7583,
-9099,
-10277,
-6162,
-3187,
-7282,
-8276,
-7453,
-5586,
-5754,
-2818,
-7807,
-10103,
-5933,
-5234,
-9707,
-7994,
-7310,
-4072,
-7266,
-7385,
-2986,
-6619,
-6318,
-6611,
-6892,
-8954,
-5758,
-8346,
-5944,
-6292,
-13173,
-7577,
-12235,
-6246,
-8432,
-9152,
-8596,
-4440,
-5642,
-6565,
-846,
-8194,
-8194,
-8640,
-6429,
-4715,
-11018,
-6515,
-5662,
-4216,
-6327,
-5165,
-10398,
-14267,
-6667,
-2726,
-6062,
-3764,
-4439,
-7898,
-4646,
-3068,
-14092,
-8890,
-5674,
-8154,
-5836,
-5813,
-9296,
-7464,
-9486,
-7083,
-4423,
-5888,
-7718,
-4573,
-5328,
-5322,
-17344,
-4473,
-2371,
-5423,
-7043,
-6458,
-4935,
-5542,
-10557,
-4913,
-8028,
-8266,
-7608,
-5015,
-4159,
-6043,
-9829,
-7988,
-8626,
-7582,
-6501,
-7646,
-10164,
-6429,
-3126,
-8924,
-5220,
-6164,
-5199,
-12044,
-8953,
-9341,
-8974,
-9706,
-4412,
-5917,
-8144,
-6145,
-6124,
-11014,
-6498,
-5111,
-8125,
-10474,
-4478,
-9151,
-6511,
-6964,
-16235,
-9050,
-8165,
-8928,
-3332,
-7826,
-9894,
-3367,
-1441,
-6880,
-7134,
-5224,
-10017,
-5896,
-10930,
-3144,
-15216,
-9730,
-6106,
-6806,
-7445,
-12991,
-10600,
-4431,
-4542,
-8198,
-8349,
-7147,
-5700,
-5826,
-9633,
-9413,
-12024,
-5099,
-3205,
-5330,
-8043,
-6612,
-12219,
-4229,
-3776,
-6678,
-8352,
-1721,
-6359,
-8287,
-6693,
-6449,
-10209,
-7630,
-3686,
-6231,
-2291,
-7556,
-4373,
-2628,
-6724,
-7059,
-5539,
-7561,
-3298,
-6312,
-6624,
-3071,
-7712,
-3821,
579,
-8085,
-6055,
-4038,
-3829,
-3325,
-1899,
-1064,
-4651,
99,
-7221,
-3782,
-1976,
-2917,
-11559,
520,
-1409,
-4686,
-8404,
-2178,
438,
-5177,
-3735,
-738,
-5036,
-2891,
-3850,
139,
-7984,
-1299,
-10040,
-2256,
-2808,
-7023,
-4249,
-8137,
-2857,
-1469,
-3227,
-5248,
-4558,
-2294,
-334,
-5690,
-2806,
-1824,
-8099,
-2115,
327,
-2453,
-2834,
-1546,
-257,
-8247,
-5889,
76,
112,
-2415,
-2756,
-2585,
-2748,
-2370,
-13797,
-5621,
-3956,
-1187,
-20,
-1423,
-1902,
-3929,
-1612,
-476,
-2856,
-1158,
-1500,
-3321,
-394,
-496,
-9457,
-1166,
-2315,
-1359,
844,
581,
-374,
-2126,
-6253,
-665,
-5555,
-6449,
-2124,
-5571,
-3916,
9,
-7363,
-3902,
-1582,
-4253,
-3568,
-4974,
-4126,
-2139,
-2395,
-2047,
-2872,
-643,
-1880,
-3555,
-2614,
-870,
-6860,
-961,
-643,
-3950,
-5774,
245,
-2558,
-1807,
-3618,
1,
-3659,
436,
-1716,
-679,
-5583,
-1976,
-15509,
-1123,
-4018,
-1567,
-4055,
-2523,
423,
-351,
-2514,
-3218,
-2861,
-1848,
-3869,
-2047,
-3182,
-4560,
-11975,
-2119,
-2072,
-2219,
-1767,
-5040,
-3825,
-3658,
-4313,
-2668,
-2287,
-1907,
-4647,
-1350,
-1047,
-4422,
-6686,
-6019,
-301,
-2649,
-4365,
-4489,
1060,
-4355,
-93,
-326,
-795,
-4106,
-4818,
-6546,
-264,
-5963,
-7202,
-2461,
-3764,
-4827,
838,
-4788,
-6198,
-1205,
-615,
-1944,
-347,
-5225,
-421,
-366,
-4934,
-3941,
-10350,
-4642,
-1263,
-3676,
-3418,
-1823,
-1673,
-1176,
-2600,
-1058,
-7399,
-2098,
-5105,
-1063,
-4340,
-4816,
-11127,
-2940,
-4531,
-1339,
-4874,
1118,
-5207,
-171,
-1485,
-5377,
-2491,
-3911,
-417,
-3222,
-5750,
-5734,
-12093,
-3012,
-2086,
462,
-557,
-2963,
-2599,
-5091,
-3638,
-1075,
-2312,
778,
-895,
-1784,
-5227,
-3117,
-5526,
-9856,
-3164,
-1745,
-2482,
-650,
-462,
-2387,
-392,
-5097,
-4038,
-2498,
-5958,
-2958,
-955,
1094,
7833,
2642,
1681,
8534,
1410,
5041,
4263,
2756,
3311,
-901,
1974,
1467,
6781,
4455,
3244,
2965,
15323,
2542,
318,
3098,
3255,
3226,
3900,
8826,
8713,
645,
6584,
-752,
7159,
4882,
5136,
3765,
12046,
3622,
-418,
4858,
7365,
6770,
2352,
9200,
5181,
1332,
7899,
4496,
3072,
3641,
-162,
-1325,
12537,
1176,
3688,
2894,
516,
3190,
3282,
4199,
5336,
2751,
4164,
1342,
1812,
3144,
1676,
5401,
17712,
3152,
3233,
6696,
622,
782,
4207,
2483,
1197,
2918,
2606,
4357,
2688,
8681,
3543,
2414,
3736,
3462,
1935,
5666,
3028,
1507,
-622,
3079,
3418,
813,
2403,
6712,
6836,
3756,
2364,
5275,
6259,
5531,
4302,
4752,
6172,
5839,
2356,
2574,
5670,
2961,
-131,
4984,
1855,
3615,
4639,
1198,
7089,
2504,
595,
1680,
4786,
2517,
3982,
10267,
3019,
1986,
3669,
-192,
4319,
4848,
410,
-87,
14050,
2212,
3729,
5371,
1663,
2829,
5084,
3474,
5925,
3281,
5351,
5582,
4534,
218,
1327,
2833,
17188,
1799,
1184,
1398,
2995,
3711,
3545,
2666,
696,
2258,
2977,
1321,
4032,
105,
4178,
2964,
7076,
3964,
2979,
5297,
1896,
6486,
-590,
1855,
1384,
5080,
4577,
1139,
3346,
5679,
2072,
4658,
6968,
2668,
-319,
5292,
2274,
4325,
3180,
2847,
7025,
-478,
2592,
2496,
1401,
4389,
4827,
4676,
13612,
5732,
3619,
7117,
3445,
5452,
2158,
-145,
3643,
4305,
1602,
2668,
3295,
-200,
6271,
6730,
12808,
1355,
3793,
3426,
2476,
3141,
8996,
2710,
195,
2929,
2973,
4748,
3509,
6438,
6755,
2244,
10697,
5171,
559,
-178,
1911,
3843,
2682,
4312,
-421,
2097,
3664,
1359,
2662,
4897,
5137,
5721,
7095,
7606,
1142,
1988,
-1048,
2699,
1319,
1957,
1289,
5600,
4182,
6221,
3660,
1430,
2346,
58,
8335,
-3257,
1938,
5580,
-757,
5255,
-1808,
-552,
397,
-302,
-1877,
-2442,
3638,
776,
-341,
-741,
14427,
4699,
-1621,
968,
4662,
4086,
3412,
6451,
7973,
1627,
-2623,
1247,
10125,
8565,
760,
-3233,
14722,
3665,
-303,
-525,
2919,
3917,
2006,
6551,
2886,
-1153,
7260,
4930,
1236,
984,
4006,
-1883,
16926,
-86,
2710,
5936,
3165,
-1255,
2456,
-307,
-953,
5804,
4080,
-1730,
4974,
1451,
5704,
-1318,
14500,
-2391,
-1149,
3542,
1787,
1592,
3096,
5332,
2194,
1396,
719,
3491,
2736,
2838,
75,
2861,
2822,
6297,
1065,
1893,
3932,
3839,
754,
-61,
1169,
-79,
2072,
3819,
4945,
-374,
1185,
2468,
8178,
2766,
5392,
6555,
6744,
2655,
103,
-436,
3020,
2806,
401,
-768,
4554,
3638,
2545,
3604,
8425,
2251,
1420,
-591,
-2498,
911,
-454,
10595,
-1973,
195,
2943,
-129,
-596,
392,
-2556,
-1354,
15736,
3595,
1074,
6811,
1498,
-1513,
4765,
4366,
6093,
-1069,
4014,
285,
4117,
3116,
555,
1232,
16869,
-1743,
2661,
481,
366,
7714,
-391,
-354,
4472,
248,
4286,
2939,
-3291,
2791,
182,
1063,
7003,
-1287,
5277,
-28,
2682,
5338,
2951,
3123,
752,
2339,
6241,
-2104,
646,
651,
1508,
4144,
7536,
4219,
-417,
-181,
2485,
-569,
917,
4273,
7849,
-2000,
6387,
2522,
3475,
5646,
5710,
-2463,
16248,
2543,
2039,
7813,
-360,
6618,
5398,
2465,
276,
1654,
-3279,
-1583,
-784,
854,
8402,
1540,
16407,
741,
321,
2090,
4910,
4195,
1125,
-3113,
4501,
1859,
2649,
-1019,
2372,
8026,
3043,
46,
6761,
5096,
1237,
-232,
1734,
181,
4221,
-698,
373,
1456,
-2307,
1748,
3124,
4182,
2416,
163,
9590,
4013,
1515,
4355,
-972,
2746,
1577,
2908,
3551,
-690,
5032,
6980,
-3599,
-1854,
1693,
2161,
-13378,
-5889,
-7288,
-11984,
-4626,
-11247,
-7200,
-6847,
-5402,
-4076,
-6803,
-4303,
-10772,
-5861,
-4865,
-5184,
-17719,
-7583,
-5859,
-12368,
-13512,
-11607,
-4730,
-10623,
-9431,
-6300,
-6284,
-6835,
-17962,
-14094,
-11105,
-5734,
-18747,
-8446,
-5638,
-8490,
-13232,
-9498,
-7565,
-10701,
-5278,
-6365,
-13630,
-10578,
-8111,
-11420,
-7212,
-3963,
-21240,
-6702,
-8225,
-9015,
-9412,
-5830,
-8418,
-5504,
-7456,
-8481,
-12583,
-4359,
-8253,
-8997,
-11165,
-3209,
-20752,
-4442,
-7334,
-10385,
-4735,
-6110,
-6465,
-9216,
-8457,
-5327,
-8061,
-6660,
-10381,
-10959,
-5686,
-7344,
-11685,
-14028,
-8558,
-5872,
-8684,
-9858,
-3315,
-5884,
-7744,
-5974,
-9546,
-7697,
-8672,
-5960,
-6762,
-7474,
-14583,
-10450,
-11594,
-7626,
-9785,
-9391,
-8059,
-3960,
-6094,
-4547,
-4315,
-8517,
-9474,
-9373,
-10380,
-5846,
-17004,
-6319,
-6136,
-3695,
-4896,
-6944,
-9548,
-14774,
-6359,
-3740,
-6262,
-1803,
-5151,
-6084,
-5188,
-2244,
-21401,
-6418,
-5357,
-12531,
-5703,
-6433,
-8605,
-9706,
-10245,
-5712,
-8106,
-7297,
-8553,
-5751,
-4780,
-6623,
-20561,
-2692,
-4293,
-6839,
-5726,
-10737,
-3616,
-9187,
-14082,
-6313,
-8698,
-8269,
-5458,
-7373,
-5659,
-7566,
-14078,
-4966,
-9861,
-5108,
-6824,
-10195,
-5660,
-7220,
-5455,
-7013,
-11360,
-5364,
-5908,
-10418,
-7831,
-11359,
-14556,
-10071,
-5629,
-5289,
-5358,
-4990,
-8150,
-11102,
-11142,
-4532,
-14056,
-6136,
-7112,
-10175,
-11672,
-6512,
-19674,
-8224,
-8418,
-8169,
-7695,
-11791,
-11095,
-4800,
-6400,
-6697,
-5530,
-4465,
-6724,
-6639,
-12118,
-6651,
-18434,
-10555,
-8918,
-6169,
-10145,
-15583,
-8686,
-2800,
-8039,
-9840,
-9922,
-5911,
-5989,
-8654,
-9666,
-8412,
-13923,
-7844,
-5669,
-3266,
-10615,
-8781,
-11105,
-5989,
-5524,
-9102,
-7833,
-3862,
-8281,
-8287,
-7346,
-5562,
-12088,
-9606,
-4052,
-5081,
-5347,
-7607,
-4997,
-4398,
-6922,
-7268,
-9766,
-9361,
-4454,
-9853,
-6677,
-3672,
-11426,
1998,
178,
-2824,
1367,
-741,
1653,
776,
1773,
476,
1922,
2407,
-6290,
-239,
2490,
752,
-14295,
1041,
-163,
-7130,
-7217,
-3634,
-458,
-4822,
-1487,
-1038,
605,
-2501,
-11787,
-4910,
-992,
2278,
-11198,
81,
-741,
-680,
-4944,
-3014,
-3884,
-4823,
-16,
-230,
-8127,
-2734,
-1680,
-4076,
-4434,
-784,
-15543,
-1439,
-1917,
-952,
-2469,
75,
-1523,
-2155,
-1564,
-3588,
-3571,
-1208,
-5670,
-3444,
-5957,
178,
-11559,
2319,
-2443,
-1504,
-267,
-1774,
-1757,
-5000,
-2632,
-1435,
-1084,
-1044,
-3386,
-3509,
1712,
-1215,
-9165,
-4210,
-2865,
-796,
-6611,
-5049,
-1349,
-2865,
-1182,
-89,
-5241,
-4825,
-691,
-2418,
-1812,
-259,
-10056,
-3617,
-6222,
-4469,
-1398,
-3846,
-1979,
-582,
-1511,
-1694,
-2268,
-1208,
-3453,
-2924,
-3939,
-3561,
-10284,
-2118,
-1235,
-7,
635,
-956,
-563,
-6847,
691,
1543,
-402,
2427,
433,
-699,
1193,
-574,
-13670,
-1762,
860,
-5329,
-3235,
15,
-188,
-4459,
-5134,
-810,
-2697,
415,
-3065,
-2619,
-4858,
-2835,
-16439,
1551,
-1198,
-622,
-249,
-4735,
-860,
-2497,
-4312,
-400,
-2792,
-2988,
3188,
-4552,
-464,
-1518,
-8016,
-2188,
-5675,
1777,
-1403,
-132,
3410,
-3938,
-200,
-3868,
-1936,
-1076,
-2935,
-3773,
-3415,
-5954,
-9001,
-2739,
-633,
338,
2267,
-353,
-2343,
-2856,
-2213,
166,
-7493,
514,
-3902,
-4026,
-5483,
3,
-14957,
-1727,
-526,
-3004,
-763,
-5248,
-4822,
-1737,
181,
-2297,
-1571,
1490,
3551,
-2724,
-5984,
2292,
-19324,
-5112,
-2003,
-1803,
-6683,
-4651,
-130,
3240,
-2243,
-3326,
-1914,
961,
-1205,
-1253,
-2210,
-2829,
-8491,
-5714,
-1437,
1755,
-3472,
-1673,
-4383,
-171,
-3126,
-3935,
-1490,
-1110,
-1117,
-2955,
-3232,
-571,
-10111,
-3741,
-583,
-959,
-581,
-2405,
-1254,
-2725,
-2911,
-1109,
-3577,
-4754,
-96,
-1371,
-1416,
-1148,
-7199,
1275,
-101,
-3846,
198,
-1787,
1150,
-979,
-202,
1137,
-326,
1857,
-2257,
-2574,
790,
-1850,
-11615,
-1578,
-382,
-4390,
-4815,
-1320,
1008,
-5802,
-3375,
-213,
-1461,
463,
-6895,
-703,
-1663,
2169,
-10441,
-1041,
-1129,
-935,
-5734,
-2569,
-1468,
-562,
-2963,
2168,
-6672,
-2964,
-2214,
-1724,
-1042,
-446,
-12848,
-2302,
-1660,
-4630,
-3674,
-115,
-2996,
-851,
-2910,
-513,
-5119,
-1929,
-2948,
-2195,
-5387,
717,
-12671,
929,
-2052,
-1879,
258,
786,
-2843,
-2218,
-2862,
-1917,
1168,
663,
-1067,
-4586,
-126,
-2612,
-3406,
-1212,
-2039,
-1939,
-5370,
-3803,
-1069,
-1753,
-238,
-2229,
-1172,
-4362,
-2110,
-1248,
-126,
-327,
-6185,
-431,
-6711,
-3697,
-2493,
-3339,
-1502,
138,
-2809,
-1587,
-185,
-2043,
-2112,
-3227,
-3366,
-3177,
-5998,
-3016,
-1413,
856,
-925,
-360,
-149,
-8368,
336,
411,
-1747,
351,
1392,
-3836,
483,
-393,
-10086,
-3832,
1403,
-3930,
-3911,
297,
-2441,
-2171,
-3739,
-1241,
-1453,
-918,
-3815,
-1811,
-3558,
-1077,
-15780,
-259,
-760,
-988,
-1798,
-3343,
-1116,
-33,
-3823,
-1319,
-3667,
-4782,
1113,
-416,
-218,
513,
-5939,
-1135,
-4644,
-1574,
-2480,
-3362,
424,
-1595,
-993,
-6991,
607,
7,
-1287,
-3351,
-3163,
-4491,
-7084,
-2786,
-1014,
-2023,
120,
-1620,
1193,
-3264,
-1106,
-1800,
-8604,
-3179,
-3366,
-3829,
-48,
-2374,
-12734,
-2652,
-824,
-5933,
2078,
-3587,
-5477,
-549,
2840,
-1269,
-2864,
-1015,
-1804,
24,
-6973,
3532,
-14516,
-4080,
-71,
-3096,
-1714,
-4198,
-2660,
1948,
776,
240,
-2034,
-148,
-1536,
-2317,
-3916,
-4116,
-7074,
-2395,
-1149,
-49,
-351,
-1923,
-5900,
787,
-544,
-4093,
-3423,
-247,
-1965,
-3283,
-1592,
-946,
-8165,
-3875,
137,
-3442,
85,
-2735,
-1156,
-1016,
-2669,
-1332,
-1682,
-5014,
2543,
-1449,
-4315,
-220,
-1540,
-11815,
-9188,
-3672,
-8989,
-8027,
-18650,
-10985,
-6713,
-7174,
-12115,
-13643,
-12596,
-4510,
-10948,
-6742,
1544,
-5785,
-5978,
-1573,
-9891,
-8080,
-7243,
656,
3209,
-1857,
-6771,
-3301,
-66,
-5064,
-7756,
-8266,
6519,
-1941,
-2730,
-3993,
-4365,
-2541,
-618,
-9427,
-3718,
-6333,
673,
-2290,
-2487,
-4523,
-2616,
-3479,
560,
-3342,
-1275,
973,
-1283,
-3406,
-3916,
-4125,
-8019,
-797,
-6186,
-7318,
2263,
-3326,
-2513,
-3843,
4763,
-6272,
-7170,
-8361,
-923,
-1585,
47,
-448,
-559,
-2256,
-6152,
-9230,
-5384,
-5907,
-8774,
-6593,
-21,
-4346,
-1627,
-8341,
-7707,
1904,
-346,
-3787,
-7944,
-5631,
-3475,
-1838,
-4879,
-3621,
-4110,
-4916,
1261,
-3571,
1434,
2269,
-958,
-2544,
-8952,
-3619,
-3957,
56,
-2018,
-2524,
306,
-1084,
-6857,
1452,
518,
-1672,
-4148,
-5571,
-4547,
-6252,
-8864,
-1098,
-8588,
-5798,
-605,
-3536,
-6520,
-1602,
-4964,
-2079,
5938,
-2247,
-6933,
-1752,
435,
-4647,
-2760,
-846,
-2329,
-3056,
-2858,
-5037,
-1993,
-5953,
-4784,
-3318,
4449,
-4674,
-452,
-5595,
-3356,
-1837,
-1372,
-4713,
-9865,
-9688,
-945,
-1615,
-8002,
-1414,
-3259,
-3126,
1727,
-2966,
1764,
-2328,
2145,
-6439,
-6670,
-299,
-8659,
786,
-10145,
-4536,
-6148,
-7228,
-187,
-50,
-3582,
-2755,
-4383,
-4954,
-3932,
-5438,
-3104,
-2285,
-4721,
-6914,
-4488,
-9253,
-38,
1051,
-2406,
-10750,
4569,
-3429,
-4422,
1927,
-5962,
-2126,
1951,
2439,
-7381,
-2364,
-10984,
-9241,
-3380,
-1572,
725,
-13864,
9321,
-1700,
-6514,
-1298,
1313,
-5371,
-2394,
-6936,
-2831,
-3069,
-6742,
-4174,
-1721,
-797,
-4676,
-8293,
3753,
-3893,
-1493,
-3495,
-2776,
-10943,
-3710,
-5546,
658,
-5055,
-5550,
-5315,
-5171,
-542,
-2139,
-8108,
3049,
1098,
-69,
1225,
-4003,
-255,
-1668,
1584,
187,
-2945,
-6387,
-376,
-8761,
-4855,
-3928,
-2085,
12392,
6841,
6269,
10403,
5990,
9333,
11385,
8313,
4436,
3295,
7415,
3718,
15308,
3897,
5665,
4089,
16744,
5959,
2326,
8048,
13665,
8969,
5091,
8602,
5644,
2392,
4629,
3687,
12254,
9356,
9918,
2698,
12602,
5093,
4070,
6209,
8611,
8718,
4176,
8582,
5232,
4665,
10360,
6343,
2732,
7566,
4840,
1672,
17200,
4110,
2790,
4747,
5233,
2170,
4008,
7430,
8148,
4993,
7728,
5217,
5236,
5667,
7925,
1841,
16126,
4339,
7032,
7435,
2532,
3202,
4224,
6995,
4343,
3055,
4695,
8597,
5003,
7491,
4081,
5583,
9503,
9123,
3462,
6681,
4304,
2742,
1539,
4137,
6970,
3785,
7329,
9281,
5311,
5895,
5515,
2183,
8782,
5532,
6181,
6544,
6423,
6108,
6133,
3010,
5878,
4433,
4323,
1995,
5830,
5099,
7248,
3433,
11452,
3802,
3124,
3815,
5252,
4881,
4472,
10727,
6402,
3737,
4069,
1199,
3254,
2842,
5469,
1778,
17858,
5967,
6438,
7850,
4055,
3230,
5418,
4481,
6938,
3607,
6179,
3521,
6357,
6946,
4560,
6065,
17398,
2631,
1730,
4253,
3155,
8933,
4489,
3964,
12910,
6128,
5432,
5294,
4178,
4959,
2843,
4391,
7541,
5840,
4602,
2075,
4793,
8057,
3765,
5402,
4900,
3436,
7460,
5186,
6449,
8891,
2548,
7179,
10778,
6427,
5232,
4639,
3541,
5098,
5617,
5558,
7224,
3802,
8906,
10199,
3842,
4366,
8215,
6676,
13757,
6997,
4940,
6956,
5400,
7747,
6425,
705,
6736,
3817,
9602,
4531,
5028,
1716,
9621,
9017,
15147,
5494,
5992,
3595,
6390,
5430,
4140,
-80,
5648,
6565,
7486,
4085,
3331,
6049,
7821,
8951,
11703,
9008,
2354,
1627,
2546,
6934,
8076,
6475,
3326,
5404,
4030,
4038,
5098,
5299,
6300,
6437,
9962,
8125,
1657,
3566,
3536,
3074,
1251,
1496,
3447,
4797,
9313,
5505,
6445,
4853,
4291,
1758,
6056,
-3706,
-3831,
366,
-1517,
-766,
-2859,
-3134,
-1269,
-604,
-1446,
-2,
1380,
2777,
-985,
1388,
14404,
875,
131,
5029,
4241,
398,
1232,
2682,
5183,
-695,
1027,
384,
5171,
-852,
-957,
-2065,
10883,
-659,
-1298,
356,
4324,
968,
-1052,
5047,
2500,
-1975,
199,
227,
762,
1624,
4226,
-1004,
11681,
-908,
-416,
996,
-482,
-207,
1582,
1543,
189,
-453,
2772,
1088,
1568,
-2484,
2465,
1437,
12752,
373,
4088,
2527,
1675,
-3381,
3015,
389,
-1097,
1027,
-1900,
-2090,
452,
2397,
-317,
376,
6607,
-3900,
-1550,
496,
3887,
-700,
-707,
2673,
713,
-522,
2415,
1825,
2067,
2155,
-743,
3841,
6604,
41,
2719,
1039,
2050,
4025,
-119,
384,
2516,
342,
1439,
435,
-336,
1369,
1773,
-477,
6621,
585,
-933,
1498,
1049,
-878,
1838,
5254,
-2263,
-2889,
671,
21,
149,
220,
-788,
-543,
11570,
981,
1435,
-557,
1024,
-1540,
-196,
1059,
1930,
-1312,
815,
-827,
1158,
1569,
3682,
716,
15179,
-1561,
3414,
-719,
999,
1185,
88,
997,
-1641,
-635,
-166,
-897,
-640,
1291,
-2034,
1241,
7583,
1642,
743,
820,
-185,
1935,
984,
-1015,
86,
1708,
-925,
336,
1604,
2648,
3272,
642,
6113,
140,
-747,
3267,
280,
1681,
1116,
1205,
2754,
950,
-12,
4279,
-1045,
1658,
-36,
1817,
12666,
-750,
-742,
4404,
-3509,
198,
-1029,
1052,
-1403,
1973,
2298,
436,
796,
1479,
68,
1507,
12942,
1447,
80,
663,
97,
3020,
3533,
1133,
-1161,
-1932,
-1627,
-1055,
330,
3493,
2516,
50,
10565,
3750,
-17,
-1461,
2632,
2465,
2149,
-2916,
-1127,
-526,
-107,
325,
-493,
630,
-204,
1535,
4920,
3283,
3203,
3040,
534,
848,
231,
1941,
1455,
1491,
1401,
2346,
-1651,
-1491,
-621,
2441,
-11346,
-5307,
-4355,
-6802,
-3426,
-5989,
-7588,
-6091,
-2301,
-2516,
-5787,
-4395,
-9592,
-4875,
-1795,
-4077,
-13899,
-1370,
-2463,
-6587,
-10113,
-6425,
-677,
-6146,
-4257,
-350,
-4159,
-2160,
-11872,
-7291,
-11037,
-2646,
-13749,
-2946,
-1774,
-3304,
-10441,
-5731,
-2803,
-1101,
-3236,
-2363,
-7125,
-3968,
-4030,
-8046,
-3523,
-1863,
-12453,
-3974,
-3726,
-3065,
-1698,
-1928,
-4210,
-5465,
-6545,
-4336,
-7309,
-2341,
-5473,
-3992,
-5863,
-1386,
-17153,
-3703,
-8067,
-4226,
-5573,
-1123,
-3122,
-3185,
-1945,
-4629,
-2953,
-3170,
-3372,
-4292,
-271,
-3397,
-9479,
-8001,
-326,
-2366,
-1932,
-2688,
-1483,
-6498,
-3147,
-2091,
-5015,
-7286,
-1812,
-5418,
-4542,
-928,
-9573,
-3345,
-9394,
-4721,
-4122,
-5821,
-3218,
-2457,
-3116,
-1818,
-291,
-1089,
-5734,
-2152,
-3401,
-2737,
-8865,
-3541,
-1547,
-3295,
-4454,
-5821,
-3340,
-10694,
-6488,
-1779,
-3097,
48,
-1282,
-1480,
891,
-1923,
-10885,
-3654,
-2400,
-6123,
-3440,
-1309,
-2876,
-5886,
-2292,
-3187,
-5796,
-2250,
-3289,
-3323,
-3486,
-3989,
-15076,
-754,
-2833,
-565,
-3363,
-4720,
-4601,
-638,
-8560,
-855,
-4328,
-3226,
-4704,
-6048,
-1819,
-1885,
-7297,
-6197,
-6381,
-880,
-2607,
-2740,
-1886,
-3811,
-369,
-4621,
-1387,
-3246,
-3000,
-6002,
-7723,
-6263,
-7531,
-5218,
-3005,
-5768,
-1679,
-5395,
-7508,
-7432,
-7938,
-2449,
-4561,
-5798,
-2330,
-5720,
-4902,
-3906,
-10306,
-5179,
-4311,
-5640,
-903,
-5278,
-3144,
-2427,
-1225,
-3421,
-4101,
-2338,
-3107,
-3207,
-5546,
-423,
-10758,
-7175,
-2831,
-4260,
-4134,
-9209,
-5133,
957,
-5274,
-5446,
-4474,
-1583,
-3566,
-3621,
-6463,
-5786,
-11451,
-7431,
-130,
357,
-6584,
-3449,
-7564,
-2559,
-1808,
-3328,
-4409,
-1919,
-2042,
-5385,
-4263,
-4621,
-8883,
-6720,
-3932,
-4459,
-103,
-5362,
-251,
-2694,
-5538,
-4932,
-6359,
-1672,
-3880,
-1126,
-1504,
-3421,
-9453,
184,
-609,
-5788,
-1621,
321,
5079,
905,
280,
114,
837,
1276,
-3309,
-3582,
3228,
-3645,
-13829,
-449,
-845,
-4502,
500,
-1394,
-2,
-10970,
-5631,
-1302,
-2562,
-3618,
-10802,
-4326,
-5153,
1348,
-15055,
-4244,
-1214,
-4331,
-7938,
-8493,
-5366,
1046,
-3123,
-1759,
-5548,
-4643,
-3767,
-7654,
-2385,
-1302,
-11076,
-4312,
-3852,
-4002,
-2535,
-2436,
-2894,
-4785,
-5279,
-4798,
-3666,
-734,
-6675,
-4427,
-6601,
-1338,
-17883,
-2402,
-3880,
-1064,
-4804,
-2541,
-1317,
-4189,
-5314,
-3779,
-2542,
542,
-3727,
-1587,
2883,
-343,
-10195,
-5915,
-2227,
-1116,
-4529,
-5577,
-2245,
-5093,
-583,
-594,
-5860,
-8737,
-1042,
-3758,
-2905,
576,
-11907,
-5401,
-10163,
-6841,
-4109,
-4369,
-3676,
-2098,
-3627,
-3617,
-877,
-2069,
-5354,
-2627,
-4843,
-4630,
-9417,
-4364,
-1669,
-2944,
-4069,
-1849,
-2077,
-12363,
-3008,
1494,
-4467,
1237,
-415,
-2016,
-1595,
-2107,
-16456,
-5595,
-1169,
-6513,
-3322,
-2095,
-2552,
-5875,
-6756,
-4132,
-4315,
298,
-4531,
1434,
-2251,
-2877,
-16889,
-164,
-2224,
-795,
-2606,
-3282,
-4896,
-3762,
-2191,
1123,
-5414,
-4636,
-2023,
-3063,
-734,
-3122,
-10055,
-4640,
-9370,
-604,
-5358,
-1112,
-1269,
-5082,
1558,
-6123,
-124,
-221,
-3184,
-3599,
-6095,
-8243,
-6496,
-5548,
-1995,
-3735,
-1565,
-4383,
-8074,
-7125,
-5206,
2081,
-3228,
2112,
-3613,
-6828,
-4333,
-513,
-20800,
-6014,
-3609,
-8798,
-1446,
-6746,
-7198,
-4124,
-473,
-641,
541,
891,
-3217,
-3680,
-9422,
4148,
-15561,
-8510,
-3126,
-4360,
-6833,
-6964,
-4343,
3335,
-3286,
-7160,
-2924,
-2376,
-2756,
-3113,
-4356,
-1819,
-9552,
-2301,
-1482,
999,
-5907,
-365,
-5731,
-2474,
-5054,
-3169,
-3204,
-351,
-1443,
-6974,
-6283,
-1928,
-9456,
-8925,
-3517,
-4852,
-169,
-5388,
-2533,
-5345,
-5680,
-6299,
-3013,
-5501,
-2679,
-2257,
-473,
-2097,
16663,
10160,
9868,
17181,
9841,
15984,
14381,
9224,
9552,
5480,
9794,
6144,
19583,
4031,
9807,
5960,
15118,
6352,
7377,
8124,
5344,
11706,
4494,
2117,
8779,
6620,
3527,
2527,
10931,
10834,
9717,
980,
12426,
9505,
1750,
5616,
3762,
5953,
8366,
5259,
3578,
11814,
7653,
9573,
-368,
8982,
3152,
4096,
14215,
553,
4330,
5883,
7667,
-2753,
-1207,
4867,
1656,
4598,
8646,
1196,
4277,
8711,
1065,
-5382,
12829,
7152,
247,
-5777,
-1840,
11465,
-1651,
9510,
5380,
-52,
10082,
7543,
12266,
8,
-846,
4385,
9621,
11455,
8444,
1924,
13817,
1528,
1530,
2498,
14398,
3714,
6381,
-1451,
5610,
4185,
6628,
-6029,
14773,
10951,
-1384,
1449,
9464,
5709,
6837,
-162,
5645,
5624,
182,
-6578,
4027,
10556,
7294,
295,
13572,
2445,
8115,
1542,
-5549,
5398,
3661,
-1480,
5421,
6512,
7577,
2214,
2639,
2763,
3387,
1267,
13888,
-1244,
5921,
6827,
6141,
6101,
-1998,
6087,
1563,
1524,
4648,
3805,
4647,
3715,
8080,
6385,
17195,
4903,
1364,
8802,
-4450,
8816,
4084,
6682,
13437,
7503,
2146,
1334,
6403,
5222,
3326,
1647,
8586,
3274,
3187,
-1302,
2158,
12680,
5172,
2877,
5084,
-4130,
15463,
6326,
-1864,
5386,
1837,
8210,
17397,
3779,
1358,
1698,
5185,
1788,
6540,
982,
2038,
5415,
9456,
3575,
4980,
-3293,
17680,
-2330,
12833,
3061,
8071,
-894,
13207,
6905,
5308,
2869,
3281,
-609,
2564,
4500,
3758,
2561,
3965,
4135,
19688,
-1297,
11380,
1151,
10426,
7082,
-2915,
-2149,
4625,
7809,
3673,
2137,
-4518,
6737,
5754,
5618,
7627,
8528,
7692,
4707,
9015,
3172,
-1482,
7885,
2986,
7686,
2466,
1906,
7582,
2847,
4453,
3720,
9896,
5107,
-1375,
-3673,
1603,
1459,
4915,
4690,
-2477,
743,
6948,
6008,
5461,
6798,
-1209,
-3268,
-11796,
-380,
-4568,
-8584,
-2336,
-2883,
737,
-2502,
-955,
-272,
1455,
282,
-8789,
599,
792,
-1289,
-9710,
3762,
1321,
-1201,
-89,
-1855,
1644,
-9080,
-2795,
318,
65,
-497,
-7059,
-9866,
-7245,
-4830,
-12104,
-1924,
-201,
-1804,
-4490,
-5972,
-1094,
-1101,
-1086,
-845,
-11618,
-857,
-3744,
-3569,
1939,
251,
-6110,
-1206,
-5848,
-1981,
929,
-2523,
-2138,
-1857,
302,
-4715,
171,
4728,
-4375,
-2693,
-1682,
-4603,
-14888,
1072,
-2119,
-4680,
-1390,
-4083,
-5196,
-4742,
-1422,
-3704,
-3105,
-4008,
-258,
-3832,
-564,
1517,
-2220,
-8743,
-2106,
424,
2980,
-3528,
-244,
-1955,
-933,
2290,
736,
-5232,
-1672,
-1791,
-4484,
-1799,
-9922,
-3132,
-9333,
-6615,
-2767,
-5664,
-748,
-1258,
1962,
-2465,
1723,
-3756,
-4568,
-1843,
3453,
-2673,
-4163,
-2929,
-801,
589,
-1709,
-4744,
-1713,
-12993,
-1750,
-2141,
-2948,
2621,
-790,
-6059,
2959,
-140,
-7679,
-1911,
1574,
-4094,
-1682,
-163,
-5750,
-7907,
-7714,
-2502,
-4672,
-3932,
-2398,
-647,
2849,
-1579,
-10878,
775,
487,
1755,
-1960,
-5316,
-2530,
1506,
-501,
3118,
-3206,
-1987,
-257,
-3684,
-4943,
-1902,
-6801,
-3730,
-7599,
-2751,
-2297,
566,
2069,
-4117,
4138,
-9171,
-2989,
-2633,
-468,
-1353,
-5933,
-5133,
1584,
-2288,
1669,
1197,
-540,
453,
-2821,
-4438,
-6817,
3019,
2285,
3475,
-1227,
-7078,
-6666,
3215,
-12945,
-3880,
-1520,
-5582,
-2444,
-2233,
-3687,
-1400,
-2675,
-4878,
4109,
3966,
762,
-3479,
-6977,
-2124,
-12612,
-3673,
2250,
-4465,
-5085,
-4404,
-6121,
937,
-4591,
-5307,
-5598,
-2434,
-4606,
-3066,
-1655,
1683,
-10348,
-7849,
423,
2400,
-2047,
4554,
-3089,
-3284,
-1558,
578,
-1404,
1817,
416,
-6848,
-3443,
-1792,
-11373,
-5483,
-993,
-1420,
3335,
-5002,
-792,
-1536,
-3573,
-5767,
-3719,
-3985,
-1142,
2085,
-1029,
-1248,
-11745,
-4620,
-3142,
-5658,
-1623,
-3502,
-7872,
-4917,
-1318,
-1091,
-4035,
-4547,
-12768,
-2972,
-4773,
-2387,
-14618,
-1912,
461,
-1934,
-8050,
-3813,
-3101,
-7325,
-4295,
922,
-4565,
-84,
-8525,
-8151,
-11099,
-4822,
-11346,
-4155,
-2069,
-4004,
-7672,
-8385,
97,
-5865,
-2505,
-724,
-10228,
-3338,
-3662,
-5779,
1048,
579,
-10963,
-3866,
-3948,
-3565,
181,
-3998,
-3848,
-8952,
-7609,
-2975,
-2354,
-954,
-4610,
-1804,
-2641,
-6139,
-15787,
-5721,
-9463,
-10615,
-4045,
668,
-6625,
-4725,
-1696,
-5138,
-2314,
-7748,
-850,
-7735,
-4869,
-1393,
-6635,
-4350,
-507,
-6855,
-579,
337,
-142,
-4918,
-5258,
-1352,
-1299,
-10418,
-3924,
-7749,
-4566,
-2426,
-8122,
-2192,
-7595,
-6147,
-7397,
-7714,
-4466,
-3807,
-1282,
-4335,
826,
-2943,
-2754,
-2812,
-429,
-1952,
-6612,
-2478,
-1460,
-3455,
-7075,
-5776,
-5074,
-12726,
-6468,
-3681,
-1367,
-1438,
-3474,
-3682,
-1069,
-1318,
-6890,
-4543,
-7062,
-3336,
-2813,
-1801,
-6267,
-4704,
-5207,
-4818,
-4762,
-4355,
-3737,
-4710,
-2184,
-3789,
-12339,
-3113,
1358,
813,
-4928,
-7195,
-4933,
1887,
-3592,
-1619,
-4496,
-3044,
-5652,
-2602,
-3233,
-1947,
-4773,
-8343,
-2739,
-5945,
-3854,
-6056,
-2431,
-3943,
-822,
-5235,
-2403,
-4353,
-4138,
-8542,
-4494,
-4789,
-3715,
-5338,
-80,
-3718,
-4023,
-4995,
-3243,
-5924,
-9083,
-740,
1709,
-11367,
151,
-6250,
-4411,
-5126,
-5545,
-8292,
-4163,
-5167,
-1367,
-3808,
-2545,
1420,
-4874,
-6449,
-7230,
-2544,
-5811,
-753,
-5959,
-10249,
-11491,
-2272,
178,
-4626,
-2470,
-2963,
-8702,
-1543,
-2418,
-4232,
-4544,
-5675,
-5140,
-6856,
-6842,
-5270,
-14182,
-9760,
1347,
-800,
1157,
-2367,
-8209,
-6092,
421,
-389,
-3327,
-1819,
-2565,
-5278,
-5373,
-9211,
-9433,
-7446,
-1474,
-3630,
2818,
-4254,
698,
-74,
-3805,
-8389,
-6939,
-3343,
-5093,
1957,
-2630,
-2244,
-11192,
-4174,
-4458,
-6707,
-3098,
-6769,
-9286,
-5922,
-2878,
-2329,
-5597,
-5349,
-11271,
-6050,
-3889,
-5331,
-17180,
-6140,
-2899,
-7387,
-9254,
-6592,
-3121,
-6981,
-9233,
-1767,
-5634,
-2198,
-11655,
-6164,
-6283,
-3470,
-12697,
-4047,
-1526,
-3054,
-9814,
-3159,
-2429,
-7910,
-5358,
-149,
-8717,
-5109,
-4963,
-5663,
-4156,
-1712,
-15636,
-4745,
-3259,
-6477,
-3339,
-3346,
-5803,
-3465,
-7074,
-2961,
-9711,
-5624,
-3884,
-4512,
-7901,
-2981,
-16774,
-2922,
-8023,
-8516,
-4495,
242,
-4735,
-4267,
-3504,
-4139,
-2009,
-4552,
-4291,
-9772,
-4788,
-5419,
-7200,
-5213,
-2433,
-7385,
-8003,
-5120,
-1611,
-6031,
-2526,
-5211,
-4637,
-6880,
-4829,
-4586,
-2487,
-5145,
-7397,
-2745,
-8431,
-3071,
-4191,
-7365,
-4703,
-2874,
-6720,
-2919,
-1494,
-5773,
-4387,
-5872,
-6258,
-3143,
-8353,
-3972,
-2427,
-3045,
-4178,
-5164,
-5247,
-11253,
-4492,
-2275,
-2428,
-2029,
-2759,
-4336,
-934,
-1654,
-13450,
-6399,
-3193,
-6209,
-4640,
-1845,
-6903,
-4650,
-5492,
-3217,
-6121,
-3797,
-4460,
-6063,
-6501,
-3173,
-19495,
-1562,
-3161,
-1979,
-4802,
-4401,
-3383,
-2442,
-10075,
-4366,
-4253,
-5597,
-4173,
-4755,
-2542,
-1446,
-7778,
-4184,
-5753,
-4341,
-2854,
-6857,
-4761,
-1371,
-4635,
-7612,
-3902,
-3159,
-5443,
-7896,
-5888,
-5223,
-9640,
-4328,
-2962,
-6975,
-3676,
-5359,
-4710,
-5659,
-7392,
-4314,
-11089,
-9848,
-3762,
-5736,
-3336,
-8283,
-13621,
-3649,
-4097,
-8143,
-251,
-5919,
-5821,
-1903,
-1364,
-5224,
-7620,
-4169,
-6405,
-2726,
-6228,
-3482,
-13808,
-7737,
-2841,
-3772,
-2336,
-9413,
-7067,
-2313,
-2512,
-2347,
-5486,
-1717,
-4160,
-4481,
-7146,
-7280,
-10515,
-7652,
-450,
-2537,
-4407,
-8717,
-8866,
-817,
-768,
-6850,
-6752,
-4647,
-3470,
-4081,
-2867,
-5293,
-8501,
-4868,
-2565,
-6618,
-1214,
-3805,
-1945,
-2103,
-4388,
-3317,
-7525,
-4398,
-2792,
-3198,
-5576,
-3279,
-14264,
-6337,
-1325,
-5509,
-2055,
-6582,
-9524,
-3047,
-352,
-4107,
-4495,
-6261,
-10131,
-5824,
-5356,
-1315,
-22785,
-5559,
-5266,
-9708,
-9972,
-11077,
-9812,
-5952,
-7554,
-5373,
-7304,
-11997,
-18568,
-16283,
-14219,
-4655,
-17582,
-6726,
-2230,
-9230,
-12043,
-12848,
-9412,
-19795,
-1728,
-8467,
-10248,
-9473,
-6577,
-13338,
-12498,
-3814,
-23375,
-7539,
-5397,
-7005,
-7805,
-6569,
-6261,
-13508,
-12292,
-9765,
-11805,
-7588,
-9100,
-9299,
-12440,
-7905,
-20955,
-7344,
-11558,
-13144,
-7261,
-4201,
-8975,
-11027,
-6649,
-5779,
-9071,
-12030,
-8280,
-11987,
-5781,
-5230,
-19145,
-10726,
-6385,
-12752,
-6174,
-8261,
-3307,
-8863,
-10948,
-5150,
-14991,
-12857,
-8332,
-8626,
-7764,
-8203,
-15836,
-13380,
-8480,
-8567,
-13018,
-11260,
-10214,
-7091,
-6382,
-3199,
-7093,
-6947,
-8843,
-8456,
-10415,
-5763,
-19078,
-3437,
-3661,
-9827,
-7476,
-7013,
-11030,
-12401,
-7847,
-1620,
-2218,
-1283,
-8515,
-844,
-6182,
-4205,
-25860,
-5189,
-12627,
-11146,
-4846,
-6419,
-4789,
-9060,
-10579,
-6847,
-10931,
-5153,
-8002,
-8915,
-4891,
-8580,
-19885,
-2437,
-5564,
-4821,
-6229,
-15441,
-7703,
-10252,
-15035,
-9068,
-7287,
-6797,
-6231,
-8454,
-3839,
-9775,
-13266,
-9416,
-6023,
-4915,
-7709,
-14141,
-1214,
-7301,
-8077,
-1100,
-11433,
-7398,
-15069,
-13072,
-4560,
-14919,
-18494,
-9089,
-5421,
-7317,
-2342,
-8052,
-15896,
-9137,
-13138,
-1443,
-12196,
-10108,
-6025,
-9549,
-13752,
-11412,
-15902,
-8757,
-7283,
-4761,
-9098,
-13555,
-8450,
-4889,
-11036,
-5358,
-11406,
-4214,
-5772,
-9219,
-8853,
-17672,
-16989,
-12282,
-11306,
-3546,
-12738,
-13087,
-7118,
-2642,
-8970,
-13687,
-7974,
-5538,
-5376,
-10745,
-8975,
-8105,
-16566,
-11527,
-4123,
-2623,
-10506,
-16534,
-10314,
-7970,
-8255,
-10234,
-6905,
-8636,
-7353,
-4499,
-11459,
-10071,
-9608,
-12961,
-7431,
-5532,
-5332,
-5176,
-2476,
-6559,
-6747,
-9858,
-16292,
-6674,
-13037,
-6936,
-3980,
-6185,
-10525,
-3799,
-6759,
-14286,
-10163,
-8933,
-4389,
-7438,
-5062,
-3401,
-6001,
106,
-12552,
-2829,
-3480,
-4848,
-9032,
-7509,
-2925,
-1852,
-11758,
-6439,
1847,
-10023,
-11165,
-5361,
-2904,
-5969,
-6889,
-5468,
-7356,
-5721,
-11530,
-8755,
-5718,
-6097,
-2798,
-8465,
-3830,
-4217,
-5509,
-6419,
-14126,
-6609,
-3968,
-3472,
-3853,
-3918,
-10780,
-4990,
-3281,
-11484,
-7000,
-3515,
-4302,
-3731,
-4271,
-2221,
-4963,
-282,
-4685,
-6209,
-8478,
-3063,
-12016,
-4389,
-698,
-7223,
-331,
-5978,
-8119,
-12747,
-6462,
-746,
-5995,
-4182,
-4443,
-8101,
-5124,
-3802,
-2387,
-8767,
-8948,
-1290,
-3849,
-6187,
-2118,
514,
-7257,
-5127,
-3973,
-6169,
-5661,
-4182,
-6389,
-4849,
-9553,
-5233,
-6380,
-6832,
-5341,
-7283,
-8644,
-2023,
-3500,
-6441,
-1203,
-6151,
-6999,
-11196,
-1651,
-4435,
-3653,
-3987,
-4614,
-1909,
-2389,
-1411,
-6105,
-6241,
-2727,
-4274,
-6271,
-3067,
-1899,
-8790,
-6190,
-2061,
-16311,
-7328,
-1899,
-5815,
-6964,
-2953,
-10671,
-3846,
-10761,
-4427,
-3953,
-5771,
-7109,
-5664,
-3596,
-4614,
-13363,
-3827,
-2218,
-5393,
-4206,
-8957,
-2912,
-3294,
-11703,
-5732,
-6491,
-8682,
-4005,
-3567,
-5370,
-5661,
-6505,
-4753,
-5097,
-7919,
-7169,
-7970,
-7792,
-7080,
-1672,
-7947,
-8141,
-7855,
-5859,
-8933,
-1172,
-7993,
-4950,
-5769,
-3618,
-2031,
-5813,
-2018,
-2644,
-4198,
-92,
-3540,
-9122,
-9298,
-4633,
-4674,
-8812,
-3044,
-16013,
-5804,
-4169,
-9035,
-4238,
-3741,
-10470,
-2811,
-368,
-5139,
-6105,
-1849,
-10018,
-3804,
-11364,
-4960,
-14533,
-5029,
-3323,
-3873,
-8762,
-2950,
-7903,
-3042,
-4865,
-7692,
-11097,
-5447,
-4016,
-4399,
-6734,
-8302,
-6839,
-3872,
-3549,
-4999,
83,
-2968,
-8018,
-3756,
-4366,
-5051,
-4338,
549,
-4062,
-4957,
-5255,
-980,
-10539,
-6676,
-1340,
-5913,
-2164,
-2892,
-4318,
-1380,
-2236,
-954,
-6182,
-8012,
-1783,
-3928,
-8296,
1222,
-13151,
-3323,
-5041,
-8847,
-8934,
-6419,
-6772,
-5563,
-2554,
-4307,
-5267,
-6298,
-13457,
-3523,
-3653,
-4859,
-14150,
-3148,
-800,
-877,
-7166,
-4308,
-1524,
-5916,
-6370,
-65,
-1987,
-1953,
-4842,
-6012,
-8347,
-3840,
-12182,
-3374,
-100,
-2470,
-4620,
-6466,
950,
-5633,
-4370,
-3447,
-5363,
-1406,
-1436,
-4423,
-3101,
-52,
-10015,
-217,
-1718,
-3195,
1072,
-626,
-2069,
-4712,
-2524,
-1924,
-462,
604,
-2314,
167,
-2586,
-4150,
-14711,
-4052,
-5152,
-5651,
-3016,
-875,
-3243,
-5638,
-105,
-2433,
-3630,
-4686,
-2347,
-3691,
-2603,
-1707,
-5512,
-4002,
713,
-1167,
-4803,
2439,
869,
-3014,
-6396,
-17,
-2019,
-5039,
-3655,
-3807,
-4911,
-3764,
-11214,
-2270,
-4531,
-4426,
-4972,
-5981,
-5430,
-1728,
-2106,
-2926,
162,
620,
-1729,
-2689,
-549,
273,
-4608,
-1630,
-1721,
-3717,
-2793,
-3385,
-4622,
-8917,
-2960,
-2488,
-3026,
-1284,
-1989,
-1705,
-1949,
-373,
-11162,
-2993,
-4146,
-1175,
-1185,
735,
-4911,
-4087,
-5788,
-682,
-3944,
-2530,
-2479,
-4524,
-3212,
-2933,
-14503,
-904,
-2662,
-152,
-1960,
-5677,
-1203,
-431,
-3764,
-1434,
-1571,
-84,
-3727,
-3160,
-1872,
-3160,
-8124,
-4415,
-2664,
-3362,
-1552,
-4110,
-7531,
-2128,
562,
-3579,
-6835,
-2950,
-3660,
-4601,
-3655,
-2807,
-4701,
-1899,
-808,
-3427,
-4221,
-3241,
-3978,
-2955,
-5794,
-1349,
3013,
-8962,
1495,
-2702,
-5399,
-1676,
-15931,
-3174,
-2272,
-6435,
-745,
-300,
94,
-428,
-2404,
-3486,
-3365,
-1172,
-4340,
-2662,
-3629,
-9076,
-12452,
-980,
-565,
-2724,
-2736,
-2861,
-5703,
-2121,
-4412,
-3572,
-4941,
-2227,
-2538,
-5370,
-4564,
-2396,
-10593,
-8313,
-283,
220,
-1889,
-1073,
-3366,
-2166,
576,
1335,
-105,
-182,
-362,
-3790,
-2944,
-4468,
-9609,
-5905,
-3331,
-3704,
957,
-2355,
-1173,
-2208,
-1958,
-4595,
-5851,
-4172,
-3198,
3518,
-641,
-2354,
17220,
6497,
4397,
10821,
7605,
7154,
8171,
6334,
3345,
4927,
5599,
5432,
12490,
1992,
3276,
4278,
16969,
7075,
6975,
11495,
12268,
7914,
3436,
10442,
8457,
7678,
6693,
8409,
14880,
11180,
10090,
7762,
14034,
8285,
5747,
7802,
11063,
11448,
8962,
12734,
1855,
10333,
13494,
8511,
7749,
13457,
5900,
6358,
17443,
6282,
8013,
5551,
7270,
7082,
5574,
8122,
7180,
5666,
8774,
3156,
6795,
9778,
8383,
7850,
16539,
5988,
7491,
8223,
3102,
8158,
7171,
12029,
8847,
4739,
9816,
6639,
9980,
13254,
6999,
3332,
13513,
9502,
11158,
4695,
8959,
9453,
2591,
7001,
9710,
5679,
9892,
7320,
4938,
6935,
8149,
6374,
18620,
13567,
10024,
6222,
10033,
10068,
9665,
5035,
5511,
7586,
3478,
10162,
8928,
9980,
7260,
4193,
15105,
5691,
6766,
3825,
3827,
5849,
11567,
12679,
5016,
3090,
4621,
1618,
7128,
9824,
7839,
3528,
18107,
6011,
6766,
8625,
4816,
7892,
7897,
10599,
13710,
7309,
5093,
7864,
7988,
6569,
5716,
6837,
19512,
4229,
658,
6732,
4146,
9213,
4993,
10881,
13036,
7236,
5029,
6310,
5305,
6060,
7081,
8362,
12793,
8496,
9647,
7499,
6410,
8278,
7964,
8627,
3758,
9862,
10866,
8426,
8688,
11497,
7733,
13471,
12815,
5960,
4857,
1899,
6366,
3265,
7618,
6589,
5542,
4177,
9476,
5880,
5699,
7607,
12468,
6217,
21287,
6616,
7780,
4140,
10544,
8537,
11449,
2797,
6237,
6571,
6303,
2630,
6102,
9504,
10704,
9122,
22172,
11241,
9829,
5497,
12338,
13255,
6902,
5154,
5698,
11779,
8973,
7538,
3792,
3506,
6121,
8602,
12979,
9259,
5729,
4636,
11166,
9011,
6348,
7844,
7237,
9777,
9629,
2755,
5635,
7455,
8765,
6526,
12976,
7725,
1773,
477,
3559,
6020,
5200,
3643,
3618,
9585,
6976,
9345,
8725,
9194,
5676,
1530,
3998,
-3972,
-2090,
-2959,
-2957,
-4129,
-3057,
2129,
-6009,
-6875,
-4218,
-9542,
-2598,
-5344,
-10112,
-7199,
-1350,
-7951,
-10983,
-6896,
-5326,
-6841,
-12414,
-4266,
-4105,
-10056,
-6018,
-15421,
-6443,
-9493,
341,
-5048,
-1133,
-8947,
-8453,
-11611,
-2811,
-7139,
-8493,
-15322,
-3073,
-10709,
3389,
-8865,
-7969,
-10575,
-9539,
-8960,
-654,
-9151,
-6190,
-7805,
-10723,
-9753,
-7131,
-6140,
-6349,
-5772,
-12241,
-7400,
-4402,
-6697,
-10235,
-4968,
586,
-9121,
-7787,
-11919,
-3310,
-7085,
-6049,
-5975,
-9486,
-3269,
-9816,
-7525,
-11867,
-5330,
-11161,
-4279,
-7450,
-3761,
-12787,
-12726,
-9625,
-9924,
-5227,
-4258,
-9451,
-8599,
-11445,
-1470,
-10718,
-5701,
-4002,
-10006,
-4734,
-12837,
-1734,
881,
-5602,
-9407,
-12565,
-6203,
-3567,
-2703,
-8016,
-9980,
-6072,
-11654,
-10188,
-3542,
-8824,
-4579,
-9455,
-10277,
-4069,
-4086,
-17220,
-3121,
-4317,
-292,
-6490,
-5561,
-10115,
-5378,
-10597,
-4699,
-7576,
-5773,
-11709,
-4449,
-4640,
-12058,
-2516,
-6082,
-12192,
-7171,
-3471,
-3076,
-6371,
-6527,
-5343,
-4372,
4961,
-5384,
-5230,
-12339,
-6336,
-6787,
-4901,
-15542,
-10804,
-12953,
-6834,
-8876,
-8430,
-2631,
-1516,
-11236,
-7150,
-3555,
-3000,
-4639,
-5253,
-14948,
-8445,
-6786,
-14084,
2339,
-15135,
-8542,
-9625,
-10508,
-2385,
-7089,
-4645,
-10313,
-5750,
-4135,
-6271,
-4643,
-11716,
-8820,
-12980,
-5873,
-8881,
-1594,
-5069,
-5411,
-10116,
-9099,
-4727,
-5126,
-7021,
-597,
-11958,
-9062,
-8488,
-7226,
-11671,
-2571,
-10411,
-7538,
-9152,
-11768,
-3589,
-15639,
4713,
-9849,
-12884,
-1858,
-9037,
-15261,
-5972,
-8909,
-4389,
-10488,
-7154,
-7502,
-1614,
-8228,
-5073,
-7176,
-1319,
1652,
-8157,
-8274,
-11456,
-15751,
-7847,
-7169,
-8964,
-11410,
-7256,
-7126,
-12003,
-2201,
-5474,
-7261,
6943,
-3786,
-5304,
-2452,
-11103,
-3509,
-8716,
-4654,
-3821,
-6026,
-8790,
-4998,
-8096,
-15613,
-5060,
-5496,
-12654,
-1332,
-970,
-3972,
-731,
-6659,
-5077,
-2342,
564,
-3713,
-3449,
-4720,
-4433,
-2602,
-2872,
-1620,
-18300,
-6323,
-3961,
-11509,
-6425,
-5445,
-4330,
-6226,
-5234,
-4341,
-1363,
-5754,
-16207,
-12244,
-7574,
866,
-17378,
-5935,
-4504,
-4292,
-11351,
-6912,
-4727,
-6680,
-430,
-2041,
-8905,
-7404,
-6899,
-11957,
-5498,
-3325,
-19356,
-6725,
-7020,
-8845,
-8552,
-3888,
-6527,
-6536,
-5151,
-6363,
-10717,
-3455,
-8827,
-4685,
-10238,
-1717,
-18473,
-2902,
-10622,
-8236,
-6150,
-1763,
-7261,
-7320,
-8476,
-6657,
-2960,
-6100,
-6143,
-8478,
-5603,
-4015,
-13224,
-6104,
-5575,
-7176,
-6726,
-8340,
-3589,
-6835,
-4765,
-5304,
-6407,
-7301,
-4324,
-5308,
-4229,
-2191,
-14981,
-5673,
-13165,
-6171,
-10758,
-9406,
-4905,
-2820,
-1725,
-4216,
-3801,
-4378,
-9438,
-7231,
-5439,
-5852,
-16891,
-5260,
-6522,
-3180,
-2830,
-6327,
-6719,
-16613,
-2678,
-593,
-2941,
-2252,
-1878,
-4358,
-4392,
-2478,
-14400,
-6978,
-6601,
-7451,
-5559,
-3403,
-5016,
-9860,
-8208,
-4189,
-4257,
-1567,
-5866,
-10175,
-4043,
-3913,
-17760,
-1625,
-1588,
-3004,
-4434,
-11099,
-3888,
-4087,
-14551,
-4483,
-7373,
-8028,
-1456,
-5490,
-421,
-3413,
-12555,
-5436,
-9319,
-3258,
-7703,
-9941,
-8450,
-5072,
-4965,
-7346,
-6083,
-4049,
-4561,
-7549,
-9594,
-10326,
-11327,
-8731,
-5389,
-1530,
-4714,
-2600,
-4971,
-10744,
-11181,
-4717,
-10106,
-10724,
-5362,
-10326,
-6427,
-4035,
-13813,
-5927,
-5687,
-5118,
-2408,
-8918,
-11445,
-3795,
-4475,
-4042,
-7136,
-1431,
-6649,
-7306,
-9923,
-5214,
-19198,
-10725,
-3078,
-5637,
-7331,
-15467,
-3427,
1148,
-5990,
-5641,
-4352,
-2833,
-3635,
-8542,
-5837,
-6985,
-16277,
-8976,
-3944,
-3500,
-7928,
-6619,
-12061,
-3245,
-4810,
-8102,
-6050,
-4339,
-6686,
-6139,
-4579,
-6473,
-11400,
-7215,
-3099,
-5677,
-2894,
-7607,
-2685,
-3270,
-7789,
-8714,
-8293,
-5867,
-1337,
-5661,
-5357,
-5769,
-9416,
6844,
64,
6176,
5776,
8342,
9661,
5263,
4293,
1562,
8816,
1674,
-325,
4947,
5239,
1979,
-6283,
3980,
2788,
-1549,
1123,
2555,
1845,
-467,
3802,
2672,
6522,
1262,
-782,
-5325,
-2204,
717,
-6464,
3502,
1101,
5389,
-775,
1121,
3777,
869,
2926,
6444,
-2775,
4123,
-762,
2161,
-84,
1348,
-5622,
1971,
-1489,
889,
156,
1053,
-59,
2106,
6416,
-1199,
2616,
3432,
-1142,
3505,
-651,
-751,
-5444,
6136,
-1225,
-899,
-1810,
1179,
-3313,
466,
332,
-1684,
2548,
1085,
3718,
2358,
3342,
3615,
-2191,
-434,
3087,
3148,
1873,
-734,
572,
-341,
1936,
3401,
3720,
1919,
3996,
3683,
1673,
-290,
-8190,
4240,
-5398,
-2432,
-2684,
498,
3768,
1548,
4252,
423,
-183,
-335,
2453,
3765,
4942,
-168,
-3917,
-506,
2406,
3067,
2761,
-1996,
2206,
-9772,
4195,
1146,
4136,
1652,
2898,
-1712,
2817,
1402,
-299,
-1266,
2046,
2482,
2540,
4426,
-1913,
-4181,
-3005,
3164,
1215,
398,
520,
466,
2957,
2379,
-6791,
4067,
1500,
4503,
641,
-4450,
3329,
2641,
7134,
6079,
1846,
1070,
6458,
-1928,
813,
2112,
-4982,
2808,
-4062,
345,
-662,
2547,
1722,
1313,
3429,
-6431,
3522,
1550,
2151,
5364,
-4744,
71,
-303,
2487,
4520,
5712,
-221,
5098,
4082,
-583,
-2545,
3528,
2972,
1891,
1390,
-3875,
2653,
4137,
-9539,
4275,
2916,
-743,
4095,
2912,
-1164,
523,
-372,
-1262,
4577,
5803,
4215,
-2604,
421,
-1525,
-10661,
-2178,
7216,
-909,
1876,
-2999,
3202,
1851,
-563,
3074,
-135,
3721,
-1382,
-276,
6534,
6922,
-6968,
-7063,
356,
2688,
-278,
3258,
-18,
3302,
1056,
2728,
2151,
637,
2923,
-1615,
3920,
2216,
-8717,
1427,
-704,
-407,
1608,
-1689,
1495,
376,
-2249,
-3715,
-380,
-1727,
4283,
4164,
2219,
-3403,
10536,
2671,
-2788,
3856,
684,
6713,
6172,
1897,
-2077,
1080,
2883,
3366,
636,
5313,
1754,
1336,
19258,
3631,
3071,
11766,
3665,
1582,
4430,
4982,
6013,
2836,
6119,
3099,
12449,
7263,
5737,
-2288,
14651,
3165,
2804,
5615,
12410,
5023,
6910,
7196,
1095,
699,
5872,
6310,
5543,
11373,
2933,
3209,
16695,
6007,
5170,
7321,
7573,
3577,
4293,
6084,
8049,
4555,
9738,
7432,
5068,
6955,
7786,
2767,
20822,
1785,
8345,
3602,
4118,
137,
2588,
2495,
7985,
6064,
1412,
5030,
4332,
11026,
4373,
3673,
12816,
2564,
3932,
11338,
6918,
8938,
2908,
7799,
1195,
5178,
6878,
8028,
4216,
2406,
1490,
504,
10075,
6541,
10355,
4202,
8884,
7859,
2517,
2838,
5792,
1809,
4467,
6124,
6923,
5565,
9365,
5460,
15718,
4052,
4122,
3238,
4932,
4757,
3030,
13717,
2543,
-905,
1989,
-280,
2503,
2823,
5127,
2793,
18261,
4524,
4817,
8063,
5200,
4051,
1879,
7243,
5342,
4779,
6641,
1728,
4859,
7077,
4880,
2764,
20874,
1141,
2015,
1659,
3319,
6847,
5467,
6418,
13008,
5251,
5085,
6734,
1795,
1647,
875,
1446,
12696,
3747,
8555,
3111,
7442,
10503,
1837,
3886,
5801,
8115,
3337,
-328,
6846,
4733,
6487,
11525,
14298,
4106,
6693,
5810,
-277,
5167,
7732,
6127,
12317,
3001,
14128,
4635,
6469,
7835,
3040,
7995,
14901,
4431,
4071,
5442,
3587,
10098,
10563,
3436,
4893,
136,
6485,
1513,
6906,
4543,
8769,
2549,
16530,
12409,
5130,
4157,
4383,
12901,
3361,
-2517,
2079,
3992,
649,
1896,
1964,
6305,
5797,
7260,
14602,
5592,
3271,
1623,
7368,
10447,
6933,
4172,
5425,
11252,
9233,
6128,
4568,
3932,
5584,
6097,
7602,
10017,
2345,
5203,
2849,
5283,
1862,
5122,
5244,
10101,
7595,
4730,
5203,
8033,
5239,
3449,
-8144,
-1166,
-2151,
-4853,
-3019,
-2936,
-1532,
-2226,
-2431,
53,
-2299,
1442,
-3829,
-1966,
1389,
-3097,
-11620,
-404,
291,
-1602,
-2443,
-1184,
1633,
-3929,
-4066,
420,
-404,
1558,
-3339,
655,
-5986,
1980,
-11812,
-575,
1000,
419,
-2141,
-2617,
-1002,
4778,
-3279,
186,
-2072,
-1149,
1038,
-1732,
-1434,
542,
-9768,
216,
1083,
-1497,
-2646,
1681,
774,
-1920,
-90,
-244,
-1355,
-45,
-2110,
-664,
-1368,
4040,
-13222,
-756,
873,
4473,
-1279,
-699,
202,
1516,
637,
873,
210,
3095,
-1718,
964,
3351,
-653,
-6419,
-2030,
1413,
2843,
-302,
-122,
-433,
-970,
-1938,
398,
-1050,
-495,
1829,
-834,
479,
3250,
-6941,
1139,
-827,
-2530,
-3495,
1204,
2060,
877,
-3125,
-886,
1086,
2714,
-2149,
375,
-900,
-146,
-6034,
-1049,
550,
581,
676,
505,
3065,
-2211,
-1163,
813,
-3365,
874,
2096,
429,
2142,
61,
-10468,
-1235,
445,
-1586,
-1781,
628,
920,
863,
2284,
581,
-1086,
-470,
-2863,
207,
-1825,
-781,
-15139,
979,
-1637,
144,
667,
-2927,
-1472,
-53,
-3425,
2327,
-13,
-159,
-880,
-2255,
1173,
1861,
-3938,
-202,
-2401,
925,
-1357,
-1837,
-921,
823,
1865,
438,
2712,
958,
3095,
735,
-1476,
-2129,
-9530,
-432,
-1220,
-2832,
25,
-1480,
-2602,
-339,
1467,
-547,
-2285,
-2119,
-683,
535,
-349,
938,
-12356,
600,
-279,
-4060,
1511,
-1036,
-422,
-1900,
3564,
769,
1047,
-57,
714,
1678,
-2801,
5070,
-13337,
-640,
-475,
150,
-252,
308,
254,
2843,
-1422,
224,
795,
2104,
932,
-2058,
-1540,
-701,
-7659,
-2482,
-1218,
1068,
-1648,
-337,
294,
1159,
130,
561,
709,
712,
199,
-1415,
641,
2339,
-6950,
-3995,
-2787,
-1606,
662,
21,
-366,
-2686,
-484,
-173,
-704,
-2757,
1264,
106,
1723,
763,
550,
-10243,
-5991,
-2858,
-7110,
-5163,
-12733,
-6821,
-3662,
-3287,
-8803,
-8211,
-8474,
-5117,
-5027,
-4553,
2269,
-6527,
-670,
2997,
1702,
-2686,
-4431,
853,
-5590,
-275,
-6021,
1564,
1510,
171,
-5482,
-2296,
5067,
-5542,
228,
-2971,
-1155,
-1812,
-2062,
1026,
-2857,
-4210,
5584,
-3125,
1993,
-4320,
2385,
685,
6564,
-1028,
1518,
685,
2792,
-325,
1844,
-4315,
-7014,
-1397,
-1158,
-4346,
1357,
-2388,
3924,
619,
3076,
-8279,
-1839,
2359,
-5614,
-723,
5316,
1377,
-1252,
-216,
-3849,
-4370,
-4659,
2039,
154,
-2205,
-3249,
-3295,
3766,
-4139,
-6108,
4656,
340,
-3465,
-2474,
-1742,
-2767,
-3010,
174,
-2979,
-1364,
3996,
3559,
-1967,
5164,
1966,
-2358,
2991,
-3642,
-2177,
-6587,
-2626,
1030,
4065,
-953,
1767,
-6898,
2038,
1150,
1007,
-733,
-4638,
-4624,
-2763,
-200,
4985,
-8843,
-4096,
-2076,
-3243,
-3235,
4974,
-5604,
-1210,
1701,
-1080,
-7150,
-1892,
2054,
-3161,
-548,
2779,
5745,
-2402,
-3599,
-59,
1386,
2041,
-3789,
-1813,
3837,
-3668,
111,
-431,
310,
4484,
-5685,
-3088,
-3785,
-1639,
882,
2921,
-9340,
-126,
-539,
664,
2783,
-3476,
1887,
231,
-1096,
-2165,
-8826,
697,
-1715,
8057,
-3565,
198,
-359,
-724,
2709,
1764,
-3238,
-633,
-3038,
-6952,
-5643,
-6937,
-7970,
370,
-3537,
122,
3687,
-4990,
1326,
3981,
-946,
-3880,
4396,
-3540,
-5667,
-575,
-4505,
-2589,
2436,
330,
-4383,
2453,
-1752,
-4770,
-7456,
3901,
2547,
-2545,
9667,
2075,
-5252,
1293,
2028,
3034,
60,
-234,
-1803,
-3152,
1363,
-2890,
797,
-652,
-3296,
-2519,
5120,
1511,
1041,
-2682,
-1057,
-2633,
3089,
-5465,
483,
697,
-426,
-3807,
-533,
372,
-3149,
-4311,
5099,
-2274,
-739,
-1178,
539,
1512,
-267,
-2671,
1281,
-2675,
-1813,
2215,
-8959,
-918,
3893,
862,
-18957,
-3835,
-5389,
-4886,
-4910,
-5699,
-6847,
-3248,
-1260,
-6011,
-2866,
-8098,
-12342,
-1306,
-4444,
-4699,
-19670,
-3294,
-4637,
-7407,
-5295,
-5319,
-6090,
-4891,
-1896,
-3509,
415,
-6955,
-10948,
-15716,
-12589,
-934,
-16669,
-4343,
-3130,
-2359,
-7196,
-7302,
-4613,
-6402,
-655,
-3759,
-5789,
-4187,
-4646,
-10833,
-5928,
-4927,
-15582,
-5096,
-5720,
-6668,
-8303,
-2393,
-3088,
-7112,
-2430,
-6748,
-6021,
-3160,
-6506,
-5013,
-8393,
-1112,
-18503,
-2549,
-8738,
-4156,
-5779,
-5305,
-2998,
-5403,
-6420,
-5382,
-5591,
-8464,
-5804,
-3856,
-3475,
-1731,
-13689,
-8246,
-3793,
-7752,
-5905,
-6524,
-3370,
-6761,
-8004,
-3635,
-5430,
-3767,
-1750,
-2207,
-4248,
715,
-18142,
-5318,
-9255,
-5015,
-11404,
-7137,
-4790,
-2477,
-1621,
-3223,
-3463,
-1035,
-5285,
-4764,
-3029,
-3671,
-15241,
-4437,
-5771,
-4536,
196,
-8428,
-5410,
-15450,
-3712,
-1776,
-2319,
-1260,
-2387,
-2424,
-3059,
-2955,
-13225,
-6018,
-7546,
-4525,
-3673,
-2976,
-2737,
-10159,
-8312,
-2608,
-5466,
-1870,
-5391,
-9654,
-3572,
-3018,
-18046,
-631,
-1685,
-2729,
-1880,
-13799,
-2738,
-4825,
-12773,
-4206,
-3544,
-5694,
-1866,
-6533,
-529,
-1772,
-11891,
-2405,
-9314,
-1223,
-6176,
-11405,
-7227,
-4012,
-5661,
-5658,
-8443,
-2537,
-4537,
-2664,
-8164,
-10113,
-13026,
-4712,
-3592,
-589,
-4143,
-1453,
-8655,
-6774,
-13197,
-2757,
-7906,
-6860,
-4072,
-6756,
-7951,
-2707,
-18723,
-1460,
-4130,
-3393,
-5384,
-6422,
-8712,
-4384,
-7103,
-992,
-5134,
-10,
-3350,
-8751,
-6653,
-10227,
-18998,
-10295,
-2797,
-3274,
-6177,
-14094,
1531,
1807,
-7644,
-6471,
-5244,
186,
-1190,
-7884,
-727,
-3590,
-14841,
-12972,
-4823,
-2518,
-8977,
-8636,
-6009,
-4443,
-5287,
-7942,
-4400,
-6056,
-5350,
-4787,
-2550,
-5188,
-12378,
-6299,
-4344,
-3377,
-2504,
-4953,
-2956,
-4955,
-5285,
-9492,
-11329,
-5298,
-5289,
-4344,
-1302,
-6022,
-885,
-10001,
-5454,
-6878,
-8579,
-8096,
-15549,
-8373,
-4041,
-4713,
-10510,
-11002,
-12110,
-8893,
-10246,
-4949,
-691,
-4348,
-4664,
-339,
-8200,
-7278,
-5588,
-875,
-2883,
-2154,
-10081,
-5573,
-3167,
-3167,
-5166,
-6195,
4119,
-4853,
-3075,
-9165,
-4987,
-5505,
-3834,
-11865,
-4080,
-7396,
-3497,
-5492,
-2882,
-5134,
-2777,
-3334,
-629,
-5672,
-1278,
-4528,
-874,
-4180,
-4258,
-7185,
-13412,
-1325,
-8943,
-8264,
-388,
-6233,
-4750,
-6541,
808,
-8683,
-7037,
-10396,
-63,
-839,
-4635,
-6972,
-4002,
-2839,
-6770,
-10596,
-5417,
-8178,
-7423,
-6488,
-1671,
-3825,
-4539,
-12125,
-13237,
-251,
-951,
-3828,
-7872,
-6105,
-6800,
-9384,
-9296,
-6621,
-5962,
-5371,
1235,
-7203,
-650,
-792,
-63,
-7876,
-14402,
-4933,
-4554,
-705,
-2652,
-3817,
-2367,
-6950,
-10187,
-2019,
748,
-1074,
-4617,
-8481,
-8347,
-3806,
-9722,
952,
-8646,
-4961,
-2042,
-3047,
-6833,
-2641,
-7941,
-3365,
-3401,
-2077,
-6895,
-4814,
-4284,
-5171,
-3086,
-837,
-4989,
-6195,
-6464,
-3646,
-2302,
-4503,
-8459,
-5480,
1707,
-6280,
-2508,
-5396,
-5036,
-2198,
-7205,
-5829,
-10012,
-11743,
-5426,
-5215,
-9421,
272,
-4164,
-5944,
-2220,
-8217,
1925,
-4684,
-1718,
-9038,
-1640,
-4494,
-8246,
360,
-11789,
-8048,
-12094,
-12218,
2570,
-4674,
-3840,
-5363,
-4179,
-8458,
-922,
-9413,
-7181,
-3386,
-5614,
-4325,
-7353,
-8375,
-2554,
-1052,
-6292,
-12245,
2027,
-9173,
-5056,
-1601,
-6659,
-5665,
-1642,
784,
-6694,
-2302,
-13837,
-8703,
-9521,
-1401,
-2873,
-12775,
6719,
-3138,
-8343,
-2523,
-4136,
-2633,
-8174,
-4859,
-1184,
-7475,
-7314,
-7332,
-3072,
-3235,
-10132,
-11119,
2318,
-240,
-1106,
-3805,
440,
-10241,
-7499,
-7729,
-2538,
-7354,
-7000,
-4756,
-5380,
-476,
-8494,
-10058,
2664,
-6038,
-173,
-3218,
-3128,
-1178,
-2779,
-1581,
-874,
-3601,
-8798,
-2098,
-11040,
-4369,
-6868,
-322,
